assetId,name,VIN/PIN
216049,D220X300: 122,1VRD370C5E1000122
216050,D24X40II: 4132,1VRZ19037E1004132
216051,HG4000: 181,1VRC312H8E1000181
216052,D36X50II: 3089,1VR4230D9E1003089
216053,D24X40II: 4131,1VRZ19035E1004131
216054,D36X50II: 3088,1VR4230D7E1003088
216055,D24X40II: 4130,1VRZ19033E1004130
216056,D24X40II: 4129,1VRZ19037E1004129
216057,D36X50II: 3087,1VR4230D5E1003087
216058,D36X50II: 3086,1VR4230D3E1003086
216059,D220X300: 121,1VRD370C3E1000121
216060,D24X40II: 4128,1VRZ19035E1004128
216061,D36X50II: 3085,1VR4230D1E1003085
216062,D24X40II: 4127,1VRZ19033E1004127
216063,D24X40II: 4126,1VRZ19031E1004126
216064,D36X50II: 3084,1VR4230DXE1003084
216065,TG9000: 206,1VRY43484E1000206
216066,D24X40II: 4125,1VRZ1903XE1004125
216067,PD10: 1045,1VRB100Z6E1001045
216068,D24X40II: 4124,1VRZ19038E1004124
216069,D24X40II: 4108,1VRZ1903XE1004108
216070,D24X40II: 4123,1VRZ19036E1004123
216071,D36X50II: 3083,1VR4230D8E1003083
216072,D24X40II: 4122,1VRZ19034E1004122
216073,D36X50II: 3082,1VR4230D6E1003082
216074,D24X40II: 4121,1VRZ19032E1004121
216075,D24X40II: 4120,1VRZ19030E1004120
216076,D36X50II: 3081,1VR4230D4E1003081
216077,D24X40II: 4119,1VRZ19034E1004119
216078,D36X50II: 3080,1VR4230D2E1003080
216079,D24X40II: 4118,1VRZ19032E1004118
216080,D36X50II: 3079,1VR4230D6E1003079
216081,D24X40II: 4133,1VRZ19039E1004133
216082,D36X50II: 3090,1VR4230D5E1003090
216083,D24X40II: 4134,1VRZ19030E1004134
216084,D24X40II: 4135,1VRZ19032E1004135
216085,D36X50II: 3091,1VR4230D7E1003091
216086,PD10: 1046,1VRB100Z8E1001046
216087,D24X40II: 4136,1VRZ19034E1004136
216088,D36X50II: 3092,1VR4230D9E1003092
216089,D36X50II: 3093,1VR4230D9F1003093
216090,D220X300: 123,1VRD370C5F1000123
216091,D24X40II: 4140,1VRZ19034F1004140
216092,D36X50II: 3094,1VR4230D0F1003094
216093,D24X40II: 4141,1VRZ19036F1004141
216094,D36X50II: 3095,1VR4230D2F1003095
216095,D36X50II: 3096,1VR4230D4F1003096
216096,D36X50II: 3097,1VR4230D6F1003097
216097,HG4000: 182,1VRC312HXE1000182
216098,D24X40II: 4142,1VRZ19038F1004142
216099,D24X40II: 4143,1VRZ1903XF1004143
216100,D36X50II: 3106,1VR4230D3F1003106
216101,D24X40II: 4157,1VRZ1903XF1004157
216102,D36X50II: 3105,1VR4230D1F1003105
216103,D24X40II: 4156,1VRZ19038F1004156
216104,HG4000: 1001,1VRC312H7E1001001
216105,D24X40II: 4155,1VRZ19036F1004155
216106,D36X50II: 3104,1VR4230DXF1003104
216107,HG4000: 183,1VRC312H1E1000183
216108,D24X40II: 4154,1VRZ19034F1004154
216109,D24X40II: 4153,1VRZ19032F1004153
216110,D24X40II: 4152,1VRZ19030F1004152
216111,D220X300: 125,1VRD370C9F1000125
216112,D24X40II: 4151,1VRZ19039F1004151
216113,D36X50II: 3103,1VR4230D8F1003103
216114,D24X40II: 4150,1VRZ19037F1004150
216115,D24X40II: 4149,1VRZ19030F1004149
216116,D36X50II: 3102,1VR4230D6F1003102
216117,D36X50II: 3101,1VR4230D4F1003101
216118,D24X40II: 4137,1VRZ19036E1004137
216119,D24X40II: 4148,1VRZ19039F1004148
216120,D24X40II: 4146,1VRZ19035F1004146
216121,D24X40II: 4138,1VRZ19036F1004138
216122,D24X40II: 4147,1VRZ19037F1004147
216123,D24X40II: 4144,1VRZ19031F1004144
216124,D36X50II: 3099,1VR4230DXF1003099
216125,D24X40II: 4145,1VRZ19033F1004145
216126,D36X50II: 3100,1VR4230D2F1003100
216127,PD10: 1047,1VRB100Z8F1001047
216128,D24X40II: 4139,1VRZ19038F1004139
216129,D36X50II: 3098,1VR4230D8F1003098
216130,D220X300: 124,1VRD370C7F1000124
216131,D100X140S3: 106,1VRB360W0F1000106
216132,D24X40II: 4117,1VRZ19030E1004117
216133,PD10: 1044,1VRB100Z4E1001044
216134,D36X50II: 3078,1VR4230D4E1003078
216135,D24X40II: 4116,1VRZ19039E1004116
216136,D36X50II: 3077,1VR4230D2E1003077
216137,D220X300: 120,1VRD370C1E1000120
216138,D24X40II: 4115,1VRZ19037E1004115
216139,D100X140S3: 104,1VRB360W9E1000104
216140,D24X40II: 4114,1VRZ19035E1004114
216141,D24X40II: 4113,1VRZ19033E1004113
216142,D36X50II: 3076,1VR4200D2E1003076
216143,D24X40II: 4112,1VRZ19031E1004112
216144,D36X50II: 3075,1VR4200D0E1003075
216145,D36X50II: 3074,1VR4200D9E1003074
216146,D24X40II: 4111,1VRZ1903XE1004111
216147,D36X50II: 3073,1VR4200D7E1003073
216148,D24X40II: 4110,1VRZ19038E1004110
216149,D36X50II: 3072,1VR4200D5E1003072
216150,PD10: 1043,1VRB100Z2E1001043
216151,D24X40II: 4109,1VRZ19031E1004109
216152,D220X300: 119,1VRD370C5E1000119
216153,D24X40II: 4107,1VRZ19038E1004107
216154,D24X40II: 4106,1VRZ19036E1004106
216155,HG4000: 180,1VRC312H6E1000180
216156,D24X40II: 4105,1VRZ19034E1004105
216157,HG4000: 179,1VRC312HXE1000179
216158,D24X40II: 4104,1VRZ19032E1004104
216159,D24X40II: 4103,1VRZ19030E1004103
216160,D24X40II: 4159,1VRZ19033F1004159
216161,D24X40II: 4160,1VRZ1903XF1004160
216162,D24X40II: 4161,1VRZ19031F1004161
216163,D36X50II: 3107,1VR4230D5F1003107
216164,D100X140S3: 105,1VRB360W0E1000105
216165,D24X40II: 4162,1VRZ19033F1004162
216166,D36X50II: 3108,1VR4230D7F1003108
216167,D24X40II: 4163,1VRZ19035F1004163
216168,D24X40II: 4164,1VRZ19037F1004164
216169,D24X40II: 4165,1VRZ19039F1004165
216170,D24X40II: 4166,1VRZ19030F1004166
216171,D36X50DRII: 213,1VRB24008F1000213
216172,D24X40II: 4167,1VRZ19032F1004167
216173,D24X40II: 4168,1VRZ19034F1004168
216174,D36X50II: 3109,1VR4230D9F1003109
216175,D24X40II: 4169,1VRZ19036F1004169
216176,D24X40II: 4170,1VRZ19032F1004170
216177,D36X50II: 3110,1VR4230D5F1003110
216178,D24X40II: 4171,1VRZ19034F1004171
216179,TESTING_606440 - Deactivated,LHP-ASSETID-216179
216180,TESTING_406450 - Deactivated,NOTREALMACHINEVIN
216181,D24X40II: 4172,1VRZ19036F1004172
216182,D220X300: 126,1VRD370C0F1000126
216183,D36X50DRII: 214,1VRB2400XF1000214
216184,D24X40II: 4173,1VRZ19038F1004173
216185,D24X40II: 4174,1VRZ1903XF1004174
216186,D36X50II: 3112,1VR4230D9F1003112
216187,D24X40II: 4175,1VRZ19031F1004175
216188,D24X40II: 4176,1VRZ19033F1004176
216189,D36X50II: 3113,1VR4230D0F1003113
216190,D24X40II: 4177,1VRZ19035F1004177
216191,D24X40II: 4178,1VRZ19037F1004178
216192,D36X50II: 3111,1VR4230D7F1003111
216193,D36X50II: 3114,1VR4230D2F1003114
216194,D24X40II: 4179,1VRZ19039F1004179
216195,D36X50II: 3115,1VR4230D4F1003115
216196,D36X50DRII: 215,1VRB24001F1000215
216197,D24X40II: 4180,1VRZ19035F1004180
216198,D36X50II: 3116,1VR4230D6F1003116
216199,D24X40II: 4181,1VRZ19037F1004181
216200,D36X50II: 3117,1VR4230D8F1003117
216201,D220X300: 127,1VRD370C2F1000127
216202,D24X40II: 4182,1VRZ19039F1004182
216203,D24X40II: 4158,1VRZ19031F1004158
216204,D36X50II: 3118,1VR4230DXF1003118
216205,D24X40II: 4183,1VRZ19030F1004183
216206,D36X50II: 3119,1VR4230D1F1003119
216207,D24X40II: 4184,1VRZ19032F1004184
216208,D23X30III: 101,1VRN20074F1000101
216209,D24X40II: 4185,1VRZ19034F1004185
216210,D24X40II: 4186,1VRZ19036F1004186
216211,D24X40II: 4187,1VRZ19038F1004187
216212,D36X50DRII: 216,1VRB24003F1000216
216213,D36X50II: 3121,1VR4230DXF1003121
216214,D24X40II: 4188,1VRZ1903XF1004188
216215,D220X300: 128,1VRD370C4F1000128
216216,D24X40II: 4189,1VRZ19031F1004189
216217,D24X40II: 4190,1VRZ19038F1004190
216218,D36X50II: 3122,1VR4230D1F1003122
216219,D36X50II: 3120,1VR4230D8F1003120
216220,D36X50DRII: 217,1VRB24005F1000217
216221,D24X40II: 4191,1VRZ1903XF1004191
216222,FT300: 99,1VRC160L7F1000099
216223,D24X40II: 4192,1VRZ19031F1004192
216224,TG9000: 203,1VRY43489E1000203
216225,TG9000: 204,1VRY43480E1000204
216226,D24X40II: 4193,1VRZ19033F1004193
216227,D24X40II: 4194,1VRZ19035F1004194
216228,D36X50II: 3123,1VR4230D3F1003123
216229,D24X40II: 4195,1VRZ19037F1004195
216230,D24X40II: 4196,1VRZ19039F1004196
216231,D24X40II: 4197,1VRZ19030F1004197
216232,D36X50DRII: 218,1VRB24007F1000218
216233,D220X300: 129,1VRD370C6F1000129
216234,D36X50II: 3124,1VR4230D5F1003124
216235,D24X40II: 4198,1VRZ19032F1004198
216236,D24X40II: 4199,1VRZ19034F1004199
216237,D24X40II: 4200,1VRZ19037F1004200
216238,WC2300XL: 2001,1VRC302J3F1002001
216239,D23X30III: 102,1VRN20076F1000102
216240,D24X40II: 4201,1VRZ19039F1004201
216241,D24X40II: 4202,1VRZ19030F1004202
216242,D36X50II: 3125,1VR4230D7F1003125
216243,D24X40II: 4203,1VRZ19032F1004203
216244,D36X50DRII: 219,1VRB24009F1000219
216245,D24X40II: 4204,1VRZ19034F1004204
216246,D24X40II: 4205,1VRZ19036F1004205
216247,D24X40II: 4206,1VRZ19038F1004206
216248,D36X50II: 3126,1VR4230D9F1003126
216249,D24X40II: 4207,1VRZ1903XF1004207
216250,D24X40II: 4208,1VRZ19031F1004208
216251,D24X40II: 4209,1VRZ19033F1004209
216252,D36X50DRII: 220,1VRB24005F1000220
216253,D23X30III: 103,1VRN20078F1000103
216254,D24X40II: 4210,1VRZ1903XF1004210
216255,D36X50II: 3127,1VR4230D0F1003127
216256,D24X40II: 4211,1VRZ19031F1004211
216257,D24X40II: 4212,1VRZ19033F1004212
216258,D24X40II: 4213,1VRZ19035F1004213
216259,D24X40II: 4214,1VRZ19037F1004214
216260,D24X40II: 4215,1VRZ19039F1004215
216261,D24X40II: 4216,1VRZ19030F1004216
216262,HG4000: 184,1VRC312H1F1000184
216263,D36X50II: 3128,1VR4230D2F1003128
216264,D24X40II: 4217,1VRZ19032F1004217
216265,D24X40II: 4218,1VRZ19034F1004218
216266,D24X40II: 4219,1VRZ19036F1004219
216268,D24X40II: 4220,1VRZ19032F1004220
216269,D24X40II: 4221,1VRZ19034F1004221
216270,D24X40II: 4222,1VRZ19036F1004222
216271,D220X300: 130,1VRD370C2F1000130
216272,D36X50II: 3130,1VR4230D0F1003130
216273,D24X40II: 4223,1VRZ19038F1004223
216274,D24X40II: 4224,1VRZ1903XF1004224
216275,D24X40II: 4225,1VRZ19031F1004225
216276,D36X50DRII: 221,1VRB24007F1000221
216277,D24X40II: 4226,1VRZ19033F1004226
216278,D24X40II: 4227,1VRZ19035F1004227
216279,HG4000: 186,1VRC372H1F1000186
216280,TG9000: 207,1VRY43484F1000207
216281,HG4000: 185,1VRC312H3F1000185
216282,D220X300: 131,1VRD370C4F1000131
216283,D24X40II: 4228,1VRZ19037F1004228
216284,D40X55III prototype - Deactivated,1VRY200G6F1000XXX
216285,D24X40II: 4229,1VRZ19039F1004229
216286,D36X50II: 3131,1VR4230D2F1003131
216287,D36X50II: 3132,1VR4230D4F1003132
216288,D24X40II: 4230,1VRZ19035F1004230
216289,WC2300XL: 2002,1VRC302J5F1002002
216290,D24X40II: 4231,1VRZ19037F1004231
216291,D36X50DRII: 222,1VRB24009F1000222
216292,D36X50II: 3133,1VR4230D6F1003133
216293,D24X40II: 4232,1VRZ19039F1004232
216294,D24X40II: 4233,1VRZ19030F1004233
216295,D24X40II: 4234,1VRZ19032F1004234
216296,D24X40 S3 SN100 - Deactivated,1VRX200F2F1000100
216297,D24X40III: 101,1VRX200F4F1000101
216298,D100X140S3: 107,1VRB360W2F1000107
216299,D24X40II: 4235,1VRZ19034F1004235
216300,D36X50II: 3134,1VR4230D8F1003134
216301,D24X40II: 4236,1VRZ19036F1004236
216302,D36X50II: 3135,1VR4230DXF1003135
216303,D24X40III: 102,1VRX200F6F1000102
216304,D24X40II: 4237,1VRZ19038F1004237
216305,WC2300XL: 2003,1VRC302J7F1002003
216306,D24X40II: 4239,1VRZ19031F1004239
216307,D24X40II: 4238,1VRZ1903XF1004238
216308,D24X40II: 4240,1VRZ19038F1004240
216309,TG9000: 208,1VRY43486F1000208
216310,HG4000: 187,1VRC372H3F1000187
216311,D24X40II: 4241,1VRZ1903XF1004241
216312,D36X50II: 3137,1VR4230D3F1003137
216313,WC2300XL: 2004,1VRC302J9F1002004
216314,D24X40II: 4242,1VRZ19031F1004242
216315,D24X40II: 4243,1VRZ19033F1004243
216316,D24X40II: 4244,1VRZ19035F1004244
216317,D24X40II: 4245,1VRZ19037F1004245
216318,D36X50II: 3136,1VR4230D1F1003136
216319,D24X40II: 4246,1VRZ19039F1004246
216320,D24X40II: 4247,1VRZ19030F1004247
216321,D24X40II: 4248,1VRZ19032F1004248
216322,D24X40II: 4249,1VRZ19034F1004249
216323,HG4000: 188,1VRC312H9F1000188
216324,WC2300XL: 2005,1VRC302J0F1002005
216325,D24X40II: 4250,1VRZ19030F1004250
216327,D24X40II: 4251,1VRZ19032F1004251
216328,D36X50DRII: 223,1VRB24000F1000223
216329,D36X50II: 3138,1VR4230D5F1003138
216330,D36X50II: 3139,1VR4230D7F1003139
216331,D24X40II: 4252,1VRZ19034F1004252
216332,D36X50II: 3140,1VR4230D3F1003140
216333,D100X140S3: 108,1VRB360W4F1000108
216334,D24X40II: 4253,1VRZ19036F1004253
216335,D24X40III: 103,1VRX200F8F1000103
216336,WC2300XL: 2006,1VRC302J2F1002006
216337,D24X40II: 4254,1VRZ19038F1004254
216338,D24X40II: 4255,1VRZ1903XF1004255
216339,D24X40II: 4256,1VRZ19031F1004256
216340,D36X50II: 3141,1VR4230D5F1003141
216341,D100X140S3: 109,1VRB360W6F1000109
216342,D24X40II: 4257,1VRZ19033F1004257
216343,HG6000: 1087,1VRY39310F1001087
216344,D24X40II: 4258,1VRZ19035F1004258
216345,D24X40II: 4259,1VRZ19037F1004259
216346,D24X40II: 4260,1VRZ19033F1004260
216347,D36X50II: 3142,1VR4230D7F1003142
216348,HG4000: 189,1VRC312H0F1000189
216349,D24X40II: 4261,1VRZ19035F1004261
216350,D36X50DRII: 224,1VRB24002F1000224
216351,HG4000: 1002,1VRC312H7F1001002
216352,WC2300XL: 2007,1VRC302J4F1002007
216353,D24X40II: 4262,1VRZ19037F1004262
216354,HG4000: 1003,1VRC312H9F1001003
216355,D100X140S3: 110,1VRB360W2F1000110
216356,D36X50II: 3143,1VR4230D9F1003143
216357,D24X40II: 4263,1VRZ19039F1004263
216358,D36X50II: 3144,1VR4230D0F1003144
216359,D36X50DRII: 225,1VRB24004F1000225
216360,D24X40II: 4264,1VRZ19030F1004264
216361,D24X40II: 4265,1VRZ19032F1004265
216362,D36X50II: 3145,1VR4230D2F1003145
216363,D24X40II: 4266,1VRZ19034F1004266
216364,HG4000: 1004,1VRC312H0F1001004
216365,HG4000: 1005,1VRC312H2F1001005
216366,D36X50II: 3146,1VR4230D4F1003146
216367,WC2300XL: 2008,1VRC302J6F1002008
216368,D24X40II: 4267,1VRZ19036F1004267
216369,D24X40II: 4268,1VRZ19038F1004268
216370,D36X50II: 3147,1VR4230D6F1003147
216371,PD10: 1048,1VRB100ZXF1001048
216372,D24X40II: 4269,1VRZ1903XF1004269
216373,D24X40II: 4270,1VRZ19036F1004270
216374,D220X300III: 1001,1VRD370C7F1001001
216375,HG6000: 1088,1VRY39312F1001088
216376,D36X50II: 3148,1VR4230D8F1003148
216377,D24X40II: 4271,1VRZ19038F1004271
216378,D40X55III: 101,1VRY200G8F1000101
216379,D36X50II: 3149,1VR4230DXF1003149
216380,D24X40II: 4272,1VRZ1903XF1004272
216381,D36X50II: 3150,1VR4230D6F1003150
216382,HG4000: 1006,1VRC312H4F1001006
216383,D100X140S3: 111,1VRB360W4F1000111
216384,D24X40II: 4273,1VRZ19031F1004273
216385,D24X40II: 4274,1VRZ19033F1004274
216386,D36X50II: 3151,1VR4230D8F1003151
216387,D24X40II: 4275,1VRZ19035F1004275
216388,D36X50II: 3152,1VR4230DXF1003152
216389,PD10: 1049,1VRB100Z1F1001049
216390,D24X40II: 4276,1VRZ19037F1004276
216391,HG6000: 1089,1VRY39314F1001089
216392,D24X40II: 4277,1VRZ19039F1004277
216393,ACS TEST - STW 1159 - Deactivated,LHP-ASSETID-216393
216394,D36X50II: 3153,1VR4230D1F1003153
216395,D24X40II: 4278,1VRZ19030F1004278
216396,HG4000: 1007,1VRC312H6F1001007
216397,D24X40II: 4279,1VRZ19032F1004279
216398,D60X90: 229,1VRB29023F1000229
216399,D36X50II: 3154,1VR4230D3F1003154
216400,D36X50DRII: 226,1VRB24006F1000226
216401,D24X40II: 4280,1VRZ19039F1004280
216402,HG6000: 1090,1VRY39310F1001090
216403,D36X50II: 3155,1VR4230D5F1003155
216404,D60X90: 230,1VRB2902XF1000230
216405,D24X40II: 4281,1VRZ19030F1004281
216406,PD10: 1050,1VRB100Z8F1001050
216407,D24X40II: 4282,1VRZ19032F1004282
216408,HG6000TX: 1050,1VR2390A7F1001050
216409,D36X50II: 3156,1VR4230D7F1003156
216410,D24X40II: 4283,1VRZ19034F1004283
216411,D24X40II: 4284,1VRZ19036F1004284
216412,HG6000TX: 1051,1VR2390A9F1001051
216413,D100X140S3: 112,1VRB360W6F1000112
216414,D36X50II: 3157,1VR4230D9F1003157
216415,WC2300XL: 2009,1VRC302J8F1002009
216416,D60X90: 231,1VRB29021F1000231
216417,D24X40II: 4285,1VRZ19038F1004285
216418,D24X40II: 4286,1VRZ1903XF1004286
216419,D36X50II: 3158,1VR4230D0F1003158
216420,D24X40II: 4287,1VRZ19031F1004287
216421,D60X90: 232,1VRB29023F1000232
216422,D36X50II: 3159,1VR4230D2F1003159
216423,D24X40II: 4288,1VRZ19033F1004288
216424,HG4000: 1008,1VRC312H8F1001008
216425,D24X40II: 4289,1VRZ19035F1004289
216426,D36X50II: 3160,1VR4230D9F1003160
216427,D36X50DRII: 227,1VRB24008F1000227
216428,D36X50II: 3161,1VR4230D0F1003161
216429,HG4000: 1009,1VRC312HXF1001009
216430,D24X40II: 4290,1VRZ19031F1004290
216431,D24X40II: 4291,1VRZ19033F1004291
216432,D36X50II: 3162,1VR4230D2F1003162
216433,D24X40II: 4292,1VRZ19035F1004292
216434,WC2300XL: 2010,1VRC302J4F1002010
216435,D24X40II: 4293,1VRZ19037F1004293
216436,D36X50DRII: 228,1VRB2400XF1000228
216437,D24X40II: 4294,1VRZ19039F1004294
216438,PD10: 2002,1VRB100Z2F1002002
216439,D24X40II: 4295,1VRZ19030F1004295
216440,D36X50II: 3164,1VR4230D6F1003164
216441,D24X40II: 4296,1VRZ19032F1004296
216442,HG6000TX: 1053,1VR2390A2F1001053
216443,D24X40II: 4297,1VRZ19034F1004297
216444,D24X40II: 4298,1VRZ19036F1004298
216445,D36X50II: 3165,1VR4230D8F1003165
216446,D24X40II: 4299,1VRZ19038F1004299
216447,HG4000: 1010,1VRC312H6F1001010
216448,D36X50II: 3166,1VR4230DXF1003166
216449,D36X50II: 3163,1VR4230D4F1003163
216450,PD10: 1051,1VRB100ZXF1001051
216451,D24X40II: 4300,1VRZ19030F1004300
216452,D24X40II: 4301,1VRZ19032F1004301
216453,T1055III SN552 - Pilot - Deactivated - BAD,1VR2210T7F100552
216454,Pilot STW 1153 - Deactivated,VTESTUNIT02261153
216455,T1155III SN518 - Pilot - Deactivated,1VR22504DUP000518
216456,D36X50II: 3167,1VR4230D1F1003167
216457,D220X300: 132,1VRD370C6F1000132
216458,WC2300XL: 2011,1VRC302J6F1002011
216459,D40X55III: 102,1VRY200GXF1000102
216460,D24X40II: 4302,1VRZ19034F1004302
216461,HG4000: 190,1VRC312H7F1000190
216462,D36X50II: 3168,1VR4230D3F1003168
216463,D24X40II: 4303,1VRZ19036F1004303
216464,D24X40II: 4304,1VRZ19038F1004304
216465,D36X50II: 3169,1VR4230D5F1003169
216466,D24X40II: 4305,1VRZ1903XF1004305
216467,D24X40II: 4306,1VRZ19031F1004306
216468,HG4000: 191,1VRC312H9F1000191
216469,D36X50II: 3170,1VR4230D1F1003170
216470,D24X40II: 4307,1VRZ19033F1004307
216471,D24X40II: 4308,1VRZ19035F1004308
216472,D36X50DRII: 229,1VRB24001F1000229
216473,D100X140S3: 113,1VRB360W8F1000113
216474,D36X50II: 3171,1VR4230D3F1003171
216475,D24X40II: 4309,1VRZ19037F1004309
216476,D36X50II: 3172,1VR4230D5F1003172
216477,PD10: 1052,1VRB100Z1F1001052
216478,D24X40II: 4310,1VRZ19033F1004310
216479,HG4000: 1011,1VRC312H8F1001011
216480,D36X50II: 3173,1VR4230D7F1003173
216481,D36X50DRII: 230,1VRB24008F1000230
216482,D24X40II: 4311,1VRZ19035F1004311
216483,D36X50II: 3174,1VR4230D9F1003174
216484,D24X40II: 4312,1VRZ19037F1004312
216485,HG4000: 1012,1VRC312HXF1001012
216486,D100X140S3: 114,1VRB360WXF1000114
216487,D36X50II: 3175,1VR4230D0F1003175
216488,D36X50II: 3176,1VR4230D2F1003176
216489,HG4000: 1013,1VRC312H1F1001013
216490,PD10: 1053,1VRB100Z3F1001053
216491,D24X40II: 4314,1VRZ19030F1004314
216492,D100X140S3: 115,1VRB360W1F1000115
216493,D36X50II: 3177,1VR4230D4F1003177
216494,D24X40II: 4313,1VRZ19039F1004313
216495,D24X40II: 4315,1VRZ19032F1004315
216496,D24X40II: 4316,1VRZ19034F1004316
216497,D36X50II: 3178,1VR4230D6F1003178
216498,D24X40II: 4317,1VRZ19036F1004317
216499,D36X50II: 3179,1VR4230D8F1003179
216500,D24X40II: 4318,1VRZ19038F1004318
216501,HG4000: 1014,1VRC312H3F1001014
216502,D24X40II: 4319,1VRZ1903XF1004319
216503,TG5000 SN0099 - Deactivated,1VR245300E1000099
216504,D36X50II: 3180,1VR4230D4F1003180
216505,D24X40II: 4320,1VRZ19036F1004320
216506,D24X40II: 4321,1VRZ19038F1004321
216507,D36X50II: 3181,1VR4230D6F1003181
216508,D100X140S3: 116,1VRB360W3F1000116
216509,D24X40II: 4322,1VRZ1903XF1004322
216510,HG4000: 1015,1VRC312H5F1001015
216511,D24X40II: 4323,1VRZ19031F1004323
216512,D36X50II: 3182,1VR4230D8F1003182
216513,D24X40II: 4324,1VRZ19033F1004324
216514,D36X50II: 3183,1VR4230DXF1003183
216515,PD10: 1054,1VRB100Z5F1001054
216516,D24X40II: 4325,1VRZ19035F1004325
216517,D60X90: 233,1VRB26027F1000233
216518,D36X50II: 3184,1VR4230D1F1003184
216519,HG4000 SN192 - Deactivated,1VRC372H0F1000192
216520,D24X40II: 4326,1VRZ19037F1004326
216521,D36X50II: 3185,1VR4230D3F1003185
216522,D24X40II: 4327,1VRZ19039F1004327
216523,D36X50II: 3186,1VR4230D5F1003186
216524,D24X40II: 4328,1VRZ19030F1004328
216525,D36X50II: 3187,1VR4230D7F1003187
216526,HG6000TX: 1054,1VR2390A4F1001054
216527,D24X40II: 4329,1VRZ19032F1004329
216528,D24X40II: 4330,1VRZ19039F1004330
216529,D36X50II: 3188,1VR4230D9F1003188
216530,D24X40II: 4331,1VRZ19030F1004331
216531,D60X90: 234,1VRB26029F1000234
216532,HG6000TX: 1052,1VR2390A0F1001052
216533,D24X40II: 4332,1VRZ19032F1004332
216534,PD10: 1055,1VRB100Z7F1001055
216535,D36X50II: 3189,1VR4230D0F1003189
216536,Test JD 406450 - Deactivated,LHP-ASSETID-216536
216537,D24X40II: 4333,1VRZ19034F1004333
216538,D36X50II: 3190,1VR4230D7F1003190
216539,D24X40II: 4334,1VRZ19036F1004334
216540,HG4000: 193,1VRC312H2F1000193
216541,D24X40II: 4335,1VRZ19038F1004335
216542,D36X50II: 3191,1VR4230D9F1003191
216543,FT300: 1001,1VRC160L2F1001001
216544,D60X90: 235,1VRB29029F1000235
216545,D100X140S3: 117,1VRB360W5F1000117
216546,D24X40II: 4336,1VRZ1903XF1004336
216547,D36X50II: 3192,1VR4230D0F1003192
216548,D24X40II: 4337,1VRZ19031F1004337
216549,D36X50II: 3193,1VR4230D2F1003193
216550,D24X40II: 4338,1VRZ19033F1004338
216551,PD10: 1056,1VRB100Z9F1001056
216552,D24X40II: 4339,1VRZ19035F1004339
216553,HG6000TX: 1055,1VR2390A6F1001055
216554,D36X50II: 3194,1VR4230D4F1003194
216555,D24X40II: 4340,1VRZ19031F1004340
216556,D36X50II: 3195,1VR4230D6F1003195
216557,D24X40II: 4341,1VRZ19033F1004341
216558,D36X50II: 3196,1VR4230D8F1003196
216559,HG4000: 194,1VRC312H4F1000194
216560,D36X50DRII: 231,1VRB2400XF1000231
216561,D36X50II: 3197,1VR4230DXF1003197
216562,D24X40II: 4342,1VRZ19035F1004342
216563,D24X40II: 4343,1VRZ19037F1004343
216564,D24X40II: 4344,1VRZ19039F1004344
216565,HG6000TX: 1056,1VR2390A8F1001056
216566,D36X50II: 3198,1VR4230D1F1003198
216567,WC2300XL: 2013,1VRC302JXF1002013
216568,PD10: 1057,1VRB100Z0F1001057
216569,D24X40II: 4345,1VRZ19030F1004345
216570,D24X40II: 4346,1VRZ19032F1004346
216571,D36X50II: 3199,1VR4230D3F1003199
216572,D24X40II: 4347,1VRZ19034F1004347
216573,D100X140S3: 118,1VRB360W7F1000118
216574,D24X40II: 4348,1VRZ19036F1004348
216575,D36X50II: 3200,1VR4230D6F1003200
216576,HG4000: 195,1VRC372H2F1000195
216577,WC2300XL: 2012,1VRC302J8F1002012
216578,D24X40II: 4349,1VRZ19038F1004349
216579,D36X50II: 3201,1VR4230D8F1003201
216580,D60X90: 236,1VRB29020F1000236
216581,D24X40II: 4350,1VRZ19034F1004350
216582,D36X50II: 3202,1VR4230DXF1003202
216583,PD10: 1058,1VRB100Z2F1001058
216584,D24X40II: 4352,1VRZ19038F1004352
216585,D36X50II: 3203,1VR4230D1F1003203
216586,D24X40II: 4351,1VRZ19036F1004351
216587,D24X40II: 4353,1VRZ1903XF1004353
216588,D100X140S3: 119,1VRB360W9F1000119
216589,HG4000: 196,1VRC372H4F1000196
216590,D36X50II: 3204,1VR4230D3F1003204
216591,D24X40II: 4354,1VRZ19031F1004354
216592,D36X50II: 3205,1VR4230D5F1003205
216593,D60X90: 237,1VRB29022F1000237
216594,D24X40II: 4355,1VRZ19033F1004355
216595,D24X40II: 4356,1VRZ19035F1004356
216596,HG6000: 1091,1VRY39312F1001091
216597,Vermeer PD10 test - desk unit,LHP-ASSETID-216597
216598,PD10: 98,1VRB100Z4C1000098
216599,Vermeer #2,LHP-ASSETID-216599
216600,Vermeer #3,LHP-ASSETID-216600
216601,D24X40II: 2034,1VRZ19031C1002034
216602,Reliance (India) Unit #2,1VR219035D1002121
216603,PD10: 101,1VRB100Z0C1000101
216604,D36X50IIDR SN101 - Deactivated,1VRB2300C1000101
216605,D100X140: 101,1VRB36076C1000101
216606,D36X50DRII: 105,1VRB23008C1000105
216607,Vermeer T755 SN533 - Deactivated,LHP-ASSETID-216607
216608,D60X90 SN099 - Deactivated,LHP-ASSETID-216608
216609,D36X50DRII: 103,1VRB23004C1000103
216610,PD10: 1001,1VRB100ZXD1001001
216611,T1255III: 522,1VR230066A1000522
216612,D24X40II: 2123,1VRZ19039D1002123
216613,D24X40II: 2126,1VRZ19034D1002126
216614,Vermeer T1255 SN144 - Deactivated,1VRU300WDUP200144
216615,D24X40II: 2083,1VRZ19033C1002083
216616,D24X40II: 2105,1VRZ19037D1002105
216617,503539 - LHP Test Box,LHP-ASSETID-216617
216618,Wifi #1 - Deactivated,LHP-ASSETID-216618
216619,FT300: 101,1VRC160L5D1000101
216620,FT300: 100,1VRC160L3D1000100
216621,D24X40II: 2402,1VRZ19032D1002402
216622,D20X22III: 103,1VRJ17012E1000103
216623,D16X20III: 104,1VRJ17014E1000104
216624,FT300: 102,1VRC160L7D1000102
216625,D16X20III: 102,1VRJ17010E1000102
216626,D220X300: 99,1VRD400CXD1000099
216627,PD10: 1002,1VRB100ZXE1001002
216628,D24X40II: 4001,1VRZ19033E1004001
216629,ICUEE PD10 - Deactivated,LHP-ASSETID-216629
216630,D36X50II: 3001,1VR4200D4E1003001
216631,D36X50DRII: 185,1VRB23006E1000185
216632,D60X90: 194,1VRB29021E1000194
216633,891028 - Deactivated,LHP-ASSETID-216633
216634,525413 - Deactivated,LHP-ASSETID-216634
216635,FT300: 103,1VRC160L7E1000103
216636,null - Deactivated,LHP-ASSETID-216636
216637,525203 - Deactivated,LHP-ASSETID-216637
216638,D100X140: 160,1VRB36077E1000160
216639,D20X22III: 101,1VRJ17019E1000101
216641,890723 - Deactivated,LHP-ASSETID-216641
216642,FT300: 104,1VRC160L9E1000104
216643,D16X20III: 105,1VRJ17016E1000105
216644,PD10: 1006,1VRB100Z7E1001006
216645,Delete this Asset - Deactivated,LHP-ASSETID-216645
216646,PD10: 1007,1VRB100Z9E1001007
216647,406199 - Deactivated,LHP-ASSETID-216647
216648,Delete this Asset 2 - Deactivated,LHP-ASSETID-216648
216649,406628 - Deactivated,LHP-ASSETID-216649
216650,406358  - Deactivated,LHP-ASSETID-216650
216651,PD10: 1005,1VRB100Z5E1001005
216652,PD10: 1011,1VRB100Z0E1001011
216653,404476 - Deactivated,LHP-ASSETID-216653
216655,ACS Morey MC3 Test Box,LHP-ASSETID-216655
216656,525246 - Deactivated,LHP-ASSETID-216656
216657,ACS Test #2 - Deactivated,LHP-ASSETID-216657
216658,406628 - Deactivated,LHP-ASSETID-216658
216659,404476 - Deactivated,LHP-ASSETID-216659
216660,PD10: 1008,1VRB100Z0E1001008
216661,PD10: 1013,1VRB100Z4E1001013
216662,PD10 SN1008 - Deactivated,LHP-ASSETID-216662
216663,525413 - ACS TEST,LHP-ASSETID-216663
216664,PD10: 1009,1VRB100Z2E1001009
216665,523779 - Deactivated,LHP-ASSETID-216665
216666,523779 - Deactivated,LHP-ASSETID-216666
216667,PD10: 1010,1VRB100Z9E1001010
216668,525246 - ACS TEST - Deactivated,LHP-ASSETID-216668
216669,PD10: 1012,1VRB100Z2E1001012
216670,D100X140: 161,1VRB36079E1000161
216671,PD10: 1014,1VRB100Z6E1001014
216672,PD10: 1015,1VRB100Z8E1001015
216673,D100X140: 162,1VRB36070E1000162
216674,D100X140: 163,1VRB36072E1000163
216675,PD10: 1016,1VRB100ZXE1001016
216676,D36X50DRII: 203,1VRB24007E1000203
216677,D100X140: 164,1VRB36074E1000164
216678,D100X140: 165,1VRB36076E1000165
216679,PD10: 1017,1VRB100Z1E1001017
216680,PD10: 1018,1VRB100Z3E1001018
216681,D100X140: 166,1VRB36078E1000166
216682,D36X50DRII: 204,1VRB24009E1000204
216683,HG4000 SN099 - Deactivated,LHP-ASSETID-216683
216684,FT300: 107,1VRC160L4E1000107
216685,D100X140: 168,1VRB36071E1000168
216686,D36X50DRII: 205,1VRB24000E1000205
216687,PD10: 1019,1VRB100Z5E1001019
216688,D100X140: 167,1VRB3607XE1000167
216689,PD10: 1020,1VRB100Z1E1001020
216690,D100X140: 169,1VRB36073E1000169
216691,D36X50DRII: 206,1VRB24002E1000206
216692,D220X300: 102,1VRD400C4E1000102
216693,D220X300: 103,1VRD400C6E1000103
216694,D100X140: 171,1VRB36071E1000171
216695,D100X140: 170,1VRB3607XE1000170
216696,D36X50DRII: 207,1VRB24004E1000207
216697,PD10: 1021,1VRB100Z3E1001021
216698,PD10: 1022,1VRB100Z5E1001022
216699,D100X140: 172,1VRB36073E1000172
216700,PD10: 1023,1VRB100Z7E1001023
216701,D100X140: 173,1VRB36075E1000173
216702,D36X50DRII: 208,1VRB24006E1000208
216703,PD10: 1024,1VRB100Z9E1001024
216704,D60X90: 217,1VRB29029E1000217
216705,D100X140: 174,1VRB36077E1000174
216706,D36X50DRII: 209,1VRB24008E1000209
216707,PD10: 1025,1VRB100Z0E1001025
216708,FT300: 108,1VRC160L6E1000108
216709,D100X140: 175,1VRB36079E1000175
216710,D60X90: 218,1VRB29020E1000218
216711,D220X300: 101,1VRD400C2E1000101
216712,D100x140 SN12345 - Deactivated,12345678909876543
216713,D220X300: 104,1VRD400C8E1000104
216714,PD10: 1026,1VRB100Z2E1001026
216715,D36X50DRII: 210,1VRB24004E1000210
216716,D100X140: 176,1VRB36070E1000176
216717,PD10: 1027,1VRB100Z4E1001027
216718,PD10: 1028,1VRB100Z6E1001028
216719,D60X90: 219,1VRB29022E1000219
216720,D36X50DRII: 211,1VRB24006E1000211
216721,D100X140: 177,1VRB36072E1000177
216722,PD10: 1029,1VRB100Z8E1001029
216723,PD10: 1030,1VRB100Z4E1001030
216724,D24X40II: 4002,1VRZ19035E1004002
216725,D100X140: 178,1VRB36074E1000178
216726,D220X300: 105,1VRD400CXE1000105
216727,D60X90: 220,1VRB29029E1000220
216728,PD10: 1031,1VRB100Z6E1001031
216729,D24X40II: 4003,1VRZ19037E1004003
216730,D24X40II: 4004,1VRZ19039E1004004
216731,D100X140: 179,1VRB31072E1000179
216732,D36X50DRII: 212,1VRB24008E1000212
216733,D24X40II: 4006,1VRZ19032E1004006
216734,D100X140: 180,1VRB36072E1000180
216735,D60X90: 221,1VRB29020E1000221
216736,D36X50II: 3002,1VR4230D4E1003002
216737,D24X40II: 4007,1VRZ19034E1004007
216738,D24X40II: 4005,1VRZ19030E1004005
216739,D220X300: 106,1VRD400C1E1000106
216740,PD10: 1032,1VRB100Z8E1001032
216741,D100X140: 181,1VRB36074E1000181
216742,D24X40II: 4009,1VRZ19038E1004009
216743,D36X50II: 3005,1VR4230DXE1003005
216744,D36X50II: 3004,1VR4230D8E1003004
216745,D24X40II: 4010,1VRZ19034E1004010
216746,D36X50II: 3003,1VR4230D6E1003003
216747,D24X40II: 4008,1VRZ19036E1004008
216748,D24X40II: 4011,1VRZ19036E1004011
216749,D100X140: 182,1VRB36076E1000182
216750,D60X90: 222,1VRB29022E1000222
216751,D36X50II: 3006,1VR4230D1E1003006
216752,D24X40II: 4012,1VRZ19038E1004012
216753,D24X40II: 4013,1VRZ1903XE1004013
216754,D36X50II: 3007,1VR4230D3E1003007
216755,D24X40II: 4015,1VRZ19033E1004015
216756,D100X140: 183,1VRB36078E1000183
216757,D36X50II: 3008,1VR4230D5E1003008
216758,D24X40II: 4016,1VRZ19035E1004016
216759,D36X50II: 3009,1VR4230D7E1003009
216760,D24X40II: 4018,1VRZ19039E1004018
216761,D36X50II: 3010,1VR4230D3E1003010
216762,FT300: 106,1VRC160L2E1000106
216763,FT300: 105,1VRC160L0E1000105
216764,D60X90: 223,1VRB29024E1000223
216765,D100X140: 184,1VRB3607XE1000184
216766,D220X300: 107,1VRD370C9E1000107
216767,D24X40II: 4019,1VRZ19030E1004019
216768,D220X300: 108,1VRD370C0E1000108
216769,D24X40II: 4020,1VRZ19037E1004020
216770,PD10: 1033,1VRB100ZXE1001033
216771,D24X40II: 4017,1VRZ19037E1004017
216772,D24X40II: 4014,1VRZ19031E1004014
216773,D36X50II: 3011,1VR4230D5E1003011
216774,D24X40II: 4021,1VRZ19039E1004021
216775,D24X40II: 4022,1VRZ19030E1004022
216776,D36X50II: 3012,1VR4230D7E1003012
216777,D100X140: 185,1VRB36071E1000185
216778,D24X40II: 4023,1VRZ19032E1004023
216779,D24X40II: 4024,1VRZ19034E1004024
216780,D24X40II: 4025,1VRZ19036E1004025
216781,D24X40II: 4026,1VRZ19038E1004026
216782,D60X90: 224,1VRB29026E1000224
216783,D36X50II: 3015,1VR4230D2E1003015
216784,PD10: 1034,1VRB100Z1E1001034
216785,D24X40II: 4028,1VRZ19031E1004028
216786,D36X50II: 3016,1VR4230D4E1003016
216787,D24X40II: 4027,1VRZ1903XE1004027
216788,D24X40II: 4029,1VRZ19033E1004029
216789,D24X40II: 4030,1VRZ1903XE1004030
216790,D100X140: 186,1VRB36073E1000186
216791,D24X40II: 4031,1VRZ19031E1004031
216793,PD10: 2001,1VRB100Z2E1002001
216794,D36X50II: 3017,1VR4230D6E1003017
216795,FT300: 109,1VRC160L8E1000109
216796,D24X40II: 4033,1VRZ19035E1004033
216797,D24X40II: 4034,1VRZ19037E1004034
216798,D36X50II: 3018,1VR4230D8E1003018
216799,D24X40II: 4035,1VRZ19039E1004035
216800,TCU 605867 Test - Deactivated,LHP-ASSETID-216800
216801,D220X300: 109,1VRD370C2E1000109
216802,D24X40II: 4036,1VRZ19030E1004036
216803,D60X90: 225,1VRB29028E1000225
216804,D220X300: 110,1VRD370C9E1000110
216805,D36X50II: 3019,1VR4230DXE1003019
216806,FT300: 110,1VRC160L4E1000110
216807,D100X140: 187,1VRB36075E1000187
216808,D36X50II: 3020,1VR4230D6E1003020
216809,D24X40II: 4037,1VRZ19032E1004037
216810,D24X40II: 4038,1VRZ19034E1004038
216811,D24X40II: 4039,1VRZ19036E1004039
216812,D36X50II: 3021,1VR4230D8E1003021
216813,D24X40II: 4040,1VRZ19032E1004040
216814,D24X40II: 4041,1VRZ19034E1004041
216815,D36X50II: 3013,1VR4230D9E1003013
216816,ACS - STW 14.175226.1156 - Deactivated,LHP-ASSETID-216816
216817,D36X50II: 3022,1VR4230DXE1003022
216818,PILOT WC2300XL SN099,1VR730248A1000099
216819,D36X50II: 3023,1VR4230D1E1003023
216820,D24X40II: 4042,1VRZ19036E1004042
216821,D24X40II: 4043,1VRZ19038E1004043
216822,D24X40II: 4044,1VRZ1903XE1004044
216823,D220X300: 111,1VRD370C0E1000111
216824,D60X90: 226,1VRB2902XE1000226
216825,D36X50II: 3014,1VR4230D0E1003014
216826,D24X40II: 4045,1VRZ19031E1004045
216827,HG4000: 172,1VRC312H7E1000172
216828,PD10: 1036,1VRB100Z5E1001036
216829,D36X50II: 3024,1VR4230D3E1003024
216830,D36X50II: 3025,1VR4230D5E1003025
216831,D24X40II: 4046,1VRZ19033E1004046
216832,HG4000: 173,1VRC312H9E1000173
216833,D24X40II: 4047,1VRZ19035E1004047
216834,D36X50II: 3026,1VR4230D7E1003026
216835,D24X40II: 4048,1VRZ19037E1004048
216836,D36X50II: 3027,1VR4230D9E1003027
216837,D24X40II: 4049,1VRZ19039E1004049
216838,D36X50II: 3028,1VR4230D0E1003028
216839,HG4000: 174,1VRC312H0E1000174
216840,D24X40II: 4050,1VRZ19035E1004050
216841,D60X90: 227,1VRB29021E1000227
216842,D24X40II: 4051,1VRZ19037E1004051
216843,PD10: 1037,1VRB100Z7E1001037
216844,D24X40II: 4052,1VRZ19039E1004052
216845,D24X40II: 4053,1VRZ19030E1004053
216846,D24X40II: 4054,1VRZ19032E1004054
216847,D220X300: 112,1VRD370C2E1000112
216848,D36X50II: 3029,1VR4230D2E1003029
216849,SE STW 2261150 - Deactivated,LHP-ASSETID-216849
216850,D36X50II: 3031,1VR4230D0E1003031
216851,D36X50II: 3030,1VR4230D9E1003030
216852,D24X40II: 4055,1VRZ19034E1004055
216853,D36X50II: 3032,1VR4230D2E1003032
216854,D24X40II: 4056,1VRZ19036E1004056
216855,D36X50II: 3033,1VR4230D4E1003033
216856,HG4000: 175,1VRC312H2E1000175
216857,D24X40II: 4057,1VRZ19038E1004057
216858,SE STW 2471002 - Deactivated,LHP-ASSETID-216858
216859,D36X50II: 3034,1VR4230D6E1003034
216860,D24X40II: 4058,1VRZ1903XE1004058
216861,D36X50II: 3035,1VR4230D8E1003035
216862,PD10: 1038,1VRB100Z9E1001038
216863,D24X40II: 4059,1VRZ19031E1004059
216864,D24X40II: 4060,1VRZ19038E1004060
216865,D220X300: 113,1VRD370C4E1000113
216866,D36X50II: 3036,1VR4230DXE1003036
216867,D24X40II: 4061,1VRZ1903XE1004061
216868,D24X40II: 4062,1VRZ19031E1004062
216869,Vermeer Truck - OBD - Deactivated,LHP-ASSETID-216869
216870,D36X50II: 3037,1VR4230D1E1003037
216871,D24X40II: 4063,1VRZ19033E1004063
216872,D24X40II: 4064,1VRZ19035E1004064
216873,PD10: 1039,1VRB100Z0E1001039
216874,D36X50II: 3038,1VR4230D3E1003038
216875,D100X140: 188,1VRB36077E1000188
216876,D24X40II: 4065,1VRZ19037E1004065
216877,D36X50II: 3039,1VR4230D5E1003039
216878,D24X40II: 4066,1VRZ19039E1004066
216879,D220X300: 114,1VRD370C6E1000114
216880,D36X50II: 3040,1VR4230D1E1003040
216881,D24X40II: 4067,1VRZ19030E1004067
216882,D24X40II: 4068,1VRZ19032E1004068
216883,D24X40II: 4069,1VRZ19034E1004069
216884,D36X50DRII: 200,1VRB24001E1000200
216885,D36X50DRII: 194,1VRB23007E1000194
216886,D60X90: 228,1VRB29023E1000228
216887,D36X50II: 3042,1VR4230D5E1003042
216888,D36X50II: 3041,1VR4230D3E1003041
216889,D24X40II: 4070,1VRZ19030E1004070
216890,D220X300: 115,1VRD370C8E1000115
216891,D24X40II: 4071,1VRZ19032E1004071
216892,D100X140S3: 101,1VRB360W3E1000101
216893,D36X50II: 3043,1VR4230D7E1003043
216894,D24X40II: 4072,1VRZ19034E1004072
216895,D36X50II: 3044,1VR4230D9E1003044
216896,PD10: 1040,1VRB100Z7E1001040
216897,D36X50II: 3045,1VR4230D0E1003045
216898,HG4000: 176,1VRC372H0E1000176
216899,D24X40II: 4074,1VRZ19038E1004074
216900,D36X50II: 3046,1VR4230D2E1003046
216901,FT300: 111,1VRC160L6E1000111
216902,D24X40II: 4075,1VRZ1903XE1004075
216903,D36X50II: 3047,1VR4230D4E1003047
216904,D24X40II: 4076,1VRZ19031E1004076
216905,D220X300: 116,1VRD370CXE1000116
216906,D24X40II: 4078,1VRZ19035E1004078
216907,D36X50II: 3048,1VR4230D6E1003048
216908,D24X40II: 4079,1VRZ19037E1004079
216909,D36X50II: 3049,1VR4230D8E1003049
216910,D100X140: 189,1VRB36079E1000189
216911,D24X40II: 4080,1VRZ19033E1004080
216912,D24X40II: 4091,1VRZ19038E1004091
216913,D36X50II: 3051,1VR4230D6E1003051
216914,D24X40II: 4081,1VRZ19035E1004081
216915,D36X50II: 3052,1VR4230D8E1003052
216916,D36X50II: 3053,1VR4230DXE1003053
216917,D24X40II: 4082,1VRZ19037E1004082
216918,D36X50II: 3054,1VR4230D1E1003054
216919,D36X50II: 3055,1VR4230D3E1003055
216920,D220X300: 117,1VRD370C1E1000117
216921,HG4000: 177,1VRC312H6E1000177
216922,D100X140: 190,1VRB36075E1000190
216923,D24X40II: 4083,1VRZ19039E1004083
216924,D24X40II: 4084,1VRZ19030E1004084
216925,D36X50II: 3056,1VR4230D5E1003056
216926,HG4000: 178,1VRC312H8E1000178
216927,D24X40II: 4085,1VRZ19032E1004085
216928,D24X40II: 4086,1VRZ19034E1004086
216929,PD10: 1041,1VRB100Z9E1001041
216930,D36X50II: 3057,1VR4230D7E1003057
216931,D24X40II: 4087,1VRZ19036E1004087
216932,D24X40II: 4088,1VRZ19038E1004088
216933,D36X50II: 3058,1VR4230D9E1003058
216934,D24X40II: 4089,1VRZ1903XE1004089
216935,D24X40II: 4090,1VRZ19036E1004090
216936,D60X90: 214,1VRB29023E1000214
216937,D36X50II: 3059,1VR4230D0E1003059
216938,D36X50II: 3060,1VR4200D9E1003060
216939,D24X40II: 4077,1VRZ19033E1004077
216940,D220X300: 118,1VRD370C3E1000118
216941,D36X50II: 3061,1VR4230D9E1003061
216942,D36X50II: 3062,1VR4230D0E1003062
216943,D100X140S3: 102,1VRB360W5E1000102
216944,D24X40II: 4092,1VRZ1903XE1004092
216945,422267 LHPT - Deactivated,LHP-ASSETID-216945
216946,D36X50II: 3050,1VR4230D4E1003050
216947,D36X50II: 3063,1VR4230D2E1003063
216948,D24X40II: 4094,1VRZ19033E1004094
216949,D36X50II: 3064,1VR4230D4E1003064
216950,D24X40II: 4095,1VRZ19035E1004095
216951,D24X40II: 4096,1VRZ19037E1004096
216952,D36X50II: 3065,1VR4230D6E1003065
216953,D24X40II: 4097,1VRZ19039E1004097
216954,PD10: 1042,1VRB100Z0E1001042
216955,D24X40II: 4098,1VRZ19030E1004098
216956,D24X40II: 4360,1VRZ19037F1004360
216957,D36X50II: 3208,1VR4230D0F1003208
216958,D24X40II: 4361,1VRZ19039F1004361
216959,D100X140S3: 120,1VRB360W5F1000120
216960,D24X40II: 4362,1VRZ19030F1004362
216961,D36X50II: 3209,1VR4230D2F1003209
216962,D24X40III: 104,1VRX200FXF1000104
216963,D24X40II: 4363,1VRZ19032F1004363
216964,D24X40II: 4364,1VRZ19034F1004364
216965,WC2300XL: 2014,1VRC302J1F1002014
216966,D36X50II: 3210,1VR4230D9F1003210
216967,HG4000: 197,1VRC372H6F1000197
216968,D24X40II: 4365,1VRZ19036F1004365
216969,D24X40II: 4366,1VRZ19038F1004366
216970,D24X40II: 4367,1VRZ1903XF1004367
216971,D36X50II: 3211,1VR4230D0F1003211
216972,HG6000TX: 1057,1VR2390AXF1001057
216973,D24X40II: 4368,1VRZ19031F1004368
216974,D24X40II: 4369,1VRZ19033F1004369
216975,PD10: 1060,1VRB100Z0F1001060
216976,D36X50II: 3212,1VR4230D2F1003212
216977,D36X50DRII: 232,1VRB24001F1000232
216978,D24X40II: 4370,1VRZ1903XF1004370
216979,D24X40II: 4371,1VRZ19031F1004371
216980,D60X90S3: 101,1VRJ29034F1000101
216981,D36X50II: 3213,1VR4230D4F1003213
216982,D24X40II: 4372,1VRZ19033F1004372
216983,HG4000: 198,1VRC372H8F1000198
216984,D36X50II: 3214,1VR4230D6F1003214
216985,D24X40II: 4373,1VRZ19035F1004373
216986,D24X40II: 4374,1VRZ19037F1004374
216987,D100X140S3: 121,1VRB360W7F1000121
216988,D36X50II: 3215,1VR4230D8F1003215
216989,D24X40II: 4375,1VRZ19039F1004375
216990,D36X50DRII: 233,1VRB24003F1000233
216991,D24X40II: 4376,1VRZ19030F1004376
216992,PD10: 1061,1VRB100Z2F1001061
216993,D24X40II: 4377,1VRZ19032F1004377
216994,HG6000: 1092,1VRY39314F1001092
216995,D36X50II: 3217,1VR4230D1F1003217
216996,D24X40II: 4378,1VRZ19034F1004378
216997,D100X140S3: 122,1VRB360W9F1000122
216998,D36X50II: 3218,1VR4230D3F1003218
216999,D24X40II: 4379,1VRZ19036F1004379
217000,D36X50II: 3219,1VR4200D7F1003219
217001,D24X40II: 4380,1VRZ19032F1004380
217002,HG6000: 1093,1VRY39316F1001093
217003,D36X50II: 3220,1VR4200D3F1003220
217004,D24X40II: 4381,1VRZ19034F1004381
217005,WC2300XL: 2015,1VRC302J3F1002015
217006,D24X40II: 4382,1VRZ19036F1004382
217007,D100X140S3: 123,1VRB360W0F1000123
217008,D36X50DRII: 234,1VRB24005F1000234
217009,D36X50II: 3221,1VR4230D3F1003221
217010,D36X50II: 3222,1VR4230D5F1003222
217011,D24X40II: 4383,1VRZ19038F1004383
217012,D36X50II: 3216,1VR4230DXF1003216
217013,Jason's Test - Deactivated,LHP-ASSETID-217013
217014,D40X55III: 103,1VRY200G1F1000103
217015,D24X40II: 4384,1VRZ1903XF1004384
217016,D36X50II: 3223,1VR4230D7F1003223
217017,D24X40II: 4385,1VRZ19031F1004385
217018,D36X50II: 3224,1VR4230D9F1003224
217019,D36X50II: 3225,1VR4230D0F1003225
217020,D24X40II: 4386,1VRZ19033F1004386
217021,HG6000: 1094,1VRY39318F1001094
217022,D24X40II: 4387,1VRZ19035F1004387
217023,D36X50II: 3226,1VR4230D2F1003226
217024,PD10: 2003,1VRB100Z4F1002003
217025,D36X50II: 3227,1VR4230D4F1003227
217026,D24X40II: 4388,1VRZ19037F1004388
217027,D36X50II: 3228,1VR4230D6F1003228
217028,D24X40II: 4390,1VRZ19035F1004390
217029,D36X50II: 3229,1VR4230D8F1003229
217030,D100X140S3: 124,1VRB360W2F1000124
217031,D24X40II: 4389,1VRZ19039F1004389
217032,HG4000: 199,1VRC372HXF1000199
217033,D36X50II: 3230,1VR4230D4F1003230
217034,D24X40II: 4391,1VRZ19037F1004391
217035,D36X50II: 3231,1VR4230D6F1003231
217036,PD10: 2004,1VRB100Z6F1002004
217037,D24X40II: 4392,1VRZ19039F1004392
217038,HG6000: 1095,1VRY3931XF1001095
217039,D24X40II: 4394,1VRZ19032F1004394
217040,PD10: 2005,1VRB100Z8F1002005
217041,D24X40II: 4395,1VRZ19034F1004395
217042,D24X40II: 4393,1VRZ19030F1004393
217043,D40X55III: 104,1VRY200G3F1000104
217044,D36X50II: 3232,1VR4200DXF1003232
217045,D24X40II: 4396,1VRZ19036F1004396
217046,D36X50II: 3233,1VR4200D1F1003233
217047,D24X40II: 4397,1VRZ19038F1004397
217048,D36X50II: 3234,1VR4200D3F1003234
217049,D24X40II: 4398,1VRZ1903XF1004398
217050,D24X40II: 4399,1VRZ19031F1004399
217051,D24X40II: 4400,1VRZ19034F1004400
217052,D24X40II: 4401,1VRZ19036F1004401
217053,D100X140S3: 125,1VRB360W4F1000125
217054,D36X50II: 3235,1VR4230D3F1003235
217055,D24X40II: 4402,1VRZ19038F1004402
217056,D36X50II: 3236,1VR4200D7F1003236
217057,HG6000TX: 1058,1VR2390A1F1001058
217058,D24X40II: 4403,1VRZ1903XF1004403
217059,HG4000: 1016,1VRC312H7F1001016
217060,D36X50II: 3237,1VR4230D7F1003237
217061,D36X50II: 3238,1VR4230D9F1003238
217062,D24X40II: 4404,1VRZ19031F1004404
217063,D24X40II: 4405,1VRZ19033F1004405
217064,PD10: 2006,1VRB100ZXF1002006
217065,PD10: 2007,1VRB100Z1F1002007
217066,D36X50II: 3239,1VR4230D0F1003239
217067,D24X40II: 4406,1VRZ19035F1004406
217068,D24X40II: 4073,1VRZ19036E1004073
217069,D36X50II: 3066,1VR4230D8E1003066
217070,D36X50II: 3067,1VR4230DXE1003067
217071,D36X50II: 3068,1VR4230D1E1003068
217072,D24X40II: 4099,1VRZ19032E1004099
217073,D24X40II: 4100,1VRZ19035E1004100
217074,D24X40II: 4093,1VRZ19031E1004093
217075,D36X50II: 3069,1VR4230D3E1003069
217076,D36X50II: 3070,1VR4230DXE1003070
217077,D24X40II: 4101,1VRZ19037E1004101
217078,D100X140S3: 103,1VRB360W7E1000103
217079,D24X40II: 4102,1VRZ19039E1004102
217080,D36X50II: 3071,1VR4230D1E1003071
217081,D24X40II: 4357,1VRZ19037F1004357
217082,D36X50II: 3206,1VR4230D7F1003206
217083,D24X40II: 4358,1VRZ19039F1004358
217084,D36X50II: 3207,1VR4230D9F1003207
217085,D24X40II: 4359,1VRZ19030F1004359
217086,PD10: 1059,1VRB100Z4F1001059
217087,D24X40II: 4407,1VRZ19037F1004407
217088,D24X40II: 4408,1VRZ19039F1004408
217089,D36X50II: 3241,1VR4230D9F1003241
217090,HG6000TX: 1059,1VR2390A3F1001059
217091,PD10: 2008,1VRB100Z3F1002008
217092,D24X40II: 4409,1VRZ19030F1004409
217093,D36X50II: 3240,1VR4230D7F1003240
217094,D36X50II: 3242,1VR4230D0F1003242
217095,D24X40II: 4410,1VRZ19037F1004410
217096,D100X140S3: 126,1VRB360W6F1000126
217097,D24X40II: 4411,1VRZ19039F1004411
217098,D24X40II: 4412,1VRZ19030F1004412
217099,D24X40II: 4413,1VRZ19032F1004413
217100,PD10: 2009,1VRB100Z5F1002009
217101,HG6000TX: 1060,1VR2390AXF1001060
217102,PD10: 2010,1VRB100Z1F1002010
217103,D24X40II: 4414,1VRZ19034F1004414
217104,D36X50II: 3243,1VR4230D2F1003243
217105,D24X40II: 4415,1VRZ19036F1004415
217106,D24X40II: 4416,1VRZ19038F1004416
217107,D24X40II: 4417,1VRZ1903XF1004417
217108,D36X50II: 3244,1VR4230D4F1003244
217109,D24X40II: 4418,1VRZ19031F1004418
217110,HG6000: 1096,1VRY39311F1001096
217111,D24X40II: 4419,1VRZ19033F1004419
217112,PD10: 2011,1VRB100Z3F1002011
217113,D24X40II: 4420,1VRZ1903XF1004420
217114,D36X50II: 3245,1VR4230D6F1003245
217115,D24X40II: 4421,1VRZ19031F1004421
217116,PD10: 2012,1VRB100Z5F1002012
217117,PD10: 2013,1VRB100Z7F1002013
217118,D24X40II: 4422,1VRZ19033F1004422
217119,D36X50II: 3246,1VR4230D8F1003246
217120,D24X40II: 4423,1VRZ19035F1004423
217121,HG6000TX: 1061,1VR2390A1F1001061
217122,D36X50II: 3247,1VR4230DXF1003247
217123,D24X40II: 4424,1VRZ19037F1004424
217124,D36X50II: 3248,1VR4230D1F1003248
217125,D60X90: 238,1VRB29024F1000238
217126,D24X40II: 4428,1VRZ19034F1004428
217127,D36X50II: 3249,1VR4230D3F1003249
217128,D36X50II: 3250,1VR4230DXF1003250
217129,HG6000TX: 1062,1VR2390A3F1001062
217130,PD10: 2014,1VRB100Z9F1002014
217131,D24X40II: 4431,1VRZ19034F1004431
217132,TEST STW 1153 - Deactivated,LHP-ASSETID-217132
217133,D36X50II: 3251,1VR4230D1F1003251
217134,PD10: 2015,1VRB100Z0F1002015
217135,D24X40II: 4426,1VRZ19030F1004426
217136,D24X40II: 4425,1VRZ19039F1004425
217137,PD10: 2016,1VRB100Z2F1002016
217138,D24X40II: 4427,1VRZ19032F1004427
217139,D24X40II: 4432,1VRZ19036F1004432
217140,PD10: 2018,1VRB100Z6F1002018
217141,PD10: 2017,1VRB100Z4F1002017
217142,D36X50II: 3252,1VR4230D3F1003252
217143,D24X40II: 4433,1VRZ19038F1004433
217144,HG6000TX: 1063,1VR2390A5F1001063
217145,D36X50II: 3253,1VR4230D5F1003253
217146,D24X40II: 4434,1VRZ1903XF1004434
217147,D36X50II: 3254,1VR4230D7F1003254
217148,D36X50II: 3255,1VR4230D9F1003255
217149,PD10: 2019,1VRB100Z8F1002019
217150,D24X40II: 4436,1VRZ19033F1004436
217151,D36X50II: 3256,1VR4230D0F1003256
217152,D24X40II: 4438,1VRZ19037F1004438
217153,D24X40II: 4429,1VRZ19036F1004429
217154,PD10: 2021,1VRB100Z6F1002021
217155,D24X40II: 4440,1VRZ19035F1004440
217156,D24X40II: 4430,1VRZ19032F1004430
217157,FT300: 1002,1VRC160L4F1001002
217158,D24X40II: 4442,1VRZ19039F1004442
217159,D24X40II: 4435,1VRZ19031F1004435
217160,D24X40II: 4437,1VRZ19035F1004437
217161,PD10: 2020,1VRB100Z4F1002020
217162,D24X40II: 4443,1VRZ19030F1004443
217163,PD10: 2023,1VRB100ZXF1002023
217164,D24X40II: 4439,1VRZ19039F1004439
217165,D24X40II: 4441,1VRZ19037F1004441
217166,HG6000TX: 1064,1VR2390A7F1001064
217167,D220X300: 133,1VRD370C8F1000133
217168,D100X140S3: 127,1VRB360W8F1000127
217169,PD10: 2022,1VRB100Z8F1002022
217170,WC2300XL: 2016,1VRC302J5F1002016
217171,D24X40II: 4444,1VRZ19032F1004444
217172,D24X40II: 4445,1VRZ19034F1004445
217173,D24X40II: 4446,1VRZ19036F1004446
217174,D24X40II: 4447,1VRZ19038F1004447
217175,D24X40II: 4448,1VRZ1903XF1004448
217176,D24X40II: 4449,1VRZ19031F1004449
217177,TEST-B STW 1156 - Deactivated,LHP-ASSETID-217177
217178,PD10: 2025,1VRB100Z3F1002025
217179,D24X40II: 4450,1VRZ19038F1004450
217180,TEST-C STW 1156 - Deactivated,LHP-ASSETID-217180
217181,D24X40II: 4451,1VRZ1903XF1004451
217182,HG4000: 200,1VRC372H2F1000200
217183,PD10: 2026,1VRB100Z5F1002026
217184,TEST T855 SN518 - Deactivated,LHP-ASSETID-217184
217185,PD10: 2027,1VRB100Z7F1002027
217186,D24X40II: 4452,1VRZ19031F1004452
217187,D24X40II: 4453,1VRZ19033F1004453
217188,D24X40II: 4454,1VRZ19035F1004454
217189,D24X40II: 4455,1VRZ19037F1004455
217190,D24X40II: 4456,1VRZ19039F1004456
217191,D24X40II: 4457,1VRZ19030F1004457
217192,PD10: 2024,1VRB100Z1F1002024
217193,PD10: 2028,1VRB100Z9F1002028
217194,D24X40II: 4458,1VRZ19032F1004458
217195,HG4000: 201,1VRC312H8F1000201
217196,D24X40II: 4459,1VRZ19034F1004459
217197,D24X40II: 4460,1VRZ19030F1004460
217198,PD10: 2029,1VRB100Z0F1002029
217199,TEST-D STW 1156 - Deactivated,LHP-ASSETID-217199
217200,D24X40II: 4461,1VRZ19032F1004461
217201,PD10: 2030,1VRB100Z7F1002030
217202,HG4000: 202,1VRC312HXF1000202
217203,D24X40III: 116,1VRX200F4G1000116
217204,PD10: 2061,1VRB100Z5G1002061
217205,D24X40III: 117,1VRX200F6G1000117
217206,FT300: 1004,1VRC160L6G1001004
217207,D24X40III: 118,1VRX200F8G1000118
217208,PD10: 2062,1VRB100Z7G1002062
217209,D24X40III: 119,1VRX200FXG1000119
217210,D24X40III: 120,1VRX200F6G1000120
217211,D24X40III: 121,1VRX200F8G1000121
217212,PD10: 2063,1VRB100Z9G1002063
217213,PD10: 2064,1VRB100Z0G1002064
217214,D24X40III: 122,1VRX200FXG1000122
217215,PD10: 2065,1VRB100Z2G1002065
217216,D24X40III: 123,1VRX200F1G1000123
217217,FT300: 1005,1VRC160L8G1001005
217218,D24X40III: 124,1VRX200F3G1000124
217219,D60X90: 239,1VRB29024G1000239
217220,PD10: 2066,1VRB100Z4G1002066
217221,D24X40III: 125,1VRX200F5G1000125
217222,PD10: 2067,1VRB100Z6G1002067
217223,D40X55III: 109,1VRY240G1G1000109
217224,PD10: 2068,1VRB100Z8G1002068
217225,PD10: 2069,1VRB100ZXG1002069
217226,D24X40III: 126,1VRX200F7G1000126
217227,D10X15III: 96,1VRA130V2F1000096
217228,D40X55III: 110,1VRY200G7G1000110
217229,D24X40III: 127,1VRX200F9G1000127
217230,PD10: 2070,1VRB100Z6G1002070
217231,D24X40III: 128,1VRX200F0G1000128
217232,D24X40III: 129,1VRX200F2G1000129
217233,PD10: 2071,1VRB100Z8G1002071
217234,PD10: 2072,1VRB100ZXG1002072
217235,HG4000: 204,1VRC312H1G1000204
217236,D24X40III: 130,1VRX200F9G1000130
217237,PD10: 2073,1VRB100Z1G1002073
217238,D24X40III: 131,1VRX200F0G1000131
217239,D24X40III: 132,1VRX200F2G1000132
217240,PD10: 2074,1VRB100Z3G1002074
217241,D24X40III: 133,1VRX200F4G1000133
217242,WC2300XL: 2020,1VRC302J5G1002020
217243,D24X40III: 134,1VRX200F6G1000134
217244,HG6000TX SN1056 - Deactivated,1VR2390A8F100105
217245,D24X40III: 135,1VRX200F8G1000135
217246,PD10: 2075,1VRB100Z5G1002075
217247,D40X55III: 111,1VRY240GXG1000111
217248,D24X40III: 136,1VRX200FXG1000136
217249,PD10: 2076,1VRB100Z7G1002076
217250,D24X40III: 137,1VRX200F1G1000137
217251,PD10: 2077,1VRB100Z9G1002077
217252,HG4000: 1018,1VRC312H9G1001018
217253,D40X55III: 112,1VRY240G1G1000112
217254,D24X40III: 138,1VRX200F3G1000138
217255,FT300: 1006,1VRC160LXG1001006
217256,D24X40III: 139,1VRX200F5G1000139
217257,PD10: 2078,1VRB100Z0G1002078
217258,D60X90: 240,1VRB29020G1000240
217259,D24X40III: 140,1VRX200F1G1000140
217260,D24X40III: 141,1VRX200F3G1000141
217261,PD10: 2079,1VRB100Z2G1002079
217262,D40X55III: 113,1VRY240G3G1000113
217263,D24X40III: 142,1VRX200F5G1000142
217264,PD10: 2080,1VRB100Z9G1002080
217265,D24X40III: 143,1VRX200F7G1000143
217266,D24X40III: 144,1VRX200F9G1000144
217267,PD10: 2081,1VRB100Z0G1002081
217268,D60X90: 241,1VRB29022G1000241
217269,PD10: 2082,1VRB100Z2G1002082
217270,D24X40III: 145,1VRX200F0G1000145
217271,FT300: 1007,1VRC160L1G1001007
217272,PD10: 2083,1VRB100Z4G1002083
217273,D24X40III: 146,1VRX200F2G1000146
217274,D24X40III: 147,1VRX200F4G1000147
217275,PD10: 2084,1VRB100Z6G1002084
217276,D40X55III: 114,1VRY240G5G1000114
217277,D24X40III: 148,1VRX200F6G1000148
217278,PD10: 2085,1VRB100Z8G1002085
217279,D24X40III: 149,1VRX200F8G1000149
217280,D60X90: 242,1VRB29024G1000242
217281,D24X40III: 150,1VRX200F4G1000150
217282,PD10: 2086,1VRB100ZXG1002086
217283,FT300: 1008,1VRC160L3G1001008
217284,WC2300XL: 2021,1VRC302J7G1002021
217285,HG4000: 1019,1VRC363H6G1001019
217286,D24X40III: 151,1VRX200F6G1000151
217287,PD10: 2087,1VRB100Z1G1002087
217288,PD10: 2088,1VRB100Z3G1002088
217289,D24X40III: 152,1VRX200F8G1000152
217290,WC2300XL: 2022,1VRC302J9G1002022
217291,D24X40III: 153,1VRX200FXG1000153
217292,PD10: 2089,1VRB100Z5G1002089
217293,D40X55III: 115,1VRY200G6G1000115
217294,PD10: 2090,1VRB100Z1G1002090
217295,PD10: 2091,1VRB100Z3G1002091
217296,D24X40III: 155,1VRX200F3G1000155
217297,D24X40III: 154,1VRX200F1G1000154
217298,D100X140S3: 128,1VRB360W8G1000128
217299,D24X40III: 156,1VRX200F5G1000156
217300,FT300: 1009,1VRC160L5G1001009
217301,D24X40III: 157,1VRX200F7G1000157
217302,WC2500XL: 100,1VRE302Z8F1000100
217303,PD10: 2092,1VRB100Z5G1002092
217304,D24X40III: 158,1VRX200F9G1000158
217305,PD10: 2093,1VRB100Z7G1002093
217306,D24X40III: 159,1VRX200F0G1000159
217307,Test JD 406241 - Deactivated,LHP-ASSETID-217307
217308,D24X40III: 160,1VRX200F7G1000160
217309,D40X55III: 116,1VRY200G8G1000116
217310,PD10: 2095,1VRB100Z0G1002095
217311,PD10: 2094,1VRB100Z9G1002094
217312,D24X40III: 161,1VRX200F9G1000161
217313,PD10: 2096,1VRB100Z2G1002096
217314,WC2300XL: 2023,1VRC302J0G1002023
217315,D24X40III: 164,1VRX200F4G1000164
217316,D24X40III: 163,1VRX200F2G1000163
217317,PD10: 2097,1VRB100Z4G1002097
217318,D24X40III: 165,1VRX200F6G1000165
217319,D24X40III: 162,1VRX200F0G1000162
217320,D24X40III: 166,1VRX200F8G1000166
217321,PD10: 2098,1VRB100Z6G1002098
217322,D24X40III: 167,1VRX200FXG1000167
217323,D24X40III: 168,1VRX200F1G1000168
217324,TG5000: 1002,1VR240209G1001002
217325,HG6000TX: 1068,1VR2390A2G1001068
217326,PD10: 2099,1VRB100Z8G1002099
217327,D24X40III: 169,1VRX200F3G1000169
217328,D24X40III: 170,1VRX200FXG1000170
217329,PD10: 2100,1VRB100Z0G1002100
217330,FT300: 1010,1VRC160L1G1001010
217331,D100X140S3: 129,1VRB360WXG1000129
217332,D24X40III: 171,1VRX200F1G1000171
217333,D40X55III: 117,1VRY200GXG1000117
217334,PD10: 2101,1VRB100Z2G1002101
217335,D24X40III: 172,1VRX200F3G1000172
217336,D24X40III: 173,1VRX200F5G1000173
217337,D24X40III: 174,1VRX200F7G1000174
217338,D24X40III: 175,1VRX200F9G1000175
217339,PD10: 2102,1VRB100Z4G1002102
217340,D40X55III: 118,1VRY200G1G1000118
217341,PD10: 2104,1VRB100Z8G1002104
217342,PD10: 2103,1VRB100Z6G1002103
217343,D24X40III: 176,1VRX200F0G1000176
217344,D24X40III: 177,1VRX200F2G1000177
217345,D220X300: 135,1VRD370CXG1000135
217346,D24X40III: 178,1VRX200F4G1000178
217347,HG4000: 1020,1VRC312H7G1001020
217348,D40X55III: 119,1VRY240G4G1000119
217349,PD10: 2105,1VRB100ZXG1002105
217350,D24X40III: 179,1VRX200F6G1000179
217351,D60X90: 243,1VRB29026G1000243
217352,PD10: 2106,1VRB100Z1G1002106
217353,HG6000TX: 1069,1VR2390A4G1001069
217354,T1255III: 586,1VR230060F1000586
217355,T1055III: 552,1VR2210T7F1000552
217356,T855III SN518 - Pilot - Deactivated,LHP-ASSETID-217356
217357,T1155III: 518,1VR225047F1000518
217358,WC2300XL: 2024,1VRC302J2G1002024
217359,D24X40III: 180,1VRX200F2G1000180
217360,TG5000 SN1003 - Deactivated,LHP-ASSETID-217360
217361,PD10: 2107,1VRB100Z3G1002107
217362,D24X40III: 181,1VRX200F4G1000181
217363,PD10: 2108,1VRB100Z5G1002108
217364,D24X40III: 182,1VRX200F6G1000182
217365,D100X140S3: 130,1VRB360W6G1000130
217366,D40X55III: 120,1VRY200GXG1000120
217367,TG5000: 1004,1VR240202G1001004
217368,D24X40III: 183,1VRX200F8G1000183
217369,D24X40III: 184,1VRX200FXG1000184
217370,D24X40III: 185,1VRX200F1G1000185
217371,HG4000: 1021,1VRC312H9G1001021
217372,PD10: 2109,1VRB100Z7G1002109
217373,D40X55III: 121,1VRY200G1G1000121
217374,PD10: 2110,1VRB100Z3G1002110
217375,PD10: 2111,1VRB100Z5G1002111
217376,D24X40III: 186,1VRX200F3G1000186
217377,D24X40III: 187,1VRX200F5G1000187
217378,PD10: 2112,1VRB100Z7G1002112
217379,D100X140S3: 131,1VRB360W8G1000131
217380,D24X40III: 188,1VRX200F7G1000188
217381,D40X55III: 122,1VRY200G3G1000122
217382,HG4000: 1022,1VRC312H0G1001022
217383,D24X40III: 189,1VRX200F9G1000189
217385,D40X55III: 123,1VRY200G5G1000123
217386,D24X40III: 191,1VRX200F7G1000191
217387,PD10: 2113,1VRB100Z9G1002113
217388,D24X40II: 4462,1VRZ19034F1004462
217389,D24X40II: 4463,1VRZ19036F1004463
217390,PD10: 2031,1VRB100Z9F1002031
217391,D24X40II: 4464,1VRZ19038F1004464
217392,D24X40II: 4465,1VRZ1903XF1004465
217393,D24X40II: 4466,1VRZ19031F1004466
217394,TEST-F STW 1156 - Deactivated,LHP-ASSETID-217394
217395,D24X40II: 4467,1VRZ19033F1004467
217396,PD10: 2032,1VRB100Z0F1002032
217397,D24X40II: 4468,1VRZ19035F1004468
217398,D24X40II: 4469,1VRZ19037F1004469
217399,D24X40II: 4470,1VRZ19033F1004470
217400,D24X40II: 4471,1VRZ19035F1004471
217401,PD10: 2033,1VRB100Z2F1002033
217402,D24X40II: 4472,1VRZ19037F1004472
217403,PD10: 2034,1VRB100Z4F1002034
217404,D24X40II: 4473,1VRZ19039F1004473
217405,D24X40II: 4474,1VRZ19030F1004474
217406,D24X40II: 4475,1VRZ19032F1004475
217407,PD10: 2035,1VRB100Z6F1002035
217408,D24X40II: 4476,1VRZ19034F1004476
217409,D24X40II: 4477,1VRZ19036F1004477
217410,D24X40II: 4478,1VRZ19038F1004478
217411,D24X40II: 4479,1VRZ1903XF1004479
217412,HG4000: 203,1VRC312H1F1000203
217413,D24X40II: 4480,1VRZ19036F1004480
217414,WC2300XL: 2017,1VRC302J7F1002017
217415,D24X40II: 4481,1VRZ19038F1004481
217416,PD10: 2036,1VRB100Z8F1002036
217417,D24X40II: 4482,1VRZ1903XF1004482
217418,D24X40II: 4483,1VRZ19031F1004483
217419,D24X40II: 4484,1VRZ19033F1004484
217420,PD10: 2037,1VRB100ZXF1002037
217421,D10X15 S3 SN98 - Deactivated,1vra130v6f1000098
217422,D24X40II: 4485,1VRZ19035F1004485
217423,D24X40II: 4486,1VRZ19037F1004486
217424,D24X40II: 4487,1VRZ19039F1004487
217425,PD10: 2039,1VRB100Z3F1002039
217426,PD10: 2038,1VRB100Z1F1002038
217427,HG6000TX: 1065,1VR2390A9F1001065
217428,D24X40II: 4488,1VRZ19030F1004488
217429,D24X40II: 4489,1VRZ19032F1004489
217430,D24X40II: 4490,1VRZ19039F1004490
217431,D24X40II: 4491,1VRZ19030F1004491
217432,PD10: 2041,1VRB100Z1F1002041
217433,PD10: 2040,1VRB100ZXF1002040
217434,PD10: 2042,1VRB100Z3F1002042
217435,PD10: 2043,1VRB100Z5F1002043
217436,PD10: 2044,1VRB100Z7F1002044
217437,HG6000: 1097,1VRY39313F1001097
217438,WC2300XL: 2018,1VRC302J9F1002018
217439,PD10: 2045,1VRB100Z9F1002045
217440,PD10: 2046,1VRB100Z9G1002046
217441,TG5000: 1001,1VR246305G1001001
217442,D220X300: 134,1VRD370CXF1000134
217443,HG6000: 1098,1VRY39315F1001098
217444,PD10: 2047,1VRB100Z0G1002047
217445,PD10: 2048,1VRB100Z2G1002048
217446,D10X15III: 97,1VRA130V4F1000097
217447,PD10: 2049,1VRB100Z4G1002049
217448,TEST STW 1149 - Deactivated,LHP-ASSETID-217448
217449,PD10: 2050,1VRB100Z0G1002050
217450,HG6000TX: 1066,1VR2390A0F1001066
217451,D24X40II: 4492,1VRZ19032F1004492
217452,D24X40II: 4493,1VRZ19034F1004493
217453,D24X40II: 4494,1VRZ19036F1004494
217454,D24X40III: 105,1VRX200FXG1000105
217455,D40X55III: 105,1VRY200G3G1000105
217456,PD10: 2051,1VRB100Z2G1002051
217457,D40X55III: 106,1VRY200G5G1000106
217458,D24X40III: 106,1VRX200F1G1000106
217459,PD10: 2052,1VRB100Z4G1002052
217460,D24X40III: 107,1VRX200F3G1000107
217461,PD10: 2053,1VRB100Z6G1002053
217462,D24X40III: 108,1VRX200F5G1000108
217463,D40X55III: 107,1VRY240G8G1000107
217464,PD10: 2054,1VRB100Z8G1002054
217465,D24X40III: 109,1VRX200F7G1000109
217466,D24X40III: 110,1VRX200F3G1000110
217467,PD10: 2055,1VRB100ZXG1002055
217468,PD10: 2056,1VRB100Z1G1002056
217469,D24X40III: 111,1VRX200F5G1000111
217470,ACS TEST 525413,LHP-ASSETID-217470
217471,Test JD 660696 - Deactivated,LHP-ASSETID-217471
217472,D24X40III: 112,1VRX200F7G1000112
217473,PD10: 2057,1VRB100Z3G1002057
217474,D24X40III: 113,1VRX200F9G1000113
217475,PD10: 2058,1VRB100Z5G1002058
217476,HG4000: 1017,1VRC383H8G1001017
217477,D40X55III: 108,1VRY240GXG1000108
217478,PD10: 2059,1VRB100Z7G1002059
217479,D60X90S3: 102,1VRJ29034G1000102
217480,D24X40III: 114,1VRX200F0G1000114
217481,WC2300XL: 2019,1VRC302J9G1002019
217482,D36X50DRII: 235,1VRB24007F1000235
217483,D24X40III: 115,1VRX200F2G1000115
217484,PD10: 2060,1VRB100Z3G1002060
217485,FT300: 1003,1VRC160L6F1001003
217486,PD10: 2116,1VRB100Z4G1002116
217487,D24X40III: 197,1VRX200F8G1000197
217488,PD10: 2117,1VRB100Z6G1002117
217489,PD10: 2118,1VRB100Z8G1002118
217490,D24X40III: 198,1VRX200FXG1000198
217491,HG4000: 205,1VRC312H3G1000205
217492,D24X40III: 199,1VRX200F1G1000199
217493,D24X40III: 200,1VRX200F4G1000200
217494,D100X140S3: 133,1VRB360W1G1000133
217495,D40X55III: 129,1VRY200G6G1000129
217496,TG5000: 1003,1VR240200G1001003
217497,PD10: 2119,1VRB100ZXG1002119
217498,D24X40III: 201,1VRX200F6G1000201
217499,PD10: 2120,1VRB100Z6G1002120
217500,D24X40III: 202,1VRX200F8G1000202
217501,HG6000TX: 1070,1VR2390A0G1001070
217502,PD10: 2121,1VRB100Z8G1002121
217503,D24X40III: 203,1VRX200FXG1000203
217504,PD10: 2122,1VRB100ZXG1002122
217505,D40X55III: 130,1VRY200G2G1000130
217506,D100X140S3: 134,1VRB360W3G1000134
217507,PD10: 2123,1VRB100Z1G1002123
217508,D40X55III: 128,1VRY200G4G1000128
217509,D24X40III: 204,1VRX200F1G1000204
217510,D24X40III: 205,1VRX200F3G1000205
217511,D24X40III: 206,1VRX200F5G1000206
217512,D40X55III: 131,1VRY240G5G1000131
217513,PD10: 2124,1VRB100Z3G1002124
217514,D24X40III: 207,1VRX200F7G1000207
217515,PD10: 2125,1VRB100Z5G1002125
217516,D24X40III: 208,1VRX200F9G1000208
217517,HG4000: 1027,1VRC363H5G1001027
217518,HG6000TX: 1071,1VR2390A2G1001071
217519,PD10: 2126,1VRB100Z7G1002126
217520,D24X40III: 209,1VRX200F0G1000209
217521,TG5000: 1005,1VR240204G1001005
217522,D24X40III: 210,1VRX200F7G1000210
217523,D24X40III: 211,1VRX200F9G1000211
217524,D24X40III: 212,1VRX200F0G1000212
217525,D40X55III: 132,1VRY200G6G1000132
217526,PD10: 2127,1VRB100Z9G1002127
217527,D24X40III: 213,1VRX200F2G1000213
217528,D24X40III: 214,1VRX200F4G1000214
217529,PD10: 2128,1VRB100Z0G1002128
217530,HG6000: 1100,1VRY39318G1001100
217531,D100X140S3: 135,1VRB360W5G1000135
217532,D24X40III: 215,1VRX200F6G1000215
217533,D24X40III: 216,1VRX200F8G1000216
217534,D24X40III: 217,1VRX200FXG1000217
217535,PD10: 2129,1VRB100Z2G1002129
217536,D24X40III: 218,1VRX200F1G1000218
217537,D24X40III: 219,1VRX200F3G1000219
217538,PD10: 2130,1VRB100Z9G1002130
217539,D100X140S3: 136,1VRB360W7G1000136
217540,D40X55III: 133,1VRY240G9G1000133
217541,PD10: 2131,1VRB100Z0G1002131
217542,D24X40III: 220,1VRX200FXG1000220
217543,D24X40III: 221,1VRX200F1G1000221
217544,D40X55III: 134,1VRY240G0G1000134
217545,D24X40III: 222,1VRX200F3G1000222
217546,PD10: 2132,1VRB100Z2G1002132
217547,HG6000TX: 1072,1VR2390A4G1001072
217548,D100X140S3: 137,1VRB360W9G1000137
217549,D24X40III: 223,1VRX200F5G1000223
217550,D100X140S3: 114,1VRB36072D1000114
217551,PD10: 2133,1VRB100Z4G1002133
217552,D24X40III: 224,1VRX200F7G1000224
217553,D24X40III: 225,1VRX200F9G1000225
217554,PD10: 2134,1VRB100Z6G1002134
217555,D24X40III: 226,1VRX200F0G1000226
217556,D24X40III: 250,1VRX200F8G1000250
217557,PD10: 2143,1VRB100Z7G1002143
217558,D60X90S3: 103,1VRJ29036G1000103
217559,D24X40III: 245,1VRX200F4G1000245
217560,D40X55III: 144,1VRY200G2G1000144
217561,PD10: 2144,1VRB100Z9G1002144
217562,D24X40III: 251,1VRX200FXG1000251
217563,D24X40III: 252,1VRX200F1G1000252
217564,D23X30III: 168,1VRN20071G1000168
217565,PD10: 2145,1VRB100Z0G1002145
217566,D40X55III: 145,1VRY240G5G1000145
217567,D24X40III: 253,1VRX200F3G1000253
217568,D24X40III: 254,1VRX200F5G1000254
217569,D24X40III: 255,1VRX200F7G1000255
217570,D24X40III: 256,1VRX200F9G1000256
217571,PD10: 2147,1VRB100Z4G1002147
217572,D24X40III: 257,1VRX200F0G1000257
217573,D40X55III: 146,1VRY200G6G1000146
217574,PD10: 2148,1VRB100Z6G1002148
217575,D24X40III: 258,1VRX200F2G1000258
217576,D40X55III: 147,1VRY240G9G1000147
217577,PD10: 2146,1VRB100Z2G1002146
217578,HG4000: 1025,1VRC363H1G1001025
217579,PD10: 2149,1VRB100Z8G1002149
217580,D24X40III: 259,1VRX200F4G1000259
217581,D24X40III: 260,1VRX200F0G1000260
217582,PD10: 2150,1VRB100Z4G1002150
217583,D24X40III: 261,1VRX200F2G1000261
217584,D40X55III: 148,1VRY200GXG1000148
217585,PD10: 2152,1VRB100Z8G1002152
217586,PD10: 2151,1VRB100Z6G1002151
217587,D40X55III: 151,1VRY240G0G1000151
217588,D100X140S3: 140,1VRB360W9G1000140
217589,PD10: 2153,1VRB100ZXG1002153
217590,D40X55III: 149,1VRY200G1G1000149
217591,HG6000TX: 1074,1VR2390A8G1001074
217592,PD10: 2154,1VRB100Z1G1002154
217593,D24X40III: 263,1VRX200F6G1000263
217594,D40X55III: 150,1VRY200G8G1000150
217595,PD10: 2155,1VRB100Z3G1002155
217596,D24X40III: 264,1VRX200F8G1000264
217597,PD10: 2156,1VRB100Z5G1002156
217598,D24X40III: 265,1VRX200FXG1000265
217599,PD10: 2157,1VRB100Z7G1002157
217600,D24X40III: 266,1VRX200F1G1000266
217601,D24X40III: 267,1VRX200F3G1000267
217602,PD10: 2158,1VRB100Z9G1002158
217603,D24X40III: 268,1VRX200F5G1000268
217604,PD10: 2159,1VRB100Z0G1002159
217605,HG4000: 1026,1VRC312H8G1001026
217606,TG5000: 1008,1VR24020XG1001008
217607,D24X40III: 269,1VRX200F7G1000269
217608,D24X40III: 270,1VRX200F3G1000270
217609,D24X40III: 262,1VRX200F4G1000262
217610,FT300: 1012,1VRC160L5G1001012
217611,PD10: 2160,1VRB100Z7G1002160
217612,D24X40III: 271,1VRX200F5G1000271
217613,PD10: 2161,1VRB100Z9G1002161
217614,D24X40III: 272,1VRX200F7G1000272
217615,D40X55III: 152,1VRY200G1G1000152
217616,PD10: 2162,1VRB100Z0G1002162
217617,PD10: 2163,1VRB100Z2G1002163
217618,D24X40III: 273,1VRX200F9G1000273
217619,D24X40III: 274,1VRX200F0G1000274
217620,PD10: 2164,1VRB100Z4G1002164
217621,D40X55III: 153,1VRY200G3G1000153
217622,D24X40III: 275,1VRX200F2G1000275
217623,D40X55III: 154,1VRY200G5G1000154
217624,D24X40III: 276,1VRX200F4G1000276
217625,D24X40III: 277,1VRX200F6G1000277
217626,D40X55III: 155,1VRY200G7G1000155
217627,D24X40III: 278,1VRX200F8G1000278
217628,PD10: 2165,1VRB100Z6G1002165
217629,PD10: 2166,1VRB100Z8G1002166
217630,D24X40III: 279,1VRX200FXG1000279
217631,PD10: 2168,1VRB100Z1G1002168
217632,D40X55III: 156,1VRY200G9G1000156
217633,PD10: 2167,1VRB100ZXG1002167
217634,D24X40III: 280,1VRX200F6G1000280
217635,D24X40III: 281,1VRX200F8G1000281
217636,D24X40III: 282,1VRX200FXG1000282
217637,PD10: 2169,1VRB100Z3G1002169
217638,D40X55III: 157,1VRY200G0G1000157
217639,PD10: 2170,1VRB100ZXG1002170
217640,D24X40III: 283,1VRX200F1G1000283
217641,D24X40III: 284,1VRX200F3G1000284
217642,PD10: 2171,1VRB100Z1G1002171
217643,TG5000: 1009,1VR240201G1001009
217644,D100X140S3: 141,1VRB360W0G1000141
217645,HG6000: 1099,1VRY39315G1001099
217646,D40X55III: 124,1VRY200G7G1000124
217647,D24X40III: 192,1VRX200F9G1000192
217648,PD10: 2114,1VRB100Z0G1002114
217649,D40X55III: 125,1VRY240GXG1000125
217650,D24X40III: 193,1VRX200F0G1000193
217651,D100X140S3: 132,1VRB360WXG1000132
217652,D40X55III: 126,1VRY200G0G1000126
217653,D40X55III: 127,1VRY200G2G1000127
217654,D24X40III: 194,1VRX200F2G1000194
217655,HG4000: 1023,1VRC312H2G1001023
217656,PD10: 2135,1VRB100Z8G1002135
217657,D23X30III: 178,1VRN20074G1000178
217658,D40X55III: 135,1VRY240G2G1000135
217659,TG5000: 1006,1VR240206G1001006
217660,D24X40III: 227,1VRX200F2G1000227
217661,PD10: 2136,1VRB100ZXG1002136
217662,D24X40III: 228,1VRX200F4G1000228
217663,D24X40III: 229,1VRX200F6G1000229
217664,D220X300III: 1002,1VRN39073G1001002
217665,PD10: 2137,1VRB100Z1G1002137
217666,D24X40III: 230,1VRX200F2G1000230
217667,D24X40III: 231,1VRX200F4G1000231
217668,D24X40III: 232,1VRX200F6G1000232
217669,D100X140S3: 138,1VRB360W0G1000138
217670,D40X55III: 136,1VRY240G4G1000136
217671,D24X40III: 233,1VRX200F8G1000233
217672,PD10: 2138,1VRB100Z3G1002138
217673,WC2500XL: 101,1VRE302Z8G1000101
217674,D24X40III: 234,1VRX200FXG1000234
217675,PD10: 2139,1VRB100Z5G1002139
217676,D40X55III: 137,1VRY240G6G1000137
217677,D24X40III: 235,1VRX200F1G1000235
217678,PD10: 2140,1VRB100Z1G1002140
217679,D24X40III: 236,1VRX200F3G1000236
217680,D40X55III: 138,1VRY240G8G1000138
217681,D100X140S3: 139,1VRB360W2G1000139
217682,D24X40III: 237,1VRX200F5G1000237
217683,HG4000: 1024,1VRC363HXG1001024
217684,D24X40III: 238,1VRX200F7G1000238
217685,T1255III SIM - Pilot - Deactivated,LHP-ASSETID-217685
217686,D40X55III: 139,1VRY200G9G1000139
217687,D24X40III: 285,1VRX200F5G1000285
217688,HG6000TX: 1075,1VR2390AXG1001075
217689,D40X55III: 158,1VRY200G2G1000158
217690,D24X40III: 286,1VRX200F7G1000286
217691,PD10: 2172,1VRB100Z3G1002172
217692,D24X40III: 287,1VRX200F9G1000287
217693,PD10: 2173,1VRB100Z5G1002173
217694,D24X40III: 288,1VRX200F0G1000288
217695,D40X55III: 159,1VRY240G5G1000159
217696,D24X40III: 289,1VRX200F2G1000289
217697,HG4000: 1028,1VRC363H7G1001028
217698,D40X55III: 160,1VRY200G0G1000160
217699,D24X40III: 290,1VRX200F9G1000290
217700,D40X55III: 161,1VRY240G3G1000161
217701,D100X140S3: 142,1VRB360W2G1000142
217702,D24X40III: 291,1VRX200F0G1000291
217703,D24X40III: 292,1VRX200F2G1000292
217704,PD10: 2174,1VRB100Z7G1002174
217705,D40X55III: 162,1VRY200G4G1000162
217706,D24X40III: 293,1VRX200F4G1000293
217707,D24X40III: 294,1VRX200F6G1000294
217708,PD10: 2175,1VRB100Z9G1002175
217709,D100X140S3: 143,1VRB360W4G1000143
217710,D40X55III: 163,1VRY240G7G1000163
217711,D24X40III: 295,1VRX200F8G1000295
217712,HG4000: 1029,1VRC312H3G1001029
217713,D24X40III: 296,1VRX200FXG1000296
217714,D40X55III: 164,1VRY200G8G1000164
217715,D24X40III: 297,1VRX200F1G1000297
217716,D24X40III: 298,1VRX200F3G1000298
217717,D24X40III: 299,1VRX200F5G1000299
217718,D10X15III: 101,1VRA130V0G1000101
217719,D10X15III: 102,1VRA130V2G1000102
217720,D24X40III: 300,1VRX200F8G1000300
217721,D24X40III: 302,1VRX200F1G1000302
217722,D40X55III: 166,1VRY200G1G1000166
217723,D23X30III: 407,1VRN20074G1000407
217724,HG6000TX: 1076,1VR2390A1G1001076
217725,D24X40III: 303,1VRX200F3G1000303
217726,D24X40III: 304,1VRX200F5G1000304
217727,D23X30III: 223,1VRN20075G1000223
217728,D24X40III: 305,1VRX200F7G1000305
217729,D24X40III: 301,1VRX200FXG1000301
217730,PD10: 2176,1VRB100Z0G1002176
217731,D40X55III: 167,1VRY200G3G1000167
217732,D60X90S3: 104,1VRJ29038G1000104
217733,D24X40III: 306,1VRX200F9G1000306
217734,D40X55III: 168,1VRY200G5G1000168
217735,D24X40III: 307,1VRX200F0G1000307
217736,HG4000: 1030,1VRC312HXG1001030
217737,D40X55III: 165,1VRY240G0G1000165
217738,D40X55III: 169,1VRY200G7G1000169
217739,D24X40III: 308,1VRX200F2G1000308
217740,D24X40III: 309,1VRX200F4G1000309
217741,D24X40III: 310,1VRX200F0G1000310
217742,D24X40III: 311,1VRX200F2G1000311
217743,D24X40III: 312,1VRX200F4G1000312
217744,D40X55III: 170,1VRY240G4G1000170
217745,D60X90S3: 105,1VRJ2903XG1000105
217746,HG6000TX: 1077,1VR2390A3G1001077
217747,TG5000: 1010,1VR240208G1001010
217748,D24X40III: 313,1VRX200F6G1000313
217749,D24X40III: 314,1VRX200F8G1000314
217750,D23X30III: 222,1VRN20073G1000222
217751,D40X55III: 171,1VRY240G6G1000171
217752,D24X40III: 316,1VRX200F1G1000316
217753,D40X55III: 172,1VRY200G7G1000172
217754,PD10: 2177,1VRB100Z2G1002177
217755,D24X40III: 317,1VRX200F3G1000317
217756,D24X40III: 318,1VRX200F5G1000318
217757,D24X40III: 315,1VRX200FXG1000315
217758,D23X30III: 186,1VRN20073G1000186
217759,D24X40III: 319,1VRX200F7G1000319
217760,D24X40III: 320,1VRX200F3G1000320
217761,D60X90S3: 106,1VRJ29031G1000106
217762,HG4000: 1031,1VRC312H1G1001031
217763,D24X40III: 321,1VRX200F5G1000321
217764,T555III: 1502,1VR2150W0G1001502
217765,D24X40III: 322,1VRX200F7G1000322
217766,D40X55III: 173,1VRY240GXG1000173
217767,LHP TESTING,LHP-ASSETID-217767
217768,D24X40III: 323,1VRX200F9G1000323
217769,D40X55III: 174,1VRY200G0G1000174
217770,D60X90S3: 107,1VRJ29033G1000107
217771,D24X40III: 324,1VRX200F0G1000324
217772,LHP TESTING STW - Deactivated,LHP-ASSETID-217772
217773,PD10: 2178,1VRB100Z4G1002178
217774,D23X30III: 230,1VRN20072G1000230
217775,D40X55III: 175,1VRY200G2G1000175
217776,D23X30III: 248,1VRN2007XG1000248
217777,D24X40III: 325,1VRX200F2G1000325
217778,D23X30III: 431,1VRN20071G1000431
217779,D23X30III: 430,1VRN2007XG1000430
217780,D40X55III: 176,1VRY240G5G1000176
217781,PD10: 2179,1VRB100Z6G1002179
217782,D24X40III: 326,1VRX200F4G1000326
217783,HG6000TX: 1078,1VR2390A5G1001078
217784,PD10: 2180,1VRB100Z2G1002180
217785,D40X55III: 177,1VRY240G7G1000177
217786,D24X40III: 327,1VRX200F6G1000327
217787,D24X40III: 328,1VRX200F8G1000328
217788,TG5000: 1011,1VR24020XG1001011
217789,PD10: 2181,1VRB100Z4G1002181
217790,D24X40III: 329,1VRX200FXG1000329
217791,PD10: 2182,1VRB100Z6G1002182
217792,D40X55III: 179,1VRY200GXG1000179
217793,D24X40III: 330,1VRX200F6G1000330
217794,D100X140S3: 144,1VRB360W6G1000144
217795,WC2500TX: 100,1VRF27000G1000100
217796,D40X55III: 180,1VRY240G7G1000180
217797,D24X40III: 331,1VRX200F8G1000331
217798,PD10: 2183,1VRB100Z8G1002183
217799,D24X40III: 332,1VRX200FXG1000332
217800,D40X55III: 181,1VRY200G8G1000181
217801,PD10: 2184,1VRB100ZXG1002184
217802,D24X40III: 333,1VRX200F1G1000333
217803,D23X30III: 442,1VRN20076G1000442
217804,D40X55III: 182,1VRY240G0G1000182
217805,TG5000: 1012,1VR240201G1001012
217806,D24X40III: 334,1VRX200F3G1000334
217807,PD10: 2185,1VRB100Z1G1002185
217808,HG4000: 1032,1VRC312H3G1001032
217809,D40X55III: 183,1VRY200G1G1000183
217810,D23X30III: 279,1VRN2007XG1000279
217811,D24X40III: 335,1VRX200F5G1000335
217812,D24X40III: 336,1VRX200F7G1000336
217813,D40X55III: 184,1VRY240G4G1000184
217814,PD10: 2186,1VRB100Z3G1002186
217815,D24X40III: 337,1VRX200F9G1000337
217816,PD10: 2187,1VRB100Z5G1002187
217817,D40X55III: 185,1VRY200G5G1000185
217818,D24X40III: 338,1VRX200F0G1000338
217819,D24X40III: 239,1VRX200F9G1000239
217820,D24X40III: 240,1VRX200F5G1000240
217821,D40X55III: 140,1VRY200G5G1000140
217822,HG6000TX: 1073,1VR2390A6G1001073
217823,D24X40III: 241,1VRX200F7G1000241
217824,D24X40III: 242,1VRX200F9G1000242
217825,D24X40III: 195,1VRX200F4G1000195
217826,PD10: 2115,1VRB100Z2G1002115
217827,FT300: 1011,1VRC160L3G1001011
217828,D24X40III: 196,1VRX200F6G1000196
217829,D24X40III: 243,1VRX200F0G1000243
217830,PD10: 2141,1VRB100Z3G1002141
217831,D24X40III: 244,1VRX200F2G1000244
217832,D40X55III: 141,1VRY200G7G1000141
217833,D24X40III: 246,1VRX200F6G1000246
217834,D40X55III: 186,1VRY240G8G1000186
217835,PD10: 2188,1VRB100Z7G1002188
217836,D24X40III: 339,1VRX200F2G1000339
217837,D10X15III: 99,1VRA130V8F1000099
217838,D24X40III: 340,1VRX200F9G1000340
217839,PD10: 2189,1VRB100Z9G1002189
217840,D40X55III: 187,1VRY240GXG1000187
217841,D24X40III: 341,1VRX200F0G1000341
217842,DT6: 121,1VRC463K2G1000121
217843,PD10: 2190,1VRB100Z5G1002190
217844,D24X40III: 342,1VRX200F2G1000342
217845,D40X55III: 188,1VRY240G1G1000188
217846,HG6000: 1101,1VRY3931XG1001101
217847,D24X40III: 343,1VRX200F4G1000343
217848,D40X55III: 189,1VRY240G3G1000189
217849,D24X40III: 344,1VRX200F6G1000344
217850,Track Test OTAP - Deactivated,LHP-ASSETID-217850
217851,D40X55III: 191,1VRY240G1G1000191
217852,D24X40III: 350,1VRX200F1G1000350
217854,PD10: 2192,1VRB100Z9G1002192
217855,T1255III SN144 - Deactivated,1VRU300DUP1000144
217856,D40X55III: 192,1VRY200G2G1000192
217857,D24X40III: 352,1VRX200F5G1000352
217858,HG4000: 1033,1VRC363H0G1001033
217859,PD10: 2193,1VRB100Z0G1002193
217860,D24X40III: 353,1VRX200F7G1000353
217861,D24X40III: 354,1VRX200F9G1000354
217862,CC155: 1001,1VR2152E5G1001001
217863,D24X40III: 355,1VRX200F0G1000355
217864,D24X40III: 356,1VRX200F2G1000356
217865,D20X22II: 98,1VR6180T6E1000098
217866,D24X40III: 357,1VRX200F4G1000357
217867,PD10: 2194,1VRB100Z2G1002194
217868,D24X40III: 358,1VRX200F6G1000358
217869,HG4000: 1034,1VRC312H7G1001034
217870,D40X55III: 193,1VRY240G5G1000193
217871,D24X40III: 359,1VRX200F8G1000359
217872,D24X40III: 360,1VRX200F4G1000360
217873,PD10: 2195,1VRB100Z4G1002195
217874,D23X30III: 272,1VRN20077G1000272
217875,D24X40III: 361,1VRX200F6G1000361
217876,HG6000TX: 1079,1VR2390A7G1001079
217877,D24X40III: 362,1VRX200F8G1000362
217879,D40X55III: 194,1VRY200G4H1000194
217880,D24X40III: 363,1VRX200F8H1000363
217881,D60X90S3: 109,1VRJ29035H1000109
217882,D24X40III: 364,1VRX200FXH1000364
217883,D40X55III: 142,1VRY240GXG1000142
217884,D24X40III: 247,1VRX200F8G1000247
217885,PD10: 2142,1VRB100Z5G1002142
217886,TG5000: 1007,1VR246306G1001007
217887,D24X40III: 248,1VRX200FXG1000248
217888,D24X40III: 249,1VRX200F1G1000249
217889,D40X55III: 143,1VRY240G1G1000143
217890,D24X40III: 345,1VRX200F8G1000345
217891,PD10: 2191,1VRB100Z7G1002191
217892,D24X40III: 346,1VRX200FXG1000346
217893,D40X55III: 190,1VRY240GXG1000190
217894,T555III: 1501,1VR2150W9G1001501
217895,D24X40III: 347,1VRX200F1G1000347
217896,D60X90S3: 108,1VRJ29035G1000108
217897,D24X40III: 349,1VRX200F5G1000349
217898,D24X40III: 348,1VRX200F3G1000348
217899,D40X55III: 196,1VRY240G9H1000196
217900,D24X40III: 370,1VRX200F5H1000370
217901,D24X40III: 371,1VRX200F7H1000371
217902,HG4000: 1035,1VRC312H9G1001035
217903,D24X40III: 372,1VRX200F9H1000372
217904,D40X55III: 197,1VRY240G0H1000197
217905,D40X55III: 178,1VRY240G9G1000178
217906,D24X40III: 373,1VRX200F0H1000373
217907,PD10: 2197,1VRB100Z6H1002197
217908,D24X40III: 374,1VRX200F2H1000374
217909,D24X40III: 375,1VRX200F4H1000375
217910,CC155: 1002,1VR2152E7G1001002
217911,CC155: 1003,1VR2152E7H1001003
217912,D40X55III: 198,1VRY240G2H1000198
217913,PD10: 2198,1VRB100Z8H1002198
217914,D24X40III: 376,1VRX200F6H1000376
217915,PD10: 2199,1VRB100ZXH1002199
217916,D23X30III: 459,1VRN20071G1000459
217917,D40X55III: 199,1VRY200G3H1000199
217918,HG6000TX: 1080,1VR2390A1H1001080
217919,D24X40III: 377,1VRX200F8H1000377
217920,D24X40III: 378,1VRX200FXH1000378
217921,D23X30III: 497,1VRN20077H1000497
217922,D23X30III: 496,1VRN20075H1000496
217923,PD10: 2200,1VRB100Z2H1002200
217924,D36X50DRII: 236,1VRB24005H1000236
217925,D23X30III: 498,1VRN20079H1000498
217926,HG4000: 1036,1VRC312H9H1001036
217927,PD10: 2201,1VRB100Z4H1002201
217928,D23X30III: 475,1VRN2007XG1000475
217929,HG6000TX: 1081,1VR2390A3H1001081
217930,M&P Simulator - Deactivated,1VMP123412341XXXX
217931,PD10: 2202,1VRB100Z6H1002202
217932,PD10: 2203,1VRB100Z8H1002203
217933,HG6000TX: 1082,1VR2390A5H1001082
217934,D60X90S3: 110,1VRJ29031H1000110
217935,D23X30III: 509,1VRN2007XH1000509
217936,D23X30III: 510,1VRN20076H1000510
217937,D23X30III: 508,1VRN20078H1000508
217938,D23X30III: 479,1VRN20077G1000479
217939,TG5000: 1013,1VR246301G1001013
217940,PD10: 2204,1VRB100ZXH1002204
217941,HG4000: 1037,1VRC312H0H1001037
217942,PD10: 2205,1VRB100Z1H1002205
217943,D24X40III: 379,1VRX200F1H1000379
217944,T1255III: 597,1VR230061H1000597
217945,D24X40III: 380,1VRX200F8H1000380
217946,PD10: 2206,1VRB100Z3H1002206
217947,D24X40III: 381,1VRX200FXH1000381
217948,D23X30III: 386,1VRN20070G1000386
217949,D23X30III: 398,1VRN20077G1000398
217950,HG4000: 1038,1VRC312H2H1001038
217951,HG6000TX: 1083,1VR2390A7H1001083
217952,D24X40III: 382,1VRX200F1H1000382
217953,D24X40III: 383,1VRX200F3H1000383
217954,D24X40III: 384,1VRX200F5H1000384
217955,D100X140S3: 145,1VRB360W6H1000145
217956,PD10: 2208,1VRB100Z7H1002208
217957,PD10: 2207,1VRB100Z5H1002207
217958,D24X40III: 385,1VRX200F7H1000385
217959,D24X40III: 386,1VRX200F9H1000386
217960,D40X55III: 200,1VRY200G6H1000200
217961,D24X40III: 387,1VRX200F0H1000387
217962,PD10: 2209,1VRB100Z9H1002209
217963,HG6000TX: 1084,1VR2390A9H1001084
217964,PD10: 2210,1VRB100Z5H1002210
217965,D40X55III: 201,1VRY240G9H1000201
217966,PD10: 2211,1VRB100Z7H1002211
217967,D23X30III: 534,1VRN20079H1000534
217968,PD10: 2212,1VRB100Z9H1002212
217969,FT300: 1013,1VRC160L5H1001013
217970,HG4000: 1039,1VRC312H4H1001039
217971,D24X40III: 399,1VRX200F7H1000399
217972,PD10: 2213,1VRB100Z0H1002213
217973,D40X55III: 202,1VRY240G0H1000202
217974,BC1000XL SN16734 - Deactivated,LHP-ASSETID-217974
217975,D23X30III: 271,1VRN20075G1000271
217976,BC1000XL: 16734,1VRY11192B1016734
217977,HG4000: 1040,1VRC383H1H1001040
217978,PD10: 2214,1VRB100Z2H1002214
217979,D23X30III: 546,1VRN20075H1000546
217980,PD10: 2215,1VRB100Z4H1002215
217981,HG4000: 1041,1VRC383H3H1001041
217982,D60X90S3: 111,1VRJ29033H1000111
217983,D40X55III: 203,1VRY200G1H1000203
217984,Test JD 797523 - Deactivated,VRTEST00000000999
217985,PD10: 2216,1VRB100Z6H1002216
217986,Fishers LMU3030 Test Unit 1,LHP-ASSETID-217986
217987,Test TCU 814983 - Deactivated,LHP-ASSETID-217987
217988,Test TCU 814690 - Deactivated,LHP-ASSETID-217988
217989,D40X55III: 204,1VRY200G3H1000204
217990,PD10: 2220,1VRB100Z8H1002220
217991,D23X30III: 260,1VRN20070G1000260
217992,D24X40III: 417,1VRX200F5H1000417
217993,D24X40III: 418,1VRX200F7H1000418
217994,D23X30III: 492,1VRN20078H1000492
217995,D40X55III: 205,1VRY200G5H1000205
217996,PD10: 2221,1VRB100ZXH1002221
217997,HG6800TX: 100,1VRK48049G1000100
217998,D60X90S3: 112,1VRJ29035H1000112
217999,TEST TCU 406980 - Deactivated,LHP-ASSETID-217999
218000,TEST TCU 406713 - Deactivated,LHP-ASSETID-218000
218001,HG4000: 1043,1VRC383H7H1001043
218002,D23X30III: 579,1VRN20079H1000579
218003,PD10: 2222,1VRB100Z1H1002222
218004,D40X55III: 207,1VRY200G9H1000207
218005,D40X55III: 208,1VRY200G0H1000208
218006,D40X55III: 209,1VRY200G2H1000209
218007,D40X55III: 210,1VRY240GXH1000210
218008,HG6000TX: 1086,1VR2390A2H1001086
218009,PD10: 2223,1VRB100Z3H1002223
218010,D23X30III: 587,1VRN20078H1000587
218011,PD10: 2224,1VRB100Z5H1002224
218012,D100X140S3: 147,1VRB360WXH1000147
218013,PD10: 2226,1VRB100Z9H1002226
218014,3 WIRE TEST - 071310,LHP-ASSETID-218014
218015,PD10: 2225,1VRB100Z7H1002225
218016,D40X55III: 212,1VRY240G3H1000212
218017,D23X30III: 596,1VRN20079H1000596
218018,SPX25 SN100,LHP-ASSETID-218018
218019,PD10: 2227,1VRB100Z0H1002227
218020,D8X10: 99,1VRL12052G1000099
218021,PD10: 2228,1VRB100Z2H1002228
218022,D100X140S3: 148,1VRB360W1H1000148
218023,PD10: 2229,1VRB100Z4H1002229
218024,D40X55III: 216,1VRY200GXH1000216
218025,FT300: 1014,1VRC160L7H1001014
218026,D40X55III: 217,1VRY200G1H1000217
218027,PD10: 2230,1VRB100Z0H1002230
218028,D23X30III: 595,1VRN20077H1000595
218029,D20X22III: 667,1VRA170V5H1000667
218030,D40X55III: 218,1VRY240G4H1000218
218031,D24X40III: 441,1VRX200F2H1000441
218032,HG4000: 1044,1VRC312H8H1001044
218033,D23X30III: 594,1VRN20075H1000594
218034,D24X40III: 449,1VRX200F7H1000449
218035,HG4000: 1045,1VRC383H0H1001045
218036,PD10: 2231,1VRB100Z2H1002231
218037,D40X55III: 220,1VRY200G1H1000220
218038,D100X140S3: 149,1VRB360W3H1000149
218039,D40X55III: 221,1VRY240G4H1000221
218041,PD10: 2232,1VRB100Z4H1002232
218042,PD10: 2233,1VRB100Z6H1002233
218043,PD10: 2234,1VRB100Z8H1002234
218044,D40X55III: 222,1VRY200G5H1000222
218045,D24X40III: 451,1VRX200F5H1000451
218046,PD10: 2235,1VRB100ZXH1002235
218047,T1255III: 598,1VR230063H1000598
218048,PD10: 2236,1VRB100Z1H1002236
218049,PD10: 2237,1VRB100Z3H1002237
218050,D23X30III: 624,1VRN2007XH1000624
218051,D23X30III: 234,1VRN2007XG1000234
218052,PD10: 2238,1VRB100Z5H1002238
218053,D20X22III: 850,1VRA170V7H1000850
218054,D40X55III: 227,1VRY240G5H1000227
218055,PD10: 2239,1VRB100Z7H1002239
218056,D23X30III: 540,1VRN20074H1000540
218057,D40X55III: 100,1VRY200G6F1000100
218058,PD10: 2240,1VRB100Z3H1002240
218059,D40X55III: 229,1VRY200G8H1000229
218060,PD10: 2241,1VRB100Z5H1002241
218061,Test JD 406241 - BASE Fuel Test - Deactivated,LHP-ASSETID-218061
218062,D23X30III: 569,1VRN20076H1000569
218064,FT300: 1015,1VRC160L9H1001015
218065,D24X40III: 477,1VRX200F1H1000477
218066,PD10: 2243,1VRB100Z9H1002243
218067,D24X40III: 478,1VRX200F3H1000478
218068,D100X140S3: 153,1VRB360W5H1000153
218069,PD10: 2244,1VRB100Z0H1002244
218070,PD10: 2217,1VRB100Z8H1002217
218071,D100X140S3: 146,1VRB360W8H1000146
218072,T655III: 596,1VR7260GXE1000596
218073,LMU3030 Test Unit Fowlerville 1,LHP-ASSETID-218073
218074,LMU3030 Test Unit Fowlerville 2,LHP-ASSETID-218074
218075,LMU3030 Test Unit Fowlerville 3,LHP-ASSETID-218075
218076,LMU3030 Test Unit Chesterfield 1,LHP-ASSETID-218076
218077,LMU3030 Test Unit Chesterfield 2,LHP-ASSETID-218077
218078,LMU3030 Test Unit Chesterfield 3,LHP-ASSETID-218078
218079,HG4000: 99,1VRC312H1E1000099
218080,T655III: 609,1VR7260G2F1000609
218081,PD10: 2218,1VRB100ZXH1002218
218082,TG9000: 209,1VRY43484H1000209
218083,PD10: 2219,1VRB100Z1H1002219
218084,Test TCU 799191 - Deactivated,LHP-ASSETID-218084
218085,AX19: 100,1VRL1925XF1000100
218086,D24X40III: 365,1VRX200F1H1000365
218087,Atlanta Test - Deactivated,LHP-ASSETID-218087
218088,HG6000: 1102,1VRY3931XH1001102
218089,D24X40III: 366,1VRX200F3H1000366
218090,D40X55III: 195,1VRY240G7H1000195
218091,D24X40III: 367,1VRX200F5H1000367
218092,PD10: 2196,1VRB100Z6G1002196
218093,D24X40III: 368,1VRX200F7H1000368
218094,D23X30III: 258,1VRN20072G1000258
218095,D24X40III: 369,1VRX200F9H1000369
218096,T1155III: 511,1VR225048D1000511
218097,T1255III: 600,1VR230068H1000600
218098,D10X15III: 100,1VRA130V0F1000100
218099,Buffalo Sauce - TEST,LHP-ASSETID-218099
218100,D24X40III: 485,1VRX200F0H1000485
218101,D24X40III: 488,1VRX200F6H1000488
218102,D100X140S3: 154,1VRB360W7H1000154
218103,HG4000: 1049,1VRC312H7H1001049
218104,D40X55III: 247,1VRY240G0H1000247
218105,T555III: 1505,1VR2150W4H1001505
218106,HG6000: 2003,1VRY39312H1002003
218107,FT300: 1016,1VRC160L0H1001016
218108,D100X140S3: 155,1VRB360W9H1000155
218109,D24X40III: 500,1VRX200F3H1000500
218110,D40X55III: 259,1VRY240G7H1000259
218111,D24X40III: 505,1VRX200F2H1000505
218112,D23X30III: 539,1VRN20078H1000539
218113,D24X40III: 506,1VRX200F4H1000506
218114,D20X22III: 940,1VRA170V8H1000940
218115,D23X30III: 698,1VRN20076H1000698
218116,PD10: 2250,1VRB100Z6H1002250
218117,D23X30III: 322,1VRN20077G1000322
218118,JD TEST TCU 406450 - Deactivated,LHP-ASSETID-218118
218119,Test TCU 406450 - HG4000 - Deactivated,LHP-ASSETID-218119
218120,TEST TCU 525413 - Deactivated,0000000000525413
218121,D24X40III: 512,1VRX200FXH1000512
218122,D10 TCU 525413 - Deactivated,LHP-ASSETID-218122
218123,T755III TART TEST - Deactivated,LHP-ASSETID-218123
218124,T655 TART TEST - Deactivated,LHP-ASSETID-218124
218125,D24 TART TEST - Deactivated,LHP-ASSETID-218125
218126,D24X40III: 514,1VRX200F3H1000514
218127,D100X140S3: 156,1VRB360W0H1000156
218128,Test JD 723903 - Deactivated,LHP-ASSETID-218128
218129,Test JD 629958 - Deactivated,LHP-ASSETID-218129
218130,D40X55III: 280,1VRY200G8H1000280
218131,HG6000: 2004,1VRY39314H1002004
218132,D10X15III: 529,1VRA130V3H1000529
218133,D10X15III: 530,1VRA130VXH1000530
218134,D100X140S3: 161,1VRB360W4H1000161
218135,PD10: 2254,1VRB100Z3H1002254
218136,PD10: 2264,1VRB100Z6H1002264
218137,HG4000: 1054,1VRC383H1H1001054
218138,PD10: 2266,1VRB100ZXH1002266
218139,OTAP Test TCU,LHP-ASSETID-218139
218140,D40X55III: 283,1VRY240G4H1000283
218141,PD10: 2267,1VRB100Z1H1002267
218142,D100X140S3: 162,1VRB360W6H1000162
218143,D24X40III: 552,1VRX200F0H1000552
218144,D40X55III: 284,1VRY200G5H1000284
218145,D8X10: 100,1VRL12055G1000100
218146,PD10: 2252,1VRB100ZXH1002252
218147,D40X55III: 260,1VRY240G3H1000260
218148,PD10: 2251,1VRB100Z8H1002251
218149,Test TCU 406450 - HG6000 - Deactivated,LHP-ASSETID-218149
218150,T1055III TART TEST - Deactivated,00000000000000000
218151,D100X140S3: 157,1VRB360W2H1000157
218152,D24X40III: 521,1VRX200F0H1000521
218153,T1255III: 601,1VR23006XH1000601
218154,D40X55III: 277,1VRY240G9H1000277
218155,D23X30III: 716,1VRN20074H1000716
218156,D100X140S3: 159,1VRB360W6H1000159
218157,D24X40III: 573,1VRX200F0J1000573
218158,D24X40III: 574,1VRX200F2J1000574
218159,D23X30III: 342,1VRN20072G1000342
218160,D23X30III: 751,1VRN20079J1000751
218161,SC60TX SNTEST,VR345678912345678
218162,D10X15III: 518,1VRA130V9H1000518
218163,D100X140S3: 165,1VRB360W4J1000165
218164,D40X55DRS3: 102,1VR3240M7H1000102
218165,D40X55DRS3: 101,1VR3240M5H1000101
218166,D20X22III: 897,1VRA170V0H1000897
218167,HG4000: 1055,1VRC383H6J1001055
218168,D24X40III: 597,1VRX200F3J1000597
218169,D23X30III: 774,1VRN2007XJ1000774
218170,D10X15III: 480,1VRA130VXH1000480
218171,D24X40III: 565,1VRX200F1J1000565
218172,D100X140S3: 167,1VRB360W8J1000167
218173,HG4000: 1056,1VRC312H4H1001056
218174,D40X55DRS3: 103,1VR3240M9H1000103
218175,D23X30III: 782,1VRN20079J1000782
218176,PD10 SN002282 - Converted - Deactivated,LHP-ASSETID-218176
218177,D40X55III: 256,1VRY200G0H1000256
218178,D23X30III: 785,1VRN20074J1000785
218179,HG4000: 1047,1VRC312H3H1001047
218180,PD10: 2283,1VRB100Z2J1002283
218181,D40X55III: 296,1VRY200G4J1000296
218182,D100X140S3: 169,1VRB360W1J1000169
218183,PD10: 2284,1VRB100Z4J1002284
218184,D100X140S3: 170,1VRB360W8J1000170
218185,D23X30III: 796,1VRN20079J1000796
218186,PD10: 2285,1VRB100Z6J1002285
218187,PD10: 2286,1VRB100Z8J1002286
218188,D60X90S3: 115,1VRJ29033J1000115
218189,PD10: 2287,1VRB100ZXJ1002287
218190,D23X30III: 575,1VRN20071H1000575
218191,PD10: 2288,1VRB100Z1J1002288
218192,D100X140S3: 171,1VRB360WXJ1000171
218193,D40X55DRS3: 99,1VR3240M0H1000099
218194,D40X55III: 261,1VRY200G4H1000261
218195,D40X55III: 305,1VRY200G1J1000305
218196,D100X140S3: 172,1VRB360W1J1000172
218197,PD10: 2289,1VRB100Z3J1002289
218198,D24X40III: 471,1VRX200F0H1000471
218199,D60X90S3: 116,1VRJ29035J1000116
218200,D40X55III: 309,1VRY200G9J1000309
218201,D100X140S3: 173,1VRB360W3J1000173
218202,D40X55III: 310,1VRY200G5J1000310
218203,D24X40III: 607,1VRX200F2J1000607
218204,D24X40III: 635,1VRX200F7J1000635
218205,D40X55III: 308,1VRY200G7J1000308
218206,D100X140S3: 174,1VRB360W5J1000174
218207,D24X40III: 647,1VRX200F3J1000647
218208,D10X15III: 670,1VRA130V7J1000670
218209,D220X300III: 1005,1VRN3907XJ1001005
218210,HG4000: 1046,1VRC312H1H1001046
218211,HG4000: 1042,1VRC312H4H1001042
218212,D60X90S3: 117,1VRJ29037J1000117
218213,HG4000: 1050,1VRC383H4H1001050
218214,D100X140S3: 177,1VRB360W0J1000177
218215,D23X30III: 663,1VRN20079H1000663
218216,D23X30III: 859,1VRN20077J1000859
218217,D24X40III: 655,1VRX200F2J1000655
218218,Prod Push Asset - Deactivated,LHP-ASSETID-218218
218219,D40X55III: 318,1VRY200GXJ1000318
218220,D100X140S3: 178,1VRB360W2J1000178
218221,PD5: 100,1VRN12064J1000100
218222,PD5: 99,1VRN12061J1000099
218223,D100X140S3: 179,1VRB360W4J1000179
218224,D24X40III: 667,1VRX200F9J1000667
218225,D20X22III: 1018,1VRA170V9J1001018
218226,D24X40III: 696,1VRX200F5J1000696
218227,D60X90 S3 SN102 - Deactivated,LHP-ASSETID-218227
218228,D60X90S3: 119,1VRJ29030J1000119
218229,D24X40III: 697,1VRX200F7J1000697
218230,D100X140S3: 152,1VRB360W3H1000152
218231,D23X30III: 889,1VRN20075J1000889
218232,D24X40III: 702,1VRX200F7J1000702
218233,D23X30III: 843,1VRN20073J1000843
218234,TG7000: 2001,1VRY46362J1002001
218235,HG4000: 1058,1VRC312H0J1001058
218236,D24X40III: 633,1VRX200F3J1000633
218237,D100X140S3: 184,1VRB360W8J1000184
218238,D40X55III: 330,1VRY240G1J1000330
218239,D24X40III: 703,1VRX200F9J1000703
218240,D24X40III: 644,1VRX200F8J1000644
218241,D24X40III: 456,1VRX200F4H1000456
218242,D24X40III: 448,1VRX200F5H1000448
218243,SC70TX SN000100 - TEST,LHP-ASSETID-218243
218244,BC1500 GAS SN2000 - TEST,LHP-ASSETID-218244
218245,D10X15III: 713,1VRA130VXJ1000713
218246,D24X40III: 555,1VRX200F6H1000555
218247,D24X40III: 634,1VRX200F5J1000634
218248,D23X30DRIII: 100,1VRM54050J1000100
218249,FW D20X22III sn00905 Vermeer,LHP-ASSETID-218249
218250,D20X22III: 905,1VRA170V6H1000905
218251,BC1800XL: 6462,1VRY151Z0H1006462
218252,RTX1250: 4089,1VR6142R5H1004089
218253,RTX1250: 4018,1VR6142R6G1004018
218254,BC1000XL: 24004,1VRY11194H1024004
218255,RTX1250: 4013,1VR6142R7G1004013
218256,200471 - Deleted Asset Deactivated,BADA130V5H1000418
218257,FI LP573SDT SN161319 Vermeer,LHP-ASSETID-218257
218258,AU LMU3030 Test Unit Aurora 1,LHP-ASSETID-218258
218259,AU LMU3030 Test Unit Aurora 2,LHP-ASSETID-218259
218260,AU LMU3030 Test Unit Aurora 3,LHP-ASSETID-218260
218261,LMU3030 Test Unit Goodfield 1,LHP-ASSETID-218261
218262,LMU3030 Test Unit Goodfield 2,LHP-ASSETID-218262
218263,LMU3030 Test Unit Goodfield 3,LHP-ASSETID-218263
218264,Fishers OBD Test Unit 2,LHP-ASSETID-218264
218265,Fishers OBD Test Unit 3,LHP-ASSETID-218265
218266,D24x40II,LHP-ASSETID-218266
218267,D24x40II,LHP-ASSETID-218267
218268,D24x40II,LHP-ASSETID-218268
218269,D24x40II,LHP-ASSETID-218269
218270,D24x40II,LHP-ASSETID-218270
218271,D24x40II,LHP-ASSETID-218271
218272,D24x40II,LHP-ASSETID-218272
218273,D24x40II,LHP-ASSETID-218273
218274,D24x40II,LHP-ASSETID-218274
218275,D24x40II,LHP-ASSETID-218275
218276,D24x40II,LHP-ASSETID-218276
218277,D24x40II,LHP-ASSETID-218277
218278,D24x40II,LHP-ASSETID-218278
218279,D24x40II,LHP-ASSETID-218279
218280,D24x40II,LHP-ASSETID-218280
218281,D24x40II,LHP-ASSETID-218281
218282,PD10 1VRB100ZSF1002012,2012
218283,Vermeer Great Plains,LHP-ASSETID-218283
218284,T855III: 527,1VR2220Z3G1000527
218285,T955III: 536,1VR222022F1000536
218286,T655III: 516,1VR7260G5A1000516
218287,T855III: 105,1VR2210Z961000105
218288,T855III: 513,1VR2220Z7E1000513
218289,T1055III: 101,1VR2210T761000101
218290,CTX100: 757,1VRZ080H1J1000757
218291,CTX100: 1793,1VRZ080H8K1001793
218292,BC1000XL: 26132,1VRY11194J1026132
218293,D24x40II  SN4145,LHP-ASSETID-218293
218296,D36X50II: 3129,1VR4230D4F1003129
218297,bellamy,LHP-ASSETID-218297
218298,Vermeer Northeast,LHP-ASSETID-218298
218299,Backwoods,LHP-ASSETID-218299
218300,(3W-904483) TERMINATED,LHP-ASSETID-218300
218301,LP573SDT: 1361,5HZBF1625HLHH1361
218302,D24X40III: 526,1VRX200FXH1000526
218303,RTX1250: 4115,1VR6142R2H1004115
218304,Dorment,LHP-ASSETID-218304
218305,RTX750: 3377,1VR9112M6K1003377
218306,D24X40III: 865,1VRX200F0K1000865
218307,BC1000XL: 24929,1VRY11191H1024929
218308,BC1000XL: 24928,1VRY1119XH1024928
218309,Michael Grigg,42027
218310,D24x40 SN9999,LHP-ASSETID-218310
218311,D24x40 SN9999,LHP-ASSETID-218311
218312,D24x40 SN9999,LHP-ASSETID-218312
218313,D24x40II SN4027,LHP-ASSETID-218313
218314,LTS INFRASTUCTURE,LHP-ASSETID-218314
218315,H&G DIRECTIONAL DRILLING,3171
218316,MILNER VENTURE,LHP-ASSETID-218316
218317,D36x50 SN3173 836558,LHP-ASSETID-218317
218318,D220x300 SN132,LHP-ASSETID-218318
218319,VERMEER,LHP-ASSETID-218319
218321,D36x50II,LHP-ASSETID-218321
218322,D36x50 SN3060,LHP-ASSETID-218322
218323,D24x40 SN9999,LHP-ASSETID-218323
218326,Brian Kalinich,4390
218327,M9-HDD,LHP-ASSETID-218327
218328,24x40 SN548,1VRX200F9h1000548
218329,24x40 S3 SN583,LHP-ASSETID-218329
218330,PD10: 1035,1VRB100Z3E1001035
218331,53-14-11,LHP-ASSETID-218331
218332,54-14-11,LHP-ASSETID-218332
218333,55-14-11,LHP-ASSETID-218333
218334,56-14-11,LHP-ASSETID-218334
218335,PD10 SN105,1VRB100Z0C1000105
218336,PD10: 110,1VRB100Z1C1000110
218337,PD10 SN104,1VRB100Z0C1000104
218338,PD10: 109,1VRB100Z5C1000109
218339,PD10: 111,1VRB100Z3C1000111
218340,PD10: 112,1VRB100Z5C1000112
218341,Empire - 23x30,LHP-ASSETID-218341
218342,RTX1250: 1029,1VR6110R4B1001029
218343,RTX550: 589,1VR911056E1000589
218344,Vac-Tron LP 555,LHP-ASSETID-218344
218345,2014 Vac-Tron Elk River,LHP-ASSETID-218345
218346,Telemedia,LHP-ASSETID-218346
218348,RTX1250: 3197,1VR6132R2G1003197
218349,D23X30III: 199,1VRN20071G1000199
218351,D60X90: 207,1VRB29026E1000207
218352,Test,LHP-ASSETID-218352
218354,HG4000,000205
218355,D24X40III: 190,1VRX200F5G1000190
218357,D24X40III: 351,1VRX200F3G1000351
218358,RMCI,LHP-ASSETID-218358
218367,D100X140S3: 185,1VRB360WXJ1000185
218390,D24X40III: 439,1VRX200F4H1000439
218391,HG4000: 1059,1VRC312H2J1001059
218392,D40X55III: 262,1VRY200G6H1000262
218397,D100X140S3: 186,1VRB360W1J1000186
218407,D10X15III: 739,1VRA130V6J1000739
218408,BC1000XL: 25039,1VRY11196H1025039
218413,D10X15III: 738,1VRA130V4J1000738
218420,D24X40III: 577,1VRX200F8J1000577
218457,D40X55III: 333,1VRY200G6J1000333
218461,Azure Migration Config OTAP Test Unit,0000
218462,D100X140S3: 187,1VRB360W3J1000187
218505,D40X55III: 335,1VRY200GXJ1000335
218516,RTX1250: 3072,1VR6132R6F1003072
218517,RTX1250: 3144,1VR6132R5F1003144
218518,RTX1250: 1348,1VR6110R7C1001348
218542,D24X40III: 717,1VRX200F9J1000717
219654,D220X300III: 1006,1VRN39071J1001006
219658,RTX1250: 4021,1VR6142R6G1004021
219659,RTX1250: 4045,1VR6142R7H1004045
220091,D23X30III: 917,1VRN20076J1000917
220099,D40X55III: 339,1VRY200G7J1000339
220129,D23X30III: 918,1VRN20078J1000918
220130,D23X30III: 919,1VRN2007XJ1000919
220131,D23X30III: 920,1VRN20076J1000920
220140,D40X55III: 341,1VRY240G6J1000341
220172,D100X140S3: 189,1VRB360W7J1000189
221234,D24X40III: 487,1VRX200F4H1000487
221238,D10X15III: 748,1VRA130V7J1000748
221239,D10X15III: 747,1VRA130V5J1000747
221260,D100X140S3: 190,1VRB360W3J1000190
221263,D40X55III: 290,1VRY200G3J1000290
221349,D100X140S3: 191,1VRB360W5J1000191
221408,RTX750: 3213,1VR9112M0J1003213
221417,delete,LHP-ASSETID-221417
221418,delete,LHP-ASSETID-221418
221419,delete,LHP-ASSETID-221419
221420,delete,LHP-ASSETID-221420
221421,delete,LHP-ASSETID-221421
221494,HG4000: 1060,1VRC312H9J1001060
221506,D24X40III: 700,1VRX200F3J1000700
221510,D60x90,110
221512,D40x55S3#208,208F
221517,T855III: 518,1VR2220Z4F1000518
221572,D20X22III: 1137,1VRA170V6J1001137
221573,D10X15III: 758,1VRA130VXJ1000758
221589,D24X40III: 735,1VRX200F0J1000735
221590,D23X30III: 936,1VRN2007XJ1000936
221610,D40X55III: 343,1VRY200G9J1000343
221636,D100X140S3: 193,1VRB360W9J1000193
221637,AU VIO17 SNF137 COMED WEST REGION C&M,YMRVIO17JHYJAF137
221640,AU VIO17 SN F216 COMED WEST REGION C&M,YMRVIO17PHYJAF216
221651,AU VIO17 SNF139 COMED WEST REGION C&M,YMRVIO17VHYJAF139
221682,BC900XL: 2345,1VR712169H1002345
221683,D23X30III: 891,1VRN20073J1000891
221690,D24X40III: 680,1VRX200F1J1000680
221710,D100X140S3: 194,1VRB360W0J1000194
221718,D24X40III: 591,1VRX200F2J1000591
221734,D24X40III: 742,1VRX200F8J1000742
221746,D24X40III: 743,1VRX200FXJ1000743
221759,D40X55III: 358,1VRY240G1J1000358
221775,D24X40III: 744,1VRX200F1J1000744
221776,D60X90S3: 123,1VRJ29032J1000123
221809,D24X40III: 745,1VRX200F3J1000745
221810,D40X55III: 359,1VRY240G3J1000359
221826,D24X40III: 746,1VRX200F5J1000746
221841,D100X140S3: 195,1VRB360W2J1000195
221846,D40X55III: 329,1VRY200G4J1000329
221861,CC155: 1019,1VR2152E3J1001019
221863,D100X140S3: 196,1VRB360W4J1000196
221883,D24X40III: 748,1VRX200F9J1000748
221893,D23X30III: 948,1VRN20076J1000948
221894,D24X40III: 699,1VRX200F0J1000699
221897,PD10: 2307,1VRB100Z1J1002307
221899,PD10: 2318,1VRB100Z6J1002318
221900,PD10: 2319,1VRB100Z8J1002319
221901,PD10: 2320,1VRB100Z4J1002320
221902,PD10: 2321,1VRB100Z6J1002321
221903,PD10: 1003,1VRB100Z1E1001003
221904,PD10: 1004,1VRB100Z3E1001004
222010,D24X40III: 750,1VRX200F7J1000750
222017,LHP Test - Deactivated,LHP-ASSETID-222017
222035,D24X40III: 751,1VRX200F9J1000751
222050,D40X55III: 363,1VRY240G5J1000363
222052,Zero Issue Test,LHP-ASSETID-222052
222071,D40X55III: 364,1VRY200G6J1000364
222073,D220X300III: 1007,1VRN39073J1001007
222100,D24X40III: 753,1VRX200F2J1000753
222152,HG4000: 1062,1VRC312H2J1001062
222167,D24X40III: 755,1VRX200F6J1000755
222231,D100X140S3: 197,1VRB360W6J1000197
222235,SHREDDER MULE - TEST,VR100000000000099
222247,D10X15III: 788,1VRA130V8J1000788
222252,SC382 TEST,000000000000000
222270,D100X140S3: 198,1VRB360W8J1000198
222271,D20X22III: 1146,1VRA170V7J1001146
222274,D24X40III: 625,1VRX200F4J1000625
222284,D20X22III: 1142,1VRA170VXJ1001142
222299,D60X90S3: 126,1VRJ29038J1000126
222302,D40X55III: 368,1VRY240G4J1000368
222304,D24X40III: 720,1VRX200F9J1000720
222361,D40X55DRS3: 104,1VR3240M3J1000104
222379,BC1500: 8926,1VR2181V1J1008926
222395,D24X40III: 721,1VRX200F0J1000721
222413,D10X15III: 784,1VRA130V0J1000784
222436,D100X140S3: 199,1VRB360WXJ1000199
222483,D40X55III: 370,1VRY200G1J1000370
222484,D40X55III: 371,1VRY200G3J1000371
222491,CC155: 1020,1VR2152EXJ1001020
222492,Zeros Bench Test,000000
222496,D10X15III: 787,1VRA130V6J1000787
222519,D24X40III: 765,1VRX200F9J1000765
222551,D60X90S3: 128,1VRJ29031J1000128
222575,D24X40III: 767,1VRX200F2J1000767
222584,TG5000: 1014,1VR240205G1001014
222585,RTX750: 3211,1VR9112M7J1003211
222587,RTX1250: 3244,1VR6132R7G1003244
222593,D24X40III: 768,1VRX200F4J1000768
222609,D10X15III: 804,1VRA130V2J1000804
222623,RTX750: 3284,1VR9112M1J1003284
222624,CH VX75-800 SN284039 Vermeer,1M9FE1224JS284039
222642,RTX750: 3202,1VR9112M3H1003202
222643,RTX750: 3210,1VR9112M5J1003210
222649,T955III: 540,1VR222023J1000540
222706,D24X40III: 749,1VRX200F0J1000749
222785,PTX42: 100,1VR8072T5F1000100
222832,D60X90S3: 129,1VRJ29033J1000129
222836,D23X30III: 902,1VRN20074J1000902
222933,HG4000: 1064,1VRC383H7J1001064
222940,D24X40III: 777,1VRX200F5J1000777
222961,T1255: 144,1VRU300W971000144
222988,HG4000: 1065,1VRC312H8J1001065
223014,D40X55III: 379,1VRY240G9J1000379
223045,D40X55DRS3: 106,1VR3240M7J1000106
223046,D24X40III: 778,1VRX200F7J1000778
223054,Chisholm Services,LHP-ASSETID-223054
223079,D40x55 S3,LHP-ASSETID-223079
223100,D40X55III: 381,1VRY240G7J1000381
223101,D40X55III: 380,1VRY240G5J1000380
223105,D23X30III: 995,1VRN20074J1000995
223167,T655III: 617,1VR7260G0J1000617
223176,D40X55III: 383,1VRY240G0J1000383
223243,D40X55III: 384,1VRY240G2J1000384
223298,D40X55DRS3: 109,1VR3240M2J1000109
223339,HG4000: 1067,1VRC312H1J1001067
223348,D100X140S3: 206,1VRB360W3J1000206
223350,PD10: 2352,1VRB100Z6J1002352
223361,IRONSTONE OILFIELD,880B
223365,PD10R: 101,1VRR10087J1000101
223384,D40X55DRS3: 110,1VR3240M9J1000110
223389,PD10R: 102,1VRR10089J1000102
223401,D100X140S3: 207,1VRB360W5J1000207
223407,D23X30III: 996,1VRN20076J1000996
223413,D40X55III: 390,1VRY240G8J1000390
223423,PD10R: 103,1VRR10080J1000103
223444,D24X40III: 792,1VRX200F1J1000792
223456,D40X55III: 391,1VRY200G9J1000391
223461,PD10: 2282,1VRB100Z0J1002282
223503,D24X40III: 705,1VRX200F2J1000705
223506,S925TX: 891,1VRL07058J1000891
223512,PD10R: 104,1VRR10082J1000104
223561,D60X90S3: 131,1VRJ29031J1000131
223595,D24X40III: 719,1VRX200F2J1000719
223615,ATS TEST MTG 1,0000000000000000
223718,D100X140S3: 208,1VRB360W7J1000208
223752,D24X40III: 797,1VRX200F0J1000797
223760,HG4000: 1069,1VRC383H6J1001069
223768,D24X40III: 800,1VRX200F7J1000800
223769,D23X30III: 1024,1VRN20075J1001024
223770,D40X55III: 395,1VRY200G6J1000395
223771,T755III: 578,1VR2180R2J1000578
223787,D24X40III: 801,1VRX200F9J1000801
223819,HG4000: 1070,1VRC383H2J1001070
223826,D60X90S3: 132,1VRJ29033J1000132
223887,PD10: 2335,1VRB100Z6J1002335
223888,D20X22III: 1222,1VRA170V8J1001222
223891,D24X40III: 805,1VRX200F6J1000805
223892,D24X40III: 804,1VRX200F4J1000804
223944,D40X55DRS3: 114,1VR3240M6J1000114
223955,D10X15III: 838,1VRA130V8J1000838
223991,D24X40III: 807,1VRX200FXJ1000807
224008,D24X40III: 808,1VRX200F1J1000808
224018,D40X55DRS3: 115,1VR3240M8J1000115
224049,D24X40III: 809,1VRX200F3J1000809
224067,D100X140S3: 210,1VRB360W5J1000210
224073,Dorment,LHP-ASSETID-224073
224076,D23X30III: 1040,1VRN20073J1001040
224101,D23X30III: 984,1VRN2007XJ1000984
224135,BC900XL: 2277,1VR712167H1002277
224158,D220X300III: 1008,1VRN39075J1001008
224268,PD10R: 105,1VRR10084J1000105
224316,D20X22II: 1443,1VR6180T2E1001443
224321,D23X30III: 973,1VRN20075J1000973
224322,D23X30III: 983,1VRN20078J1000983
224355,PD10R: 106,1VRR10086J1000106
224413,PD10R: 107,1VRR10088J1000107
224429,D23X30III: 970,1VRN2007XJ1000970
224433,D23X30III: 573,1VRN20078H1000573
224456,BC700XL: 1849,1VRC101V7H1001849
224483,HG4000: 1051,1VRC312H5H1001051
224517,PD10R: 108,1VRR10088K1000108
224620,BC1500: 9041,1VR2181VXJ1009041
224634,D24X40III: 747,1VRX200F7J1000747
224639,PD10R: 109,1VRR1008XK1000109
224656,D23X30III: 1046,1VRN20072K1001046
224664,D100X140S3: 211,1VRB360W5K1000211
224666,D23X30III: 1047,1VRN20074K1001047
224678,D24X40III: 818,1VRX200F2K1000818
224691,Vermeer D40x55 S3 836580,LHP-ASSETID-224691
224692,Vermeer D24x40 836582,LHP-ASSETID-224692
224695,D23X30III: 1048,1VRN20076K1001048
224717,D40X55DRS3: 119,1VR3240M3K1000119
224718,D40X55III: 403,1VRY200GXK1000403
224731,Dorment,LHP-ASSETID-224731
224738,D10X15III: 418,1VRA130V5H1000418
224756,D24X40III: 821,1VRX200F2K1000821
224759,HG4000: 1071,1VRC312H3J1001071
224816,D100X140S3: 212,1VRB360W7K1000212
224847,D24X40III: 825,1VRX200FXK1000825
224849,T755III: 580,1VR2180R9K1000580
224921,D40X55III: 406,1VRY240G6K1000406
224930,PTX40IR SN109 - TEST,LHP-ASSETID-224930
224931,PTX40IR SN158 - TEST,LHP-ASSETID-224931
224932,PTX40IR SN185 - TEST,LHP-ASSETID-224932
224967,D40X55III: 407,1VRY200G7K1000407
225005,D24X40III: 828,1VRX200F5K1000828
225016,T1255III: 605,1VR23006XJ1000605
225030,D24X40III: 786,1VRX200F6J1000786
225034,TR626: 4044,56S8552NXKF004044
225071,PD10R: 110,1VRR10086K1000110
225080,HG4000: 1066,1VRC383H0J1001066
225107,D40X55DRS3: 117,1VR3240M1J1000117
225119,D24X40III: 803,1VRX200F2J1000803
225178,D60X90S3: 124,1VRJ29034J1000124
225182,D20X22II: 1249,1VR6180T8D1001249
225187,D23X30III: 1066,1VRN20078K1001066
225206,D23X30III: 956,1VRN20075J1000956
225213,D40X55III: 414,1VRY200G4K1000414
225245,D40X55III: 415,1VRY200G6K1000415
225256,RTX1250: 4220,1VR6142R2J1004220
225257,D100X140S3: 215,1VRB360W2K1000215
225285,D10X15III: 904,1VRA130V4K1000904
225292,HG4000: 1072,1VRC312H3K1001072
225300,D100X140S3: 216,1VRB360W4K1000216
225304,D24X40III: 823,1VRX200F6K1000823
225307,(3W-634245) COVERAGE EXPIRES 12/31/2021,LHP-ASSETID-225307
225338,D20X22III: 1287,1VRA170V1K1001287
225350,D40X55III: 417,1VRY200GXK1000417
225364,T1255III: 607,1VR230061K1000607
225372,D24X40III: 481,1VRX200F3H1000481
225389,D40X55DRS3: 125,1VR3240M9K1000125
225451,D24X40III: 830,1VRX200F3K1000830
225476,D24X40III: 845,1VRX200F5K1000845
225485,T655III: 621,1VR7260G0K1000621
225486,T755III: 581,1VR2180R0K1000581
225489,40249,LHP-ASSETID-225489
225494,D40X55III: 420,1VRY200GXK1000420
225555,D60X90S3: 136,1VRJ29039K1000136
225560,D40X55III: 412,1VRY200G0K1000412
225567,D100X140S3: 217,1VRB360W6K1000217
225574,D24X40III: 826,1VRX200F1K1000826
225603,HG4000: 1074,1VRC363H2K1001074
225621,D23X30III: 974,1VRN20077J1000974
225624,D24X40III: 848,1VRX200F0K1000848
225634,BC1500: 9287,1VR2181V7K1009287
225639,D40X55III: 369,1VRY200G5J1000369
225640,D40X55III: 338,1VRY200G5J1000338
225650,D24X40III: 849,1VRX200F2K1000849
225651,D40X55DRS3: 127,1VR3240M2K1000127
225705,D24X40III: 796,1VRX200F9J1000796
225716,D23X30III: 1057,1VRN20077K1001057
225720,D40X55DRS3: 130,1VR3240M2K1000130
225731,D40X55DRS3: 129,1VR3240M6K1000129
225732,D100X140S3: 218,1VRB360W8K1000218
225735,D23X30III: 1084,1VRN2007XK1001084
225766,D24X40III: 854,1VRX200F6K1000854
225849,D23X30III: 1088,1VRN20077K1001088
225876,PD10R: 111,1VRR10088K1000111
225879,D100X140S3: 219,1VRB360WXK1000219
225880,D23X30III: 1089,1VRN20079K1001089
225881,FI FTX128 S/N3013 181876 STATE OF INDIANA CRAWFORD,LHP-ASSETID-225881
225893,FI FTX128 S/N3015 181877 STATE OF INDIANA FT.WAYNE,LHP-ASSETID-225893
225935,FI FTX128 S/N3016 181878 STATE OF INDIANA GREEN,LHP-ASSETID-225935
225936,D40X55DRS3: 134,1VR3240MXK1000134
225982,PD10R: 112,1VRR1008XK1000112
226137,FI FTX128 S/N3017 181879 STATE OF INDIANA LA-PORTE,LHP-ASSETID-226137
226154,D220X300III: 1009,1VRN39075K1001009
226169,D60X90S3: 137,1VRJ29030K1000137
226189,FI FTX128 S/N3018 181880 STATE OF INDIANA SEYMOUR,LHP-ASSETID-226189
226210,D40X55DRS3: 136,1VR3240M3K1000136
226212,D23X30III: 1092,1VRN20079K1001092
226225,D40X55DRS3: 137,1VR3240M5K1000137
226227,FI FTX128 S/N3019 181881 STATE OF INDIANA VINCENNE,LHP-ASSETID-226227
226232,D23X30III: 1051,1VRN20076K1001051
226239,D23X30III: 1094,1VRN20072K1001094
226253,D40X55DRS3: 138,1VR3240M7K1000138
226262,D100X140S3: 220,1VRB360W6K1000220
226277,D23X30III: 1095,1VRN20074K1001095
226284,D23X30DRS3: 99,1VRM54058J1000099
226292,(3W-630045) TERMINATED,LHP-ASSETID-226292
226297,D40X55III: 350,1VRY200G6J1000350
226313,(3W-822021) COVERAGE EXPIRES 12/31/2021,LHP-ASSETID-226313
226340,D60X90S3: 138,1VRJ29032K1000138
226382,CC155: 1023,1VR2152E3K1001023
226396,D40X55DRS3: 140,1VR3240M5K1000140
226427,D40X55III: 238,1VRY200G9H1000238
226428,D60X90S3: 139,1VRJ29034K1000139
226444,HG4000: 1076,1VRC312H0K1001076
226456,PD10R: 114,1VRR10083K1000114
226457,PD10R: 113,1VRR10081K1000113
226463,D60X90S3: 140,1VRJ29030K1000140
226464,D20X22III: 1332,1VRA170V2K1001332
226473,D40X55III: 427,1VRY200G2K1000427
226506,T1255III: 609,1VR230065K1000609
226525,LHP BENCH TEST,LHP-ASSETID-226525
226529,D40X55III: 448,1VRY240G0K1000448
226541,D60X90S3: 141,1VRJ29032K1000141
226649,FI FTX128 S/N3011,LHP-ASSETID-226649
226651,D40X55III: 258,1VRY240G5H1000258
226660,D100X140S3: 221,1VRB360W8K1000221
226667,D24X40III: 878,1VRX200F9K1000878
226678,D23X30III: 1104,1VRN20071K1001104
226709,PD10R: 115,1VRR10085K1000115
226717,PD10: 2353,1VRB100Z8J1002353
226722,D40X55DRS3: 143,1VR3240M0K1000143
226737,D40X55DRS3: 144,1VR3240M2K1000144
226740,HG4000: 1078,1VRC383H5K1001078
226742,PD10R: 116,1VRR10087K1000116
226758,D60X90S3: 142,1VRJ29034K1000142
226797,D40X55III: 376,1VRY240G3J1000376
226809,D40X55DRS3: 145,1VR3240M4K1000145
226824,HG6000: 2015,1VRY3931XK1002015
226825,HG4000: 1077,1VRC312H2K1001077
226827,PD10R: 117,1VRR10089K1000117
226830,LHP BENCH TEST 2,LHP-ASSETID-226830
226835,LHP BENCH TEST 3,LHP-ASSETID-226835
226901,D23X30III: 1107,1VRN20077K1001107
226918,D60X90S3: 143,1VRJ29036K1000143
226921,HG4000: 1079,1VRC312H6K1001079
226943,D24X40III: 791,1VRX200FXJ1000791
226946,D23X30III: 1110,1VRN20077K1001110
226955,D23X30III: 691,1VRN20073H1000691
226959,D40X55DRS3: 147,1VR3240M8K1000147
226991,BC1800XL: 6852,1VRY151Z5J1006852
227000,HG4000: 1080,1VRC312H2K1001080
241716,D40X55DRS3: 148,1VR3240MXK1000148
241751,D20X22III: 1276,1VRA170V7K1001276
241758,D60X90S3: 145,1VRJ2903XK1000145
241773,SC802: 3130,1VR2151J5K1003130
241774,D23X30 S3 SN691 - Deactivated,LHP-ASSETID-241774
241775,T1255III: 610,1VR230061K1000610
241779,T755III: 583,1VR2180R4K1000583
241787,D24X40III: 898,1VRX200F4K1000898
241832,D24X40III: 861,1VRX200F3K1000861
241841,HG4000: 1081,1VRC312H4K1001081
241848,D100X140S3: 223,1VRB360W1K1000223
241852,D40X55III: 225,1VRY240G1H1000225
241896,SC60TX: 4435,1VRY12053K1004435
241902,D100X140S3: 224,1VRB360W3K1000224
241911,D24X40III: 901,1VRX200F0K1000901
241937,PD10R: 118,1VRR10080K1000118
241943,PD10R: 119,1VRR10082K1000119
241952,R250C: 125,1VRW200E0K1000125
241962,D40X55III: 431,1VRY240G5K1000431
241969,PD10R: 120,1VRR10089K1000120
241976,D40X55DRS3: 150,1VR3240M8K1000150
241999,T855III: 529,1VR2220Z6K1000529
242031,BC1500: 8697,1VR2181V9H1008697
242032,D40X55DRS3: 151,1VR3240MXK1000151
242073,D23X30III: 1128,1VRN20074K1001128
242099,D40X55DRS3: 152,1VR3240M1K1000152
242112,D40X55III: 402,1VRY200G8K1000402
242136,D24X40III: 912,1VRX200F5K1000912
242154,D100X140S3: 226,1VRB360W7K1000226
242167,D40X55DRS3: 153,1VR3240M3K1000153
242219,D40X55DRS3: 154,1VR3240M5K1000154
242221,test tart - Deactivated,11122233344455566
242224,D220X300III: 1011,1VRN39073K1001011
242243,PTX42: 139,1VR8072T8G1000139
242258,D40X55III: 449,1VRY200G1K1000449
242261,D40X55III: 424,1VRY200G7K1000424
242277,HG6000: 2016,1VRY39311K1002016
242300,D24X40III: 923,1VRX200FXK1000923
242306,HG4000: 1082,1VRC383H7K1001082
242320,D24X40III: 876,1VRX200F5K1000876
242331,DCI IW Hardware System Test,1VR00000000002976
242341,D24X40III: 924,1VRX200F1K1000924
242349,TP1 SIGNAL TEST TCU,1V010101010101010
242374,D40X55III: 435,1VRY200G1K1000435
242380,D24X40III: 928,1VRX200F9K1000928
242400,D40X55III: 455,1VRY240G8K1000455
242401,D40X55III: 456,1VRY240GXK1000456
242403,D24X40III: 931,1VRX200F9K1000931
242406,D100X140S3: 228,1VRB360W0K1000228
242407,D10X15III: 980,1VRA130V9K1000980
242416,ATS TEST TCU,1V000000000000212
242433,BC1800XL: 7079,1VRY151Z7K1007079
242463,D40X55III: 458,1VRY240G3K1000458
242495,AX17: 100,1VRV192CXJ1000100
242496,EV TEST TCU,1VZ00000000000099
242497,RTX1250: 3028,1VR6132R5E1003028
242521,D100X140S3: 229,1VRB360W2K1000229
242547,D40X55DRS3: 157,1VR3240M0K1000157
242548,HG4000: 1084,1VRC312HXK1001084
242574,D40X55III: 475,1VRY240G3K1000475
242586,PD10R: 121,1VRR10080K1000121
242588,D24X40III: 937,1VRX200FXK1000937
242607,D60X90S3: 153,1VRJ29039K1000153
242609,D24X40III: 938,1VRX200F1K1000938
242639,T555III: 1511,1VR2150W0K1001511
242640,D20X22III: 1381,1VRA170V4K1001381
242646,BC1800XL: 7086,1VRY151Z4K1007086
242648,D100X140S3: 231,1VRB360W0K1000231
242655,BC1800XL: 7087,1VRY151Z6K1007087
242746,PD10R: 124,1VRR10086K1000124
242817,PD10R: 125,1VRR10088K1000125
242821,(3W-683134) TERMINATED,LHP-ASSETID-242821
242850,T655III: 626,1VR7260GXK1000626
242854,D40X55III: 479,1VRY240G0K1000479
242856,CC155: 1007,1VR2152E4H1001007
242857,HG4000: 1087,1VRC312H5K1001087
242886,D24X40III: 942,1VRX200F3K1000942
242908,D20X22III: 1175,1VRA170V3J1001175
242909,D20X22III: 1174,1VRA170V1J1001174
242911,D60X90S3: 155,1VRJ29032K1000155
242919,D24X40III: 920,1VRX200F4K1000920
242922,PD10: 2371,1VRB100Z8K1002371
242923,PD10: 2390,1VRB100Z1K1002390
242924,PD10: 2387,1VRB100Z1K1002387
242925,PD10: 2392,1VRB100Z5K1002392
242926,PD10: 2372,1VRB100ZXK1002372
242933,D23X30III: 1155,1VRN20077K1001155
242980,D40X55III: 400,1VRY200G6J1000400
242996,PD10: 2408,1VRB100Z5K1002408
243010,D24X40III: 948,1VRX200F4K1000948
243011,PD10: 2388,1VRB100Z3K1002388
243037,D10X15III: 1017,1VRA130V4K1001017
243041,SC60TX: 4466,1VRY12053K1004466
243068,D40X55III: 482,1VRY240G0K1000482
243070,D10X15III: 769,1VRA130V4J1000769
243071,D20X22II: 1890,1VR6180T3F1001890
243091,D100X140S3: 237,1VRB360W1K1000237
243108,T655III: 627,1VR7260G1K1000627
243112,D40X55DRS3: 162,1VR3240M4K1000162
243147,RTX1250I2: 157,1VRR13290K1000157
243149,D23X30III: 1169,1VRN20077K1001169
243152,PD10R: 126,1VRR1008XK1000126
243178,D20X22III: 1387,1VRA170V5K1001387
243179,T1255III: 612,1VR230065K1000612
243182,BC1800XL: 6201,1VRY151Z7G1006201
243184,D40X55DRS3: 163,1VR3240M6K1000163
243189,D40X55III: 471,1VRY240G6K1000471
243205,PD10R: 127,1VRR10081K1000127
243209,Utility Test 1004,1VR00000000001004
243210,CTX160: 100,1VR3080M8K1000100
243219,D23X30III: 1164,1VRN20078K1001164
243274,D24X40III: 935,1VRX200F6K1000935
243275,PD10R: 128,1VRR10083K1000128
243310,D10X15III: 925,1VRA130V1K1000925
243314,D20X22III: 1456,1VRA170V9K1001456
243315,D10X15III: 993,1VRA130V7K1000993
243316,D10X15III: 1037,1VRA130VXK1001037
243317,D20X22III: 1416,1VRA170V8K1001416
243319,D60X90S3: 156,1VRJ29034K1000156
243332,D20X22III: 1457,1VRA170V0K1001457
243334,D20X22III: 1430,1VRA170V2K1001430
243335,D24X40III: 958,1VRX200F7K1000958
243363,BC1800XL: 7137,1VRY151Z6K1007137
243382,D24X40III: 959,1VRX200F9K1000959
243385,D100X140S3: 241,1VRB360W3K1000241
243386,D10X15III: 741,1VRA130V4J1000741
243388,PD10R: 129,1VRR10085K1000129
243450,D10X15III: 956,1VRA130V1K1000956
243475,PD10: 2410,1VRB100Z3K1002410
243491,D100X140S3: 242,1VRB360W5K1000242
243502,PD10: 2411,1VRB100Z5K1002411
243503,HG6000: 2018,1VRY39315K1002018
243504,D20X22III: 1443,1VRA170V0K1001443
243513,D20X22III: 1442,1VRA170V9K1001442
243535,D60X90S3: 157,1VRJ29036K1000157
243551,PD10: 2412,1VRB100Z7K1002412
243554,D23X30DRS3: 101,1VRJ2103XK1000101
243555,D23X30DRS3: 102,1VRJ21031K1000102
243562,D23X30III: 999,1VRN20071J1000999
243563,D20X22III: 1288,1VRA170V3K1001288
243582,D20X22III: 1396,1VRA170V6K1001396
243583,HG4000: 1088,1VRC383H8K1001088
243597,RTX1250I2: 99,1VRR13290H1000099
243611,D20X22III: 1452,1VRA170V1K1001452
243612,D20X22III: 1448,1VRA170VXK1001448
243614,RTX1250I2: 168,1VRR13295K1000168
243615,HG4000: 1089,1VRC312H9K1001089
243616,PD10: 2413,1VRB100Z9K1002413
243618,D100X140S3: 244,1VRB360W9K1000244
243619,D23X30III: 1194,1VRN20076K1001194
243620,PTX42: 102,1VRK07248K1000102
243639,PD10: 2407,1VRB100Z3K1002407
243641,Utility Test 137,1VR00000000000137
243642,Utility Test 108,1VR00000000000108
243643,Utility Test 206,1VR00000000000206
243644,Utility Test 119,1VR00000000000119
243652,D20X22III: 1388,1VRA170V7K1001388
243654,D20X22III: 1463,1VRA170V6K1001463
243656,Utility Test 140,1VR00000000000140
243657,R600T: 100,1VR6553R9KF000100
243678,PD10: 2414,1VRB100Z0K1002414
243679,HG4000: 1090,1VRC312H5K1001090
243705,ATS Test null0,1VR0000000000NULL
243706,Utility Test 1001,1VR00000000001001
243707,Utility Test 1002,1VR00000000001002
243708,Utility Test 1003,1VR00000000001003
243709,Utility Test 1005,1VR00000000001005
243710,Utility Test 1006,1VR00000000001006
243711,Utility Test 1007,1VR00000000001007
243712,Utility Test 1008,1VR00000000001008
243714,T1055III: 570,1VR2210T6K1000570
243728,D100X140S3: 245,1VRB360W0K1000245
243738,RTX1250I2: 171,1VRR13295K1000171
243739,RTX1250I2: 172,1VRR13297K1000172
243745,T1255III: 613,1VR230067K1000613
243749,D40X55DRS3: 167,1VR3240M3K1000167
243756,BC1000XL: 27967,1VRY11193K1027967
243757,BC1500: 9450,1VR2181V3K1009450
243763,BC1800XL: 4768,1VRY131Z1F1004768
243791,D100X140S3: 246,1VRB360W2K1000246
243794,RTX1250I2: 173,1VRR13299K1000173
243807,PD10: 2415,1VRB100Z2K1002415
246679,D40X55III: 419,1VRY200G3K1000419
246724,PD10: 2416,1VRB100Z4K1002416
246740,D24X40III: 572,1VRX200F9J1000572
246741,D20X22III: 1216,1VRA170V2J1001216
246743,D24X40III: 675,1VRX200F8J1000675
246773,D20X22III: 661,1VRA170V4H1000661
246794,D100X140S3: 248,1VRB360W6K1000248
246816,TR626: 4010,56S8552N5GF004010
246862,D100X140S3: 249,1VRB360W8K1000249
246891,D20x22S3#1456,LHP-ASSETID-246891
246932,D20X22III: 1474,1VRA170V0K1001474
246933,D20X22III: 1470,1VRA170V3K1001470
246942,T855III: 530,1VR2220Z2K1000530
247043,RTX1250I2: 181,1VRR13298K1000181
247052,Utility Test 1011,1VR00000000001011
247066,D100X140S3: 250,1VRB360W4K1000250
247067,Utility Test 127,1VR00000000000127
247068,Utility Test 113,1VR00000000000113
247069,Utility Test 180,1VR00000000000180
247070,Utility Test 132,1VR00000000000132
247082,PD10R: 130,1VRR10081K1000130
247114,D10X15III: 1043,1VRA130V5K1001043
247132,D10X15III: 1000,1VRA130V9K1001000
247133,D24X40III: 956,1VRX200F3K1000956
247150,D60X90S3 S#0153 HardRock Directional,LHP-ASSETID-247150
247155,PD10R: 131,1VRR10083K1000131
247181,D100X140S3: 252,1VRB360W8K1000252
247207,D24X40III: 987,1VRX200F3K1000987
247209,D100X140S3: 238,1VRB360W3K1000238
247213,PD10R: 132,1VRR10085K1000132
247216,D100X140S3: 253,1VRB360WXK1000253
247258,D20X22III: 1358,1VRA170V9K1001358
252800,D60X90S3: 162,1VRJ2903XK1000162
252827,D24X40III: 992,1VRX200F7K1000992
252850,T1155III: 525,1VR225041K1000525
252852,T655III: 624,1VR7260G6K1000624
252853,Utility Test 1012,1VR0000000001012
252883,T1255III: 614,1VR230069K1000614
252921,D100X140S3: 255,1VRB360W3K1000255
252926,D24X40III: 994,1VRX200F0K1000994
252929,D40X55DRS3: 174,1VR3240M0K1000174
253019,D23X30DRS3: 103,1VRJ21033K1000103
253027,CTX100: 1300,1VRZ080H3K1001300
253152,D100X140S3: 230,1VRB360W9K1000230
253158,HG4000: 1092,1VRC312H9K1001092
253166,BC1500: 9266,1VR2181VXK1009266
261536,T855III: 531,1VR2220Z4K1000531
261537,D60X90S3: 163,1VRJ29031K1000163
261554,HG4000: 1093,1VRC312H0K1001093
262957,Utility Test 723903,1VR00000000723903
262963,Utility Test 1010,1VRXXXXXXXXX01010
263013,D100X140S3: 258,1VRB360W9K1000258
263017,PS1200: 1001,1VRB3308XK1001001
263029,T955III: 123,1VR22202871000123
263050,D60X90S3: 164,1VRJ29033K1000164
263051,BC1800XL: 7159,1VRY151Z5K1007159
263052,ATS TEST MTG 3,1VR00000000629958
263169,D20X22III: 1519,1VRA170V7K1001519
263171,HG6000: 2019,1VRY39317K1002019
263349,D40X55DRS3: 165,1VR3240MXK1000165
263363,D40X55DRS3: 177,1VR3240M6K1000177
263389,LS3600TX: 100,1VRX190F0K1000100
263399,D100X140S3: 260,1VRB360W7K1000260
263421,HG4000: 1094,1VRC363H8K1001094
263542,D23X30III: 1001,1VRN20074J1001001
263553,RTX1250I2: 103,1VRR13291J1000103
263579,D40X55DRS3: 178,1VR3240M8K1000178
263594,D10X15III: 1133,1VRA130V6K1001133
263595,5-101,1001
263596,5-100,936
263607,BC1000XL: 17893,1VRY11193C1017893
263608,RTX1250I2: 107,1VRR13297K1000107
263630,RTX1250I2: 111,1VRR13299K1000111
263653,D10X15III: 1134,1VRA130V8K1001134
263654,D24X40III: 578,1VRX200FXJ1000578
263656,D100X140S3: 262,1VRB360W0K1000262
263673,RTX1250I2: 115,1VRR13296K1000115
263681,D100X140S3: 263,1VRB360W2K1000263
263690,RTX1250I2: 112,1VRR13290K1000112
263705,RTX1250I2: 113,1VRR13292K1000113
263707,D40X55DRS3: 179,1VR3240MXK1000179
263728,PD10R: 133,1VRR10087K1000133
263756,PD10: 2424,1VRB100Z3K1002424
263826,D40X55III: 514,1VRY240G9K1000514
263827,D40X55DRS3: 180,1VR3240M6K1000180
263856,D100X140S3: 265,1VRB360W6K1000265
263876,HG4000: 1096,1VRC312H6K1001096
263881,CTX100: 1891,1VRZ080H8K1001891
263882,D40X55DRS3: 181,1VR3240M8K1000181
263884,T1155III: 526,1VR225043K1000526
263890,S925TX: 1112,1VRL07057J1001112
263891,S925TX: 767,1VRL07057J1000767
263900,D24X40III: 691,1VRX200F6J1000691
263923,D23X30DRS3: 105,1VRJ21037K1000105
263940,FT100: 2009,1VRN10077H1002009
263946,RTX750: 3369,1VR9112M7K1003369
263954,D23X30DRS3: 104,1VRJ21035K1000104
263960,D23X30DRS3: 106,1VRJ21039K1000106
263969,D20X22III: 1485,1VRA170V5K1001485
263970,D20X22III: 1475,1VRA170V2K1001475
263973,Utility test,1VR00000000000107
264005,KEVIN ROSENTHAL VSF147,1FT7X2BT7BEA42748
264020,D100X140S3: 266,1VRB360W8K1000266
264029,BC1000XL: 26620,1VRY11196J1026620
264038,RTX750: 3372,1VR9112M7K1003372
264052,D23X30III: 1247,1VRN20071K1001247
264053,RTX200 - TEST3,12345679841565131
264102,RTX750: 3374,1VR9112M0K1003374
264153,RUDY CANZANZESE VSF239,3ALACWFC6JDJM8327
264159,d100x140s3 DD-19,1VRB360WXK1000253
264167,Utility Test 142,1VR00000000000142
264226,D40X55III: 518,1VRY200G5K1000518
264228,STAAL IRRIGATION,407B
264242,HG6000TX: 2021,1VR2390A2K1002021
264245,Utility Test 2,1VR00000000000109
264247,T655III: 630,1VR7260G1K1000630
264280,T755III: 588,1VR2180R3K1000588
264293,D23X30DRS3: 108,1VRJ21032K1000108
264303,PD10R: 134,1VRR10089K1000134
264315,HG6000TX: 2022,1VR2390A4K1002022
264369,PD10R: 135,1VRR10080K1000135
264376,D100X140S3: 261,1VRB360W9K1000261
264377,D40X55DRS3: 185,1VR3240M5K1000185
264378,D23X30DRS3: 111,1VRJ21032K1000111
264379,D23X30DRS3: 110,1VRJ21030K1000110
264393,T755III: 589,1VR2180R5K1000589
264409,BC1000XL: 28825,1VRY1119XK1028825
264431,RTX1250I2: 225,1VRR13292K1000225
264440,D100X140S3: 270,1VRB360WXK1000270
264494,D23X30III: 1176,1VRN20074K1001176
264509,RTX1250I2: 234,1VRR13293K1000234
264517,359865072759817 - TEST,LHP-ASSETID-264517
264543,Utility Test 733,none
264545,ATS Test 3031,00715
264550,PD10: 2432,1VRB100Z2K1002432
264551,PD10: 2433,1VRB100Z4K1002433
264558,PD10: 2434,1VRB100Z6K1002434
264569,PCI TP1 TEST,LHP-ASSETID-264569
264576,ATS Test 740,000740
264577,Utility Test 713,000713
264578,VFM Test 717,1VR00000000000717
264579,ATS Test 710,000710
264580,Utility Test 736,000736
264581,Utility Test 732,000732
264582,ATS Test null2,1VR000000000NULL2
264598,D24X40III: 1043,1VRX200F5L1001043
264604,Utility Test 702,000702
264605,ATS Test 738,000738
264606,Utility Test 709,000709
264608,D40X55DRS3: 189,1VR3240M0L1000189
264620,D40X55III: 520,1VRY200G1L1000520
264628,RTX750: 3380,1VR9112M6K1003380
264645,SOC750: 100,1VR2240L0K1000100
264655,RTX750: 3381,1VR9112M8K1003381
264692,ATS Test 756,1VRXXXXXXXXXX0756
264717,RTX750: 3378,1VR9112M8K1003378
264719,D23X30III: 1278,1VRN20071K1001278
264735,D40X55DRS3: 190,1VR3240M7L1000190
264743,TR6450: 100,1VR1402K1LF000100
264755,D40X55DRS3: 191,1VR3240M9L1000191
264761,RW1240I2: 145,1VRT080B8L1000145
264763,T755III: 591,1VR2180R3K1000591
264780,D40X55III: 521,1VRY200G3L1000521
264787,D100X140S3: 273,1VRB360W3L1000273
264801,D40X55DRS3: 192,1VR3240M0L1000192
264819,PD10: 2436,1VRB100ZXK1002436
264823,Utility Test 721,1VR00000000000721
264829,PD10: 2437,1VRB100Z1K1002437
264833,T1255III: 617,1VR230064K1000617
264840,D20X22II: 585,1VR6180T1B1000585
264843,D36X50II: 343,1VR4230D071000343
264851,D40X55III: 522,1VRY200G5L1000522
264852,HG4000: 1100,1VRC312H2L1001100
264856,D10X15III: 1181,1VRA130V4L1001181
264875,D100X140S3: 274,1VRB360W5L1000274
264876,D8X12: 221,1VR7130S0J1000221
264877,D40X55III: 523,1VRY200G7L1000523
264878,Utility Test 3312 - IW Hardware (Demo Board),1vr00000000000765
264940,JOSE VELEZ VSF205,3ALACWDT8FDGA6197
264947,D20X22III: 1491,1VRA170V0K1001491
264948,D24X40III: 1050,1VRX200F2L1001050
264951,D40X55III: 524,1VRY200G9L1000524
264952,LHP MORGAN TEST,0000111100001111
264994,SC362: 2606,1VRF112Y4K1002606
264996,D23X30III: 1337,1VRN20070L1001337
265002,PD10R: 136,1VRR10080L1000136
265011,D100X140S3: 275,1VRB360W7L1000275
265014,HG4000: 1101,1VRC312H4L1001101
265042,PD10R: 137,1VRR10082L1000137
265045,D24X40III: 608,1VRX200F4J1000608
265051,D40X55DRS3: 194,1VR3240M4L1000194
265083,PD10R: 138,1VRR10084L1000138
265085,T1255III: 618,1VR230066K1000618
265086,D24X40III: 1040,1VRX200FXL1001040
265100,RTX1250I2: 248,1VRR13291L1000248
265108,PD10R: 139,1VRR10086L1000139
265110,D10X15III: 930,1VRA130V5K1000930
265113,ATS Test 737,1VR00000000000737
265167,PD10R: 140,1VRR10082L1000140
265171,T655III: 631,1VR7260G3K1000631
265172,D100X140S3: 276,1VRB360W9L1000276
265187,ATS Test 764,1VR00000000001345
265188,ATS Test 751,0751
265190,D24X40III: 1062,1VRX200F9L1001062
265191,D23X30DRS3: 107,1VRJ21030K1000107
265209,PD10R: 141,1VRR10084L1000141
265210,D220X500S3: 100,1VR4500N8K1000100
265211,Utility Test 760,1VR00000000000760
265213,Utility Test 752,1VR00000000000752
265214,ATS Test 726,1VR00000000000726
265218,D23X30III: 1324,1VRN20072L1001324
265226,HG4000G2: 100,1VRG32215L1000100
265231,HG4000: 1103,1VRC363H3L1001103
265239,D23X30DRS3: 109,1VRJ21034K1000109
265258,D40X55III: 529,1VRY240G9L1000529
265259,D40X55DRS3: 196,1VR3240M8L1000196
265264,D9X13III: 605,1VR1120H0G1000605
265268,PD10R: 142,1VRR10086L1000142
265269,D100X140S3: 277,1VRB360W0L1000277
265282,D8X12: 1001,1VR7130S9L1001001
265283,D40X55DRS3: 113,1VR3240M4J1000113
265285,D100X140 S3 SN277,1VR00000000000000
265286,D60X90S3: 169,1VRJ29030L1000169
265308,D40X55DRS3: 197,1VR3240MXL1000197
265309,D10X15III: 1086,1VRA130V1K1001086
265313,PD10R: 143,1VRR10088L1000143
265336,D20X22III: 1606,1VRA170V0L1001606
265344,SC552: 343,1VR9138U1L1000343
265351,D10X15III: 1185,1VRA130V1L1001185
265390,D40X55III: 532,1VRY200G8L1000532
265401,PD10R: 145,1VRR10081L1000145
265430,HG4000: 1104,1VRC312HXL1001104
265434,PD10R: 146,1VRR10083L1000146
265445,D20X22III: 1607,1VRA170V2L1001607
265446,D100X140S3: 278,1VRB360W2L1000278
265452,PD10R: 147,1VRR10085L1000147
265456,D24X40III: 1067,1VRX200F8L1001067
265458,ATS Test 749,1VR00000000000749
265464,D24X40III: 1074,1VRX200F5L1001074
265478,delete,LHP-ASSETID-265478
265495,D23X30DRS3: 129,1VRJ21038L1000129
265496,D24X40III: 1075,1VRX200F7L1001075
265498,HG4000: 1105,1VRC312H1L1001105
265535,D100X140S3: 279,1VRB360W4L1000279
265564,D23X30III: 521,1VRN20070H1000521
265592,D40X55DRS3: 201,1VR3240M8L1000201
265645,D40X55DRS3: 202,1VR3240MXL1000202
265662,RTX1250I2: 264,1VRR1329XL1000264
265667,T1155III: 520,1VR225045F1000520
265682,T1255III: 616,1VR230062K1000616
265722,D100X140S3: 280,1VRB360W0L1000280
265752,D40X55DRS3: 203,1VR3240M1L1000203
265764,D23X30DRS3: 133,1VRJ2103XL1000133
265782,S925TX: 1507,1VRL07056K1001507
265795,D23X30DRS3: 134,1VRJ21031L1000134
265797,HG4000: 1106,1VRC383H4L1001106
265859,T855III: 532,1VR2220Z4L1000532
265867,RTX1250I2: 268,1VRR13297L1000268
265873,D23X30III: 1315,1VRN20073K1001315
265874,D20X22III: 1453,1VRA170V3K1001453
265881,D23X30DRS3: 137,1VRJ21037L1000137
265885,HG4000: 1107,1VRC383H6L1001107
265889,D23X30III: 1364,1VRN20073L1001364
265894,D40X55III: 444,1VRY240G3K1000444
265897,D24X40III: 1089,1VRX200F7L1001089
265917,PD10: 2435,1VRB100Z8K1002435
265946,D24X40III: 1033,1VRX200F4K1001033
265948,D24X40III: 1091,1VRX200F5L1001091
265959,D23X30DRS3: 139,1VRJ21030L1000139
265962,D40X55III: 538,1VRY200G9L1000538
265967,D100X140S3: 281,1VRB360W2L1000281
265976,D24X40III: 1092,1VRX200F7L1001092
265997,D40X55DRS3: 205,1VR3240M5L1000205
265998,D40X55III: 539,1VRY200G0L1000539
266020,D10X15III: 1232,1VRA130V6L1001232
266041,D60X90S3: 174,1VRJ29034L1000174
266051,ATS Test 720,1VR00000000000720
266057,D23X30DRS3: 143,1VRJ21032L1000143
266064,LHP PCI TEST,LHP-ASSETID-266064
266066,ATS Test 722,1VR00000000000722
266071,D23X30III: 1343,1VRN20076L1001343
266074,ATS Test 714,1VR00000000000714
266075,Utility Test 69485 (Gary B.),1VR00000000069485
266076,Utility Test 792 (GF-OM Team),1VR00000000000792
266077,Utility Test 31068,1VR00000000031068
266078,Plant 7 Bench Test - Utility,1VR0000000003303
266079,D60G4: 100,1VRB320W4L1000100
266092,Plant 6 Bench Test,1VR00000000000723
266106,D100X140S3: 282,1VRB360W4L1000282
266112,D40X55DRS3: 207,1VR3240M9L1000207
266123,PD5R: 105,1VR6120R1L1000105
266124,PD5R: 104,1VR6120RXL1000104
266125,PD5R: 103,1VR6120R8L1000103
266126,PD5R: 102,1VR6120R8K1000102
266127,PD5R: 101,1VR6120R6K1000101
266154,D20X22III: 1024,1VRA170V4J1001024
266155,D20X22III: 443,1VRA170V7G1000443
266164,D40X55III: 418,1VRY200G1K1000418
266170,D60X90S3: 175,1VRJ29036L1000175
266197,D20X22III: 996,1VRA170V5J1000996
266209,D40X55DRS3: 208,1VR3240M0L1000208
266214,D24X40III: 664,1VRX200F3J1000664
266215,HG6000: 2022,1VRY39315L1002022
266220,SC382: 263,1VRU112B6L1000263
266221,SC70TX: 284,1VRK12032L1000284
266222,CTX160: 103,1VR3080M1L1000103
266230,D24X40III: 532,1VRX200F5H1000532
266236,D20X22III: 988,1VRA170V6J1000988
266237,SC852: 1214,1VR7122L4L1001214
266248,D40X55DRS3: 209,1VR3240M2L1000209
266254,D10X15III: 165,1VRA130V2H1000165
266258,PD10: 2417,1VRB100Z6K1002417
266259,PD10: 2409,1VRB100Z7K1002409
266260,PD10: 2418,1VRB100Z8K1002418
266261,PD10: 2419,1VRB100ZXK1002419
266262,PD10: 2421,1VRB100Z8K1002421
266299,D60X90S3: 176,1VRJ29038L1000176
266334,D40X55DRS3: 210,1VR3240M9L1000210
266339,D23X30DRS3: 151,1VRJ21031L1000151
266344,D24X40II: 4032,1VRZ19033E1004032
266381,D24X40III: 728,1VRX200F3J1000728
266386,D60X90S3: 177,1VRJ2903XL1000177
266390,PD5R: 107,1VR6120R5L1000107
266392,PD5R: 108,1VR6120R7L1000108
266393,PD5R: 106,1VR6120R3L1000106
266405,D40X55DRS3: 211,1VR3240M0L1000211
266451,D24X40III: 1094,1VRX200F0L1001094
266463,ATS Test 719,1VR00000000000719
266466,HG4000: 1109,1VRC383HXL1001109
266494,D40X55DRS3: 212,1VR3240M2L1000212
266505,D23X30III: 1382,1VRN20075L1001382
266596,D23X30DRS3: 154,1VRJ21037L1000154
266654,ATS Test 1100 (CA - AppSupport),1VR00000000001100
266659,D23X30DRS3: 156,1VRJ21030L1000156
266672,D10X15III: 488,1VRA130V4H1000488
266681,HG4000: 1110,1VRC383H6L1001110
266690,D40X55DRS3: 214,1VR3240M6L1000214
266701,PD10R: 156,1VRR10086L1000156
266702,D23X30DRS3: 157,1VRJ21032L1000157
266717,Nissen Drill,MSD2574VEB10
266718,Nissen - TEST,LHP-ASSETID-266718
266743,D40X55DRS3: 215,1VR3240M8L1000215
266761,D20X22III: 1716,1VRA170V7L1001716
266773,D20X22III: 1616,1VRA170V3L1001616
266804,RF Test 1240,1VR00000000001240
266806,D20X22III: 1692,1VRA170V8L1001692
266827,D24X40III: 1095,1VRX200F2L1001095
266829,D100X140S3: 286,1VRB360W1L1000286
266851,AX19: 170,1VRL19255H1000170
266859,D20X22III: 1701,1VRA170V5L1001701
266868,PD10R: 157,1VRR10088L1000157
266873,RTX1250I2: 295,1VRR1329XL1000295
266876,D20X22III: 1568,1VRA170V9K1001568
266883,D10X15III: 1270,1VRA130V3L1001270
266946,ATS Test 1082,1VR00000000001082
266951,D40X55III: 553,1VRY200G5L1000553
266965,FERNANDO ARRUA VSF194,3ALACWDT7FDGA6174
266966,EDGAR LIMPIOSO VSF180,1FT8W3DT6EEA98601
266976,PD10R: 158,1VRR1008XL1000158
267014,D60X90S3: 181,1VRJ29031L1000181
267037,D23X30III: 1440,1VRN20074L1001440
267050,HG6000: 2025,1VRY39310L1002025
267051,D100X140S3: 287,1VRB360W3L1000287
267056,D40X55III: 555,1VRY200G9L1000555
267061,PD10R: 159,1VRR10081L1000159
267062,PD10R: 160,1VRR10088L1000160
267067,HG6800TX: 153,1VRK48045L1000153
267098,PD10R: 161,1VRR1008XL1000161
267219,PD10R: 162,1VRR10081L1000162
267239,D40X55III: 558,1VRY200G4L1000558
267265,PD10R: 163,1VRR10083L1000163
267275,D23X30III: 1446,1VRN20075L1001446
267370,PTX42: 103,1VRK07248L1000103
267437,D220X500S3: 101,1VR4500NLM1000101
267440,PD10: 2347,1VRB100Z2J1002347
267463,D24X40III: 1146,1VRX200F4L1001146
267469,PD10R: 164,1VRR10085L1000164
267479,TR626: 4070,56S8552N9LF004070
267483,HG4000: 1111,1VRC312H7L1001111
267486,PD10R: 165,1VRR10087L1000165
267503,D20X22III: 1655,1VRA170V2L1001655
267514,D24X40III: 2001,1VRX200F5L1002001
267562,D24X40III: 2002,1VRX200F7L1002002
267566,D23X30III: 2001,1VRN20075L1002001
267607,D23X30DRS3: 1001,1VRJ21039L1001001
267615,D23X30III: 2002,1VRN20077L1002002
267617,D24X40III: 2003,1VRX200F9L1002003
267624,PD10R: 166,1VRR10089L1000166
267625,D40X55III: 1501,1VRY240G3L1001501
267646,PD10: 2261,1VRB100Z0H1002261
267652,D40X55III: 1502,1VRY240G5L1001502
267656,D23X30III: 2003,1VRN20079L1002003
267663,D24X40III: 2004,1VRX200F0L1002004
267664,D10X15III: 1289,1VRA130V2L1001289
267666,D23X30DRS3: 1002,1VRJ21030L1001002
267682,D23X30III: 2004,1VRN20070L1002004
267685,D24X40III: 2005,1VRX200F2L1002005
267687,D40X55III: 1503,1VRY200G6L1001503
267688,CT718: 4023,56S8132R7LF004023
267689,RTX1250I2: 306,1VRR13290L1000306
267692,D23X30III: 2005,1VRN20072L1002005
267695,D23X30III: 2006,1VRN20074L1002006
267699,RTX1250I2: 307,1VRR13292L1000307
267703,D24X40III: 2006,1VRX200F4L1002006
267714,D40X55III: 1504,1VRY240G9L1001504
267720,D23X30III: 2007,1VRN20076L1002007
267726,D40X55DRS3: 1001,1VR3240M5L1001001
267732,RTX1250I2: 308,1VRR13294L1000308
267734,D23X30DRS3: 1003,1VRJ21032L1001003
267746,D24X40III: 2007,1VRX200F6L1002007
267749,D23X30III: 2008,1VRN20078L1002008
267763,D40X55III: 1505,1VRY240G0L1001505
267766,D24X40III: 2008,1VRX200F8L1002008
267780,D23X30III: 2009,1VRN2007XL1002009
267792,D24X40III: 2009,1VRX200FXL1002009
267799,RTX1250I2: 309,1VRR13296L1000309
267804,D24X40III: 2010,1VRX200F6L1002010
267805,D40X55III: 542,1VRY200G0L1000542
267831,D24X40III: 2011,1VRX200F8L1002011
267832,D40X55III: 1506,1VRY240G2L1001506
267833,D23X30DRS3: 1004,1VRJ21034L1001004
267849,D23X30III: 2010,1VRN20076L1002010
267854,D40X55DRS3: 1002,1VR3240M7L1001002
267855,D24X40III: 2012,1VRX200FXL1002012
267859,RF Test Asset 001,1VR000000000RF001
267865,D23X30DRS3: 1005,1VRJ21036L1001005
267868,RTX1250I2: 302,1VRR13293L1000302
267897,D23X30III: 2011,1VRN20078L1002011
267903,RTX1250I2: 310,1VRR13292L1000310
267906,D24X40III: 2013,1VRX200F1L1002013
267909,D40X55III: 1507,1VRY240G4L1001507
267912,PD10R: 171,1VRR10082L1000171
267920,D60X90S3: 1001,1VRJ29030L1001001
267921,D24X40III: 2014,1VRX200F3L1002014
267922,D23X30III: 2012,1VRN2007XL1002012
267925,D23X30DRS3: 1006,1VRJ21038L1001006
267932,RTX1250I2: 242,1VRR13290L1000242
267933,D24X40III: 2015,1VRX200F5L1002015
267935,RTX1250I2: 274,1VRR13292L1000274
267937,RTX1250I2: 151,1VRR1329XK1000151
267959,RTX1250I2: 243,1VRR13292L1000243
267961,RTX1250: 4130,1VR6142R9H1004130
267962,CC155: 1024,1VR2152E5K1001024
267963,CC155: 1025,1VR2152E7K1001025
267964,D40X55III: 1508,1VRY240G6L1001508
267967,D40X55III: 551,1VRY200G1L1000551
267968,D40X55III: 478,1VRY240G9K1000478
267969,D23X30DRS3: 1007,1VRJ2103XL1001007
267980,D23X30III: 2013,1VRN20071L1002013
267983,D24X40III: 2016,1VRX200F7L1002016
267985,PD10R: 168,1VRR10082L1000168
267986,PD10: 2355,1VRB100Z1J1002355
267987,T855III: 514,1VR2220Z7F1000514
267992,D23X30DRS3: 1008,1VRJ21031L1001008
267999,D24X40III: 2017,1VRX200F9L1002017
268012,D23X30III: 2014,1VRN20073L1002014
268016,RTX450: 5220,1VR4202U1L1005220
268018,D40X55III: 1509,1VRY240G8L1001509
268021,RTX1250I2: 311,1VRR13294L1000311
268022,D23X30III: 2015,1VRN20075L1002015
268030,D10X15III: 1302,1VRA130V1L1001302
268033,D24X40III: 2018,1VRX200F0L1002018
268043,D10X15III: 1303,1VRA130V3L1001303
268044,D23X30III: 2016,1VRN20077L1002016
268047,LHP JSW PCI BENCH Test,LHP-ASSETID-268047
268048,PD10R: 173,1VRR10086L1000173
268049,D24X40III: 2019,1VRX200F2L1002019
268060,D23X30III: 2017,1VRN20079L1002017
268061,T955III: 545,1VR222029L1000545
268063,PD10R: 172,1VRR10084L1000172
268064,PTX42: 101,1VRK07246K1000101
268065,D40X55III: 1510,1VRY240G4L1001510
268083,RTX1250I2: 312,1VRR13296L1000312
268084,D23X30DRS3: 1009,1VRJ21033L1001009
268104,D23X30III: 2018,1VRN20070L1002018
268105,Utility Test LHP Config JW revA,99999999999999
268108,RTX1250I2: 313,1VRR13298L1000313
268120,D24X40III: 2020,1VRX200F9L1002020
268128,D40X55III: 1511,1VRY240G6L1001511
268129,D10X15III: 1304,1VRA130V5L1001304
268138,D23X30DRS3: 138,1VRJ21039L1000138
268139,D24X40III: 2021,1VRX200F0L1002021
268146,PD10R: 174,1VRR10088L1000174
268147,D60X90S3: 1002,1VRJ29032L1001002
268148,D23X30III: 2019,1VRN20072L1002019
268153,D23X30III: 2020,1VRN20079L1002020
268160,D23X30DRS3: 1010,1VRJ2103XL1001010
268168,D10X15III: 2002,1VRA130V5L1002002
268178,D20X22III: 1742,1VRA170V8L1001742
268186,RTX1250I2: 314,1VRR1329XL1000314
268187,HG4000: 1117,1VRC312H8L1001117
268188,RTX1250I2: 316,1VRR13293L1000316
268190,D40X55DRS3: 1004,1VR3240M0L1001004
268191,D10X15III: 2003,1VRA130V7L1002003
268193,D24X40III: 2022,1VRX200F2L1002022
268194,D20X22III: 2502,1VRA170V4L1002502
268196,D24X40III: 2023,1VRX200F4L1002023
268199,D23X30III: 2021,1VRN20070L1002021
268202,BC1000XL: 29961,1VRY1119XL1029961
268203,D20X22III: 2503,1VRA170V6L1002503
268205,VPS Test 1229,1VR00000000001229
268206,VPS Test 1170,1VR00000000001170
268207,S925TX: 2081,1VRL07053K1002081
268212,D23X30III: 2022,1VRN20072L1002022
268218,D10X15III: 2004,1VRA130V9L1002004
268226,D24X40III: 2024,1VRX200F6L1002024
268231,D23X30DRS3: 1011,1VRJ21031L1001011
268232,D40X55III: 1512,1VRY240G8L1001512
268244,D23X30III: 2023,1VRN20074L1002023
268245,D8X12: 1002,1VR7130S0L1001002
268248,RTX1250I2: 317,1VRR13295L1000317
268253,D24X40III: 2025,1VRX200F8L1002025
268256,D24X40III: 2026,1VRX200FXL1002026
268257,CTX100: 270,1VRZ080H3H1000270
268263,D23X30III: 2024,1VRN20076L1002024
268267,D20X22III: 2505,1VRA170VXL1002505
268269,D10X15III: 2005,1VRA130V0L1002005
268270,D40X55DRS3: 1005,1VR3240M2L1001005
268273,D40X55III: 486,1VRY240G8K1000486
268275,D10X15III: 2006,1VRA130V2L1002006
268276,D24X40III: 2027,1VRX200F1L1002027
268282,D23X30III: 2025,1VRN20078L1002025
268301,RF Test Asset 002,1VR000000000RF002
268310,D23X30DRS3: 1012,1VRJ21033L1001012
268311,D20X22III: 2507,1VRA170V3L1002507
268316,RTX1250I2: 305,1VRR13299L1000305
268318,D24X40III: 2028,1VRX200F3L1002028
268322,D20X22III: 2506,1VRA170V1L1002506
268324,D10X15III: 2007,1VRA130V4L1002007
268325,T1255III: 608,1VR230063K1000608
268326,T1255III: 611,1VR230063K1000611
268328,D40X55III: 1513,1VRY240GXL1001513
268335,D23X30III: 2026,1VRN2007XL1002026
268337,D10X15III: 2008,1VRA130V6L1002008
268343,T655III: 635,1VR7260G9L1000635
268345,D24X40III: 2029,1VRX200F5L1002029
268346,ATS Test 1110-brh,1VR00000000001110
268353,PTX42: 104,1VRK0724XL1000104
268355,D60X90S3: 1003,1VRJ29034L1001003
268356,D23X30III: 2027,1VRN20071L1002027
268358,D10X15III: 2009,1VRA130V8L1002009
268361,D20X22III: 2508,1VRA170V5L1002508
268366,D40X55III: 1514,1VRY240G1L1001514
268368,D20X22III: 2504,1VRA170V8L1002504
268369,D23X30III: 2028,1VRN20073L1002028
268375,D10X15III: 2010,1VRA130V4L1002010
268388,D24X40III: 2030,1VRX200F1L1002030
268390,D100X140S3: 292,1VRB360W7L1000292
268391,D10X15III: 2011,1VRA130V6L1002011
268392,D23X30DRS3: 1013,1VRJ21035L1001013
268393,PD10: 137,1VRB100Z8D1000137
268404,D24X40III: 2031,1VRX200F3L1002031
268406,D20X22III: 2510,1VRA170V3L1002510
268407,D23X30III: 2029,1VRN20075L1002029
268421,D40X55DRS3: 1003,1VR3240M9L1001003
268425,PTX42: 105,1VRK07241L1000105
268426,D24X40III: 2032,1VRX200F5L1002032
268429,D20X22III: 2511,1VRA170V5L1002511
268438,HG6000TX: 2030,1VR2390A1L1002030
268439,D23X30III: 2030,1VRN20071L1002030
268448,D40X55III: 1515,1VRY240G3L1001515
268449,D10X15III: 2012,1VRA130V8L1002012
268450,D23X30III: 2031,1VRN20073L1002031
268451,D8X12: 1003,1VR7130S2L1001003
268458,ATS Test 1085,1VR00000000001085
268460,D40X55DRS3: 1006,1VR3240M4L1001006
268461,D24X40III: 2033,1VRX200F7L1002033
268463,D20X22III: 2512,1VRA170V7L1002512
268468,D10X15III: 2013,1VRA130VEL1002013
268469,D23X30III: 2032,1VRN20075L1002032
268470,T855III: 534,1VR2220Z8L1000534
268475,D24X40III: 2034,1VRX200F9L1002034
268483,D10X15III: 2014,1VRA130V1L1002014
268489,BC1800XL: 8501,1VRY151Z4L1008501
268491,BC1500: 11002,1VR2181V6L1011002
268524,D23X30DRS3: 1014,1VRJ21037L1001014
268525,RTX1250I2: 320,1VRR13295L1000320
268527,S925TX: 3501,1VRL07052L1003501
268528,D220X300III: 1019,1VRN39076L1001019
268529,D20X22III: 2513,1VRA170V9L1002513
268530,S925TX: 3502,1VRL07054L1003502
268531,RTX1250I2: 321,1VRR13297L1000321
268534,D24X40III: 2035,1VRX200F0L1002035
268535,PTX42: 106,1VRK07243L1000106
268543,S925TX: 3503,1VRL07056L1003503
268560,S925TX: 3504,1VRL07058L1003504
268561,BC1500: 11004,1VR2181VXL1011004
268563,D40X55III: 1516,1VRY240G5L1001516
268564,BC1800XL: 8503,1VRY151Z8L1008503
268565,BC1500: 11006,1VR2181V3L1011006
268566,BC1200XL: 4501,1VR7141YXL1004501
268567,D23X30III: 2033,1VRN20077L1002033
268569,S925TX: 3505,1VRL0705XL1003505
268570,S925TX: 3506,1VRL07051L1003506
268574,BC1500: 11005,1VR2181V1L1011005
268575,D10X15III: 2015,1VRA130V3L1002015
268576,D24X40III: 2036,1VRX200F2L1002036
268577,S925TX: 3507,1VRL07053L1003507
268578,BC1200XL: 4502,1VR7141Y1L1004502
268581,S925TX: 3508,1VRL07055L1003508
268582,BC1500: 11007,1VR2181V5L1011007
268583,D100X140S3: 293,1VRB360W9L1000293
268584,D23X30III: 2034,1VRN20079L1002034
268585,D8X12: 1004,1VR7130S4L1001004
268591,S925TX: 3509,1VRL07057L1003509
268593,D20X22III: 2514,1VRA170V0L1002514
268599,D40X55III: 1517,1VRY200G6L1001517
268600,BC1500: 11009,1VR2181V9L1011009
268601,S925TX: 3510,1VRL07053L1003510
268606,D10X15III: 2016,1VRA130V5L1002016
268612,D24X40III: 2037,1VRX200F4L1002037
268613,S925TX: 3512,1VRL07057L1003512
268614,BC1200XL: 4503,1VR7141Y3L1004503
268615,BC1800XL: 8502,1VRY151Z6L1008502
268619,D10X15III: 2017,1VRA130V7L1002017
268621,BC1500: 11010,1VR2181V5L1011010
268622,S925TX: 3513,1VRL07059L1003513
268623,D10X15III: 2019,1VRA130V0L1002019
268624,D23X30DRS3: 1015,1VRJ21039L1001015
268626,PTX42: 107,1VRK07245L1000107
268627,D10X15III: 2018,1VRA130V9L1002018
268630,BC1800XL: 8507,1VRY151Z5L1008507
268644,D20X22III: 2515,1VRA170V2L1002515
268645,BC1500: 11011,1VR2181V7L1011011
268646,S925TX: 3514,1VRL07050L1003514
268648,BC1800XL: 8506,1VRY151Z3L1008506
268654,BC1800XL: 8508,1VRY151Z7L1008508
268655,D24X40III: 2038,1VRX200F6L1002038
268656,D23X30III: 2035,1VRN20070L1002035
268657,S925TX: 3515,1VRL07052L1003515
268659,BC1800XL: 8504,1VRY151ZXL1008504
268660,BC1500: 11008,1VR2181V7L1011008
268662,S925TX: 3516,1VRL07054L1003516
268663,BC1200XL: 4504,1VR7141Y5L1004504
268664,S925TX: 3511,1VRL07055L1003511
268667,BC1500: 11003,1VR2181V8L1011003
268669,S925TX: 3517,1VRL07056L1003517
268672,D20X22III: 2516,1VRA170V4L1002516
268673,BC1800XL: 8505,1VRY151Z1L1008505
268674,S925TX: 3518,1VRL07058L1003518
268676,BC1500: 11013,1VR2181V0L1011013
268678,D23X30DRS3: 1016,1VRJ21030L1001016
268682,D10X15III: 2020,1VRA130V7L1002020
268683,D24X40III: 2039,1VRX200F8L1002039
268685,S925TX: 3519,1VRL0705XL1003519
268690,T1255III: 623,1VR230068L1000623
268702,BC1800XL: 8510,1VRY151Z5L1008510
268703,D10X15III: 2021,1VRA130V9L1002021
268706,S925TX: 3521,1VRL07058L1003521
268707,D40X55DRS3: 1007,1VR3240M6L1001007
268711,D24X40III: 2040,1VRX200F4L1002040
268713,S925TX: 3522,1VRL0705XL1003522
268714,BC1500: 11014,1VR2181V2L1011014
268720,D23X30III: 2037,1VRN20074L1002037
268722,BC1800XL: 8511,1VRY151Z7L1008511
268723,S925TX: 3523,1VRL07051L1003523
268726,D20X22III: 2517,1VRA170V6L1002517
268731,S925TX: 3520,1VRL07056L1003520
268735,D10X15III: 1284,1VRA130V3L1001284
268737,D23X30III: 2038,1VRN20076L1002038
268738,S925TX: 3525,1VRL07055L1003525
268741,D20X22III: 2518,1VRA170V8L1002518
268751,S925TX: 3526,1VRL07057L1003526
268755,ATS TEST MTG 2,1VR00000000845769
268758,S925TX: 3524,1VRL07053L1003524
268760,S925TX: 3527,1VRL07059L1003527
268762,S925TX: 3528,1VRL07050L1003528
268764,D23X30DRS3: 1017,1VRJ21032L1001017
268765,D23X30III: 2039,1VRN20078L1002039
268766,S925TX: 3529,1VRL07052L1003529
268767,D40X55III: 1518,1VRY240G9L1001518
268768,D10X15III: 2022,1VRA130V0L1002022
268769,BC1800XL: 8512,1VRY151Z9L1008512
268772,BC1500: 11015,1VR2181V4L1011015
268774,D8X12: 1005,1VR7130S6L1001005
268775,S925TX: 3530,1VRL07059L1003530
268776,BC1500: 11017,1VR2181V8L1011017
268777,D20X22III: 2519,1VRA170VXL1002519
268780,D24X40III: 2041,1VRX200F6L1002041
268783,BC1800XL: 8514,1VRY151Z2L1008514
268784,S925TX: 3531,1VRL07050L1003531
268785,D23X30III: 2040,1VRN20074L1002040
268788,S925TX: 3532,1VRL07052L1003532
268790,BC1200XL: 4507,1VR7141Y0L1004507
268794,D20X22III: 2520,1VRA170V6L1002520
268796,D24X40III: 2042,1VRX200F8L1002042
268802,RTX1250I2: 319,1VRR13299L1000319
268803,S925TX: 3533,1VRL07054L1003533
268805,PTX42: 108,1VRK07247L1000108
268806,BC1200XL: 4506,1VR7141Y9L1004506
268807,D10X15III: 2023,1VRA130V2L1002023
268808,BC1800XL: 8515,1VRY151Z4L1008515
268809,D23X30III: 2041,1VRN20076L1002041
268812,S925TX: 3534,1VRL07056L1003534
268814,D10X15III: 2024,1VRA130V4L1002024
268817,D40X55III: 549,1VRY200G3L1000549
268818,S925TX: 3535,1VRL07058L1003535
268819,BC1800XL: 8516,1VRY151Z6L1008516
268821,S925TX: 3536,1VRL0705XL1003536
268824,CT718: 4024,56S8132R9LF004024
268827,D20X22III: 2521,1VRA170V8L1002521
268828,PTX42: 109,1VRK07249L1000109
268829,BC1200XL: 4508,1VR7141Y2L1004508
268838,S925TX: 3537,1VRL07051L1003537
268839,BC1500: 11018,1VR2181VXL1011018
268840,D10X15III: 2025,1VRA130V6L1002025
268841,BC1500: 11020,1VR2181V8L1011020
268842,S925TX: 3538,1VRL07053L1003538
268844,D10X15III: 2026,1VRA130V8L1002026
268846,ATS Test 1882,1VR00000000001882
268847,D24X40III: 2043,1VRX200FXL1002043
268848,BC1800XL: 8517,1VRY151Z8L1008517
268854,BC1500: 11019,1VR2181V1L1011019
268855,S925TX: 3539,1VRL07055L1003539
268856,BC1800XL: 8513,1VRY151Z0L1008513
268857,D23X30DRS3: 1018,1VRJ21034L1001018
268858,HG6000: 2026,1VRY39312L1002026
268859,D24X40III: 2044,1VRX200F1L1002044
268860,S925TX: 3540,1VRL07051L1003540
268861,BC1500: 11016,1VR2181V6L1011016
268866,D40X55III: 1519,1VRY200GXL1001519
268867,BC1500: 11021,1VR2181VXL1011021
268868,D20X22III: 2522,1VRA170VXL1002522
268869,D23X30III: 2042,1VRN20078L1002042
268870,D60X90S3: 1004,1VRJ29036L1001004
268871,S925TX: 3541,1VRL07053L1003541
268873,D24X40III: 2045,1VRX200F3L1002045
268874,S925TX: 3542,1VRL07055L1003542
268875,D10X15III: 2027,1VRA130VXL1002027
268882,BC1500: 11023,1VR2181V3L1011023
268884,D220X300III: 1020,1VRN39072L1001020
268885,D20X22III: 1733,1VRA170V7L1001733
268886,D23X30III: 2043,1VRN2007XL1002043
268895,D23X30III: 1367,1VRN20079L1001367
268896,S925TX: 3543,1VRL07057L1003543
268898,S925TX: 3544,1VRL07059L1003544
268901,CS3500: 100,1VRN37179LF000100
268926,S925TX: 3545,1VRL07050L1003545
268927,D40X55III: 1520,1VRY200G6L1001520
268928,S925TX: 3546,1VRL07052L1003546
268929,D24X40III: 2046,1VRX200F5L1002046
268930,S925TX: 3547,1VRL07054L1003547
268935,D24X40III: 2047,1VRX200F7L1002047
268936,S925TX: 3548,1VRL07056L1003548
268940,BC1800XL: 8519,1VRY151Z1L1008519
268941,D23X30III: 2044,1VRN20071L1002044
268942,D10X15III: 2028,1VRA130V1L1002028
268943,D40X55III: 1521,1VRY240G9L1001521
268950,PD10: 146,1VRB100Z9D1000146
268951,S925TX: 3549,1VRL07058L1003549
268954,D23X30III: 1366,1VRN20077L1001366
268955,D10X15III: 2001,1VRA130VTL1002001
268958,S925TX: 3550,1VRL07054L1003550
268959,D40X55DRS3: 1008,1VR3240M8L1001008
268960,D10X15III: 2029,1VRA130V3L1002029
268961,BC1500: 11024,1VR2181V5L1011024
268966,D23X30III: 2045,1VRN20073L1002045
268970,D24X40III: 2048,1VRX200F9L1002048
268971,BC1800XL: 8520,1VRY151Z8L1008520
268972,D10X15III: 2030,1VRA130VXL1002030
268974,LHP OTAP TEST,LHP-ASSETID-268974
268975,S925TX: 3551,1VRL07056L1003551
268984,T655III: 638,1VR7260G4L1000638
268985,S925TX: 3552,1VRL07058L1003552
268988,RTX1250I2: 323,1VRR13290L1000323
268992,D24X40III: 2049,1VRX200F0L1002049
268995,D10X15III: 2031,1VRA130V1L1002031
268997,BC1500: 11025,1VR2181V7L1011025
268998,D23X30DRS3: 1019,1VRJ21036L1001019
269006,BC1800XL: 8521,1VRY151ZXL1008521
269007,S925TX: 3553,1VRL0705XL1003553
269024,D23X30III: 2046,1VRN20075L1002046
269025,D20X22III: 1738,1VRA170V6L1001738
269026,S925TX: 3554,1VRL07051L1003554
269027,RTX1250I2: 324,1VRR13292L1000324
269028,BC1200XL: 4510,1VR7141Y0L1004510
269029,D8X12: 1006,1VR7130S8L1001006
269036,D24X40III: 2050,1VRX200F7L1002050
269037,D10X15III: 2032,1VRA130V3L1002032
269038,S925TX: 3555,1VRL07053L1003555
269053,BC1200XL: 4509,1VR7141Y4L1004509
269054,S925TX: 3556,1VRL07055L1003556
269055,BC1800XL: 8522,1VRY151Z1L1008522
269056,D23X30III: 2047,1VRN20077L1002047
269059,BC1500: 11027,1VR2181V0L1011027
269061,S925TX: 3557,1VRL07057L1003557
269062,BC1800XL: 8523,1VRY151Z3L1008523
269063,D10X15III: 2033,1VRA130V5L1002033
269068,SC292: 2001,1VRF102Y9L1002001
269069,S925TX: 3558,1VRL07059L1003558
269071,SC292: 2002,1VRF102Y0L1002002
269072,BC1200XL: 4511,1VR7141Y2L1004511
269076,D10X15III: 2034,1VRA130V7L1002034
269078,D23X30III: 2048,1VRN20079L1002048
269079,D10X15III: 2035,1VRA130V9L1002035
269081,BC1500: 11028,1VR2181V2L1011028
269083,D40X55III: 1522,1VRY200GXL1001522
269085,S925TX: 3560,1VRL07057L1003560
269086,SC362: 4002,1VRF112Y2L1004002
269087,D10X15III: 2036,1VRA130V0L1002036
269095,BC1800XL: 8524,1VRY151Z5L1008524
269097,S925TX: 3559,1VRL07050L1003559
269098,D23X30DRS3: 1020,1VRJ21032L1001020
269100,D24X40III: 2051,1VRX200F9L1002051
269103,D10X15III: 2037,1VRA130V2L1002037
269104,S925TX: 3561,1VRL07059L1003561
269105,BC1500: 11029,1VR2181V4L1011029
269106,D60X90S3: 1005,1VRJ29038L1001005
269111,D40X55III: 1523,1VRY240G2L1001523
269119,D10X15III: 2038,1VRA130V4L1002038
269126,PTX42: 110,1VRK07245L1000110
269128,D24X40III: 2052,1VRX200F0L1002052
269129,S925TX: 3563,1VRL07052L1003563
269130,D10X15III: 2039,1VRA130V6L1002039
269132,BC1200XL: 4512,1VR7141Y4L1004512
269157,BC1500: 11030,1VR2181V0L1011030
269160,BC1800XL: 8526,1VRY151Z9L1008526
269164,TR6400: 106,1VRT402A2LF000106
269168,D23X30III: 2049,1VRN20070L1002049
269169,D10X15III: 2041,1VRA130V4L1002041
269170,SC362: 4004,1VRF112Y6L1004004
269171,D10X15III: 2042,1VRA130V6L1002042
269172,SC362: 4005,1VRF112Y8L1004005
269173,D10X15III: 2040,1VRA130V2L1002040
269179,BC1500: 11031,1VR2181V2L1011031
269180,D24X40III: 2053,1VRX200F2L1002053
269181,S925TX: 3565,1VRL07056L1003565
269182,SC362: 4006,1VRF112YXL1004006
269186,RTX1250I2: 326,1VRR13296L1000326
269189,S925TX: 3566,1VRL07058L1003566
269191,S925TX: 3564,1VRL07054L1003564
269197,BC1800XL: 8525,1VRY151Z7L1008525
269198,D10X15III: 2043,1VRA130V8L1002043
269200,D23X30III: 2051,1VRN20079L1002051
269201,D23X30III: 2050,1VRN20077L1002050
269202,S925TX: 3567,1VRL0705XL1003567
269203,D40X55III: 1524,1VRY240G4L1001524
269204,BC1800XL: 8527,1VRY151Z0L1008527
269206,S925TX: 3568,1VRL07051L1003568
269208,D24X40III: 2054,1VRX200F4L1002054
269209,CTX100: 3001,1VRZ080H1L1003001
269212,CTX100: 3003,1VRZ080H5L1003003
269213,D23X30III: 2052,1VRN20070L1002052
269215,AIRSDT: 2021,5HZA162V8KK002021
269216,S925TX: 3569,1VRL07053L1003569
269217,S925TX: 3570,1VRL0705XL1003570
269218,RTX1250I2: 325,1VRR13294L1000325
269219,CTX100: 3004,1VRZ080H7L1003004
269220,S925TX: 3572,1VRL07053L1003572
269221,S925TX: 3571,1VRL07051L1003571
269222,CTX100: 3005,1VRZ080H9L1003005
269223,S925TX: 3573,1VRL07055L1003573
269224,S925TX: 3574,1VRL07057L1003574
269226,SC362: 4007,1VRF112Y1L1004007
269227,CTX100: 3006,1VRZ080H0L1003006
269229,CTX100: 3002,1VRZ080H3L1003002
269230,D8X12: 1007,1VR7130SXL1001007
269231,S925TX: 3575,1VRL07059L1003575
269232,D23X30DRS3: 1021,1VRJ21034L1001021
269234,BC1800XL: 8528,1VRY151Z2L1008528
269236,D10X15III: 2044,1VRA130VXL1002044
269237,S925TX: 3576,1VRL07050L1003576
269239,D24X40III: 2055,1VRX200F6L1002055
269241,BC1500: 11034,1VR2181V8L1011034
269243,CTX100: 3007,1VRZ080H2L1003007
269244,SC362: 4008,1VRF112Y3L1004008
269245,D8X12: 1008,1VR7130S1L1001008
269246,S925TX: 3577,1VRL07052L1003577
269247,D40X55DRS3: 1009,1VR3240MXL1001009
269249,S925TX: 3578,1VRL07054L1003578
269251,D23X30III: 2053,1VRN20072L1002053
269256,CTX100: 3008,1VRZ080H4L1003008
269257,RTX1250I2: 328,1VRR1329XL1000328
269259,BC1800XL: 8529,1VRY151Z4L1008529
269260,S925TX: 3579,1VRL07056L1003579
269261,SC292: 2003,1VRF102Y2L1002003
269263,D24X40III: 2056,1VRX200F8L1002056
269264,D10X15III: 2045,1VRA130V1L1002045
269266,S925TX: 3580,1VRL07052L1003580
269267,BC1500: 11035,1VR2181VXL1011035
269268,D23X30DRS3: 1022,1VRJ21036L1001022
269270,PD10: 3002,1VRB100Z2L1003002
269271,CTX100: 3009,1VRZ080H6L1003009
269272,BC1500: 11036,1VR2181V1L1011036
269275,D10X15III: 2046,1VRA130V3L1002046
269277,S925TX: 3581,1VRL07054L1003581
269279,BC1500: 11037,1VR2181V3L1011037
269282,SC292: 2004,1VRF102Y4L1002004
269284,S925TX: 3582,1VRL07056L1003582
269286,CTX100: 3010,1VRZ080H2L1003010
269288,D10X15III: 2047,1VRA130V5L1002047
269289,BC1200XL: 4514,1VR7141Y8L1004514
269290,D40X55III: 1525,1VRY200G5L1001525
269291,S925TX: 3583,1VRL07058L1003583
269298,BC1800XL: 8530,1VRY151Z0L1008530
269299,S925TX: 3584,1VRL0705XL1003584
269305,SC292: 2005,1VRF102Y6L1002005
269306,CTX100: 3011,1VRZ080H4L1003011
269310,D24X40III: 2058,1VRX200F1L1002058
269312,BC1500: 11038,1VR2181V5L1011038
269313,D24X40III: 2057,1VRX200FXL1002057
269314,D10X15III: 2048,1VRA130V7L1002048
269318,S925TX: 3585,1VRL07051L1003585
269320,BC1800XL: 8531,1VRY151Z2L1008531
269322,D8X12: 1009,1VR7130S3L1001009
269326,S925TX: 3586,1VRL07053L1003586
269329,D24X40III: 2059,1VRX200F3L1002059
269330,CTX100: 3012,1VRZ080H6L1003012
269334,D23X30III: 2054,1VRN20074L1002054
269335,PD10R: 1001,1VRR10084L1001001
269340,D10X15III: 2049,1VRA130V9L1002049
269341,BC1500: 11039,1VR2181V7L1011039
269348,SC362: 4009,1VRF112Y5L1004009
269350,D40X55III: 1526,1VRY200G7L1001526
269352,BC1800XL: 8532,1VRY151Z4L1008532
269353,BC1800XL: 101,1VRY131Z831000101
269363,S925TX: 3587,1VRL07055L1003587
269364,D10X15III: 2050,1VRA130V5L1002050
269368,D23X30III: 2055,1VRN20076L1002055
269369,SC362: 4010,1VRF112Y1L1004010
269371,D10X15III: 2051,1VRA130V7L1002051
269372,BC1500: 11040,1VR2181V3L1011040
269373,S925TX: 3588,1VRL07057L1003588
269374,D24X40III: 2060,1VRX200FXL1002060
269375,BC700XL: 4001,1VRC101V5L1004001
269377,PTX42: 111,1VRK07247L1000111
269379,CTX100: 3013,1VRZ080H8L1003013
269381,BC1500: 11041,1VR2181V5L1011041
269389,D10X15III: 2052,1VRA130VJL1002052
269395,BC1200XL: 4516,1VR7141Y1L1004516
269396,S925TX: 3589,1VRL07059L1003589
269400,RTX1250I2: 329,1VRR13291L1000329
269413,PD10R: 1002,1VRR10086L1001002
269414,D10X15III: 2053,1VRA130V0L1002053
269415,CTX100: 3014,1VRZ080HXL1003014
269417,BC1500: 11042,1VR2181V7L1011042
269418,BC700XL: 4002,1VRC101V7L1004002
269422,D23X30III: 2056,1VRN20078L1002056
269430,SC362: 4011,1VRF112Y3L1004011
269431,D100X140S3: 297,1VRB360W6L1000297
269432,S925TX: 3591,1VRL07057L1003591
269433,BC1800XL: 8533,1VRY151Z6L1008533
269434,D10X15III: 2054,1VRA130V2L1002054
269436,BC1500: 11043,1VR2181V9L1011043
269437,S925TX: 3592,1VRL07059L1003592
269438,SC362: 4012,1VRF112Y5L1004012
269440,CTX100: 3015,1VRZ080H1L1003015
269441,ATS Test 56557,LHP-ASSETID-269441
269442,D40X55III: 1527,1VRY240GXL1001527
269443,ATS TEST 21598,LHP-ASSETID-269443
269444,BC700XL: 4003,1VRC101V9L1004003
269446,D23X30DRS3: 1023,1VRJ21038L1001023
269448,D10X15III: 2055,1VRA130V4L1002055
269449,BC1000XL: 31502,1VRY1119XL1031502
269450,S925TX: 3593,1VRL07050L1003593
269454,ATS Test 1945,1VR00000000001945
269455,BC1000XL: 31504,1VRY11193L1031504
269456,D24X40III: 2061,1VRX200F1L1002061
269460,BC1800XL: 8534,1VRY151Z8L1008534
269462,BC1000XL: 31506,1VRY11197L1031506
269463,CTX100: 3016,1VRZ080H3L1003016
269465,D10X15III: 2056,1VRA130V6L1002056
269466,PTX42: 112,1VRK07249L1000112
269469,D23X30III: 2057,1VRN2007XL1002057
269471,BC1000XL: 31501,1VRY11198L1031501
269472,SC362: 4013,1VRF112Y7L1004013
269473,D24X40III: 2062,1VRX200F3L1002062
269485,S925TX: 3594,1VRL07052L1003594
269486,BC1500: 11045,1VR2181V2L1011045
269488,CTX100: 3017,1VRZ080H5L1003017
269489,D10X15III: 2057,1VRA130V8L1002057
269490,BC1000XL: 31505,1VRY11195L1031505
269492,PD10R: 1003,1VRR10088L1001003
269493,BC1000XL: 31509,1VRY11192L1031509
269494,S925TX: 3595,1VRL07054L1003595
269495,BC1800XL: 8535,1VRY151ZXL1008535
269497,S925TX: 3596,1VRL07056L1003596
269498,BC1000XL: 31511,1VRY11190L1031511
269500,BC1000XL: 31507,1VRY11199L1031507
269501,BC1200XL: 4517,1VR7141Y3L1004517
269503,BC1000XL: 31513,1VRY11194L1031513
269504,S925TX: 3597,1VRL07058L1003597
269505,D23X30III: 2058,1VRN20071L1002058
269506,BC1000XL: 31514,1VRY11196L1031514
269507,BC1000XL: 19834,1VRY11196D1019834
269508,BC1000XL: 31512,1VRY11192L1031512
269509,BC1800XL: 8536,1VRY151Z1L1008536
269511,S925TX: 3598,1VRL0705XL1003598
269513,D24X40III: 2063,1VRX200F5L1002063
269514,D10X15III: 2058,1VRA130VXL1002058
269515,BC1000XL: 31515,1VRY11198L1031515
269516,BC1000XL: 31510,1VRY11199L1031510
269519,SC362: 4014,1VRF112Y9L1004014
269520,BC1000XL: 31516,1VRY1119XL1031516
269521,BC1000XL: 31517,1VRY11191L1031517
269524,BC700XL: 4005,1VRC101V2L1004005
269525,BC1000XL: 31518,1VRY11193L1031518
269528,S925TX: 3599,1VRL07051L1003599
269532,D40X55III: 1528,1VRY240G1L1001528
269533,CTX100: 3019,1VRZ080H9L1003019
269547,BC1000XL: 31519,1VRY11195L1031519
269548,D8X12: 1010,1VR7130SXL1001010
269549,BC1500: 11046,1VR2181V4L1011046
269550,SC362: 4015,1VRF112Y0L1004015
269551,S925TX: 3600,1VRL07054L1003600
269552,D24X40III: 2064,1VRX200F7L1002064
269553,BC1000XL: 31520,1VRY11191L1031520
269556,BC1000XL: 31508,1VRY11190L1031508
269557,BC700XL: 4006,1VRC101V4L1004006
269558,D10X15III: 2059,1VRA130V1L1002059
269559,RTX1250I2: 330,1VRR13298L1000330
269561,T655III: 639,1VR7260G6L1000639
269562,BC1500: 11047,1VR2181V6L1011047
269563,BC700XL: 4004,1VRC101V0L1004004
269564,S925TX: 3601,1VRL07056L1003601
269565,S925TX: 3602,1VRL07058L1003602
269567,BC1500: 11048,1VR2181V8L1011048
269569,D60X90S3: 1006,1VRJ2903XL1001006
269571,PD10R: 1004,1VRR1008XL1001004
269584,D23X30III: 2059,1VRN20073L1002059
269587,BC1000XL: 31521,1VRY11193L1031521
269590,CTX100: 3020,1VRZ080H5L1003020
269591,BC700XL: 4007,1VRC101V6L1004007
269592,D10X15III: 2060,1VRA130V8L1002060
269594,D23X30DRS3: 1024,1VRJ2103XL1001024
269596,S925TX: 3603,1VRL0705XL1003603
269598,SC292: 2006,1VRF102Y8L1002006
269600,BC1200XL: 4518,1VR7141Y5L1004518
269602,BC1000XL: 31525,1VRY11190L1031525
269607,BC1000XL: 31523,1VRY11197L1031523
269608,CTX100: 3021,1VRZ080H7L1003021
269609,D10X15III: 2061,1VRA130VXL1002061
269611,BC700XL: 4008,1VRC101V8L1004008
269613,BC1000XL: 31526,1VRY11192L1031526
269614,S925TX: 3604,1VRL07051L1003604
269615,BC1000XL: 31528,1VRY11196L1031528
269617,BC1500: 11049,1VR2181VXL1011049
269618,BC1000XL SNDuplicate entry - Deactivated,1VRY11194DUP31527
269626,BC1800XL: 8537,1VRY151Z3L1008537
269627,S925TX: 3605,1VRL07053L1003605
269628,D23X30III: 2060,1VRN2007XL1002060
269629,BC1000XL: 31522,1VRY11195L1031522
269630,SC292: 2007,1VRF102YXL1002007
269632,S925TX: 3606,1VRL07055L1003606
269633,D40X55III: 1529,1VRY200G2L1001529
269634,D10X15III: 2062,1VRA130V1L1002062
269635,PD10R: 1005,1VRR10081L1001005
269636,D100X140S3: 298,1VRB360W8L1000298
269642,S925TX: 3607,1VRL07057L1003607
269643,ATS Test 1643,1VR00000000001643
269645,CTX100: 3022,1VRZ080H9L1003022
269646,D10X15III: 2063,1VRA130V3L1002063
269648,D24X40III: 2065,1VRX200F9L1002065
269650,BC1800XL: 8538,1VRY151Z5L1008538
269651,PTX42: 113,1VRK07240L1000113
269652,BC1500: 11050,1VR2181V6L1011050
269653,SC30TX: 4001,1VRC070N9L1004001
269659,D10X15III: 2064,1VRA130V5L1002064
269660,S925TX: 3608,1VRL07059L1003608
269662,ACS TEST 1389,LHP-ASSETID-269662
269663,BC1200XL: 4519,1VR7141Y7L1004519
269667,RTX1250I2: 331,1VRR1329XL1000331
269668,D23X30III: 2061,1VRN20071L1002061
269669,SC292: 2008,1VRF102Y1L1002008
269670,S925TX: 3609,1VRL07050L1003609
269671,BC1500: 11051,1VR2181V8L1011051
269672,ATS Test 2405 (old HW - APP 1.1.33),1VR00000000002405
269673,BC700XL: 4009,1VRC101VXL1004009
269674,CTX100: 3024,1VRZ080H2L1003024
269676,D23X30DRS3: 1025,1VRJ21031L1001025
269678,CTX100: 3023,1VRZ080H0L1003023
269682,BC1800XL: 8539,1VRY151Z7L1008539
269684,S925TX: 3610,1VRL07057L1003610
269685,D10X15III: 2065,1VRA130V7L1002065
269688,S925TX: 3611,1VRL07059L1003611
269689,D24X40III: 2066,1VRX200F0L1002066
269690,BC1500: 11052,1VR2181VXL1011052
269693,CTX100: 3025,1VRZ080H4L1003025
269695,SC30TX: 4002,1VRC070N0L1004002
269696,D10X15III: 2066,1VRA130V9L1002066
269697,SC362: 4016,1VRF112Y2L1004016
269698,SC30TX: 4003,1VRC070N2L1004003
269699,D23X30III: 2062,1VRN20073L1002062
269704,S925TX: 3562,1VRL07050L1003562
269706,BC1500: 11053,1VR2181V1L1011053
269708,BC1000XL: 31537,1VRY11197L1031537
269709,D40X55DRS3: 1010,1VR3240M6L1001010
269710,BC1000XL: 31534,1VRY11191L1031534
269711,BC1000XL: 31538,1VRY11199L1031538
269712,PD10R: 1006,1VRR10083L1001006
269713,D10X15III: 2067,1VRA130V0L1002067
269726,BC1200XL: 4520,1VR7141Y3L1004520
269728,S925TX: 3613,1VRL07052L1003613
269740,D24X40III: 2067,1VRX200F2L1002067
269741,PTX42: 114,1VRK07242L1000114
269742,D40X55III: 1530,1VRY200G9L1001530
269743,S925TX: 3612,1VRL07050L1003612
269744,BC1000XL: 31541,1VRY11199L1031541
269745,BC1000XL: 31540,1VRY11197L1031540
269746,S925TX: 3590,1VRL07055L1003590
269748,BC1500: 11054,1VR2181V3L1011054
269749,BC1000XL: 31543,1VRY11192L1031543
269750,SC30TX: 4004,1VRC070N4L1004004
269751,CTX100: 3026,1VRZ080H6L1003026
269753,BC1000XL: 31531,1VRY11196L1031531
269754,SC362: 4017,1VRF112Y4L1004017
269756,S925TX: 3614,1VRL07054L1003614
269757,BC1000XL: 31529,1VRY11198L1031529
269764,D24X40III: 2068,1VRX200F4L1002068
269766,BC1500: 11055,1VR2181V5L1011055
269767,BC1000XL: 31548,1VRY11191L1031548
269768,BC1000XL: 31549,1VRY11193L1031549
269769,BC1000XL: 31547,1VRY1119XL1031547
269770,BC1000XL: 31542,1VRY11190L1031542
269771,D10X15III: 2068,1VRA130V2L1002068
269772,BC1000XL: 31545,1VRY11196L1031545
269773,BC1000XL: 31550,1VRY1119XL1031550
269776,S925TX: 3615,1VRL07056L1003615
269777,SC30TX: 4005,1VRC070N6L1004005
269778,D23X30III: 2063,1VRN20075L1002063
269779,BC1000XL: 31527,1VRY11194L1031527
269780,SC362: 4018,1VRF112Y6L1004018
269781,RTX250: 2502,1VRD070D5L1002502
269782,S925TX: 2542,1VRL07050L1002542
269784,D10X15III: 2069,1VRA130V4L1002069
269785,BC1000XL: 31536,1VRY11195L1031536
269786,S925TX: 3616,1VRL07058L1003616
269787,Utility Test LHP Config MY,1234567
269788,BC1000XL: 31544,1VRY11194L1031544
269790,D24X40III: 2069,1VRX200F6L1002069
269792,BC1000XL: 31530,1VRY11194L1031530
269794,RTX250: 2501,1VRD070D3L1002501
269796,SC30TX: 4006,1VRC070N8L1004006
269797,BC1000XL: 31532,1VRY11198L1031532
269798,CTX100: 3028,1VRZ080HXL1003028
269799,BC1000XL: 31555,1VRY11199L1031555
269800,D10X15III: 2070,1VRA130V0L1002070
269801,BC1000XL: 31551,1VRY11191L1031551
269802,BC1000XL: 31556,1VRY11190L1031556
269803,S925TX: 3617,1VRL0705XL1003617
269804,BC1800XL: 8540,1VRY151Z3L1008540
269805,BC1000XL: 31557,1VRY11192L1031557
269806,T1055III: 580,1VR2210T7L1000580
269808,D23X30III: 2064,1VRN20077L1002064
269809,SC362: 4019,1VRF112Y8L1004019
269810,BC1000XL: 31533,1VRY1119XL1031533
269811,CTX100: 3018,1VRZ080H7L1003018
269813,BC1000XL: 31552,1VRY11193L1031552
269816,CTX100: 3027,1VRZ080H8L1003027
269817,BC1000XL: 31524,1VRY11199L1031524
269818,BC1000XL: 31553,1VRY11195L1031553
269819,D40X55III: 1531,1VRY200G0L1001531
269820,S925TX: 3618,1VRL07051L1003618
269821,Utility Test LHP Config JJ revB,99999999999999999
269826,Utility Test LHP Config NR,9999999999999999
269828,D24X40III: 2070,1VRX200F2L1002070
269829,Utility Test LHP Config SS,1VR99999999999999
269832,RTX1250I2: 332,1VRR13291L1000332
269833,T1255III: 624,1VR23006XL1000624
269834,Utility Test LHP Config JW 2,999999999999999
269838,S925TX: 3619,1VRL07053L1003619
269842,D10X15III: 2071,1VRA130V2L1002071
269843,SC30TX: 4007,1VRC070NXL1004007
269844,BC1000XL: 31560,1VRY11192L1031560
269845,BC1000XL: 31554,1VRY11197L1031554
269846,BC1000XL: 31559,1VRY11196L1031559
269848,D40X55DRS3: 123,1VR3240M5K1000123
269858,D10X15III: 2072,1VRA130V4L1002072
269859,BC1800XL: 8541,1VRY151Z5L1008541
269860,S925TX: 3620,1VRL0705XL1003620
269861,PD10R: 1007,1VRR10085L1001007
269863,D23X30III: 2065,1VRN20079L1002065
269864,S925TX: 3621,1VRL07051L1003621
269867,SC362: 4020,1VRF112Y4L1004020
269869,CTX100: 3030,1VRZ080H8L1003030
269871,D10X15III: 2073,1VRA130V6L1002073
269872,BC1500: 11058,1VR2181V0L1011058
269876,S925TX: 3622,1VRL07053L1003622
269877,D24X40III: 2071,1VRX200F4L1002071
269879,BC1000XL: 31562,1VRY11196L1031562
269894,CTX100: 3031,1VRZ080HXL1003031
269895,SC30TX: 4009,1VRC070N3L1004009
269896,BC1800XL: 8542,1VRY151Z7L1008542
269897,SC362: 4021,1VRF112Y6L1004021
269898,D23X30DRS3: 1026,1VRJ21033L1001026
269899,BC1000XL: 31567,1VRY11195L1031567
269900,D10X15III: 2074,1VRA130V8L1002074
269901,BC1000XL: 31568,1VRY11197L1031568
269902,S925TX: 3623,1VRL07055L1003623
269903,SC30TX: 4008,1VRC070N1L1004008
269904,BC1000XL: 31569,1VRY11199L1031569
269905,BC1000XL: 31566,1VRY11193L1031566
269906,BC1000XL: 31558,1VRY11194L1031558
269907,SC30TX: 4010,1VRC070NXL1004010
269908,BC1500: 11059,1VR2181V2L1011059
269909,BC1000XL: 31570,1VRY11195L1031570
269910,BC1000XL: 31546,1VRY11198L1031546
269911,BC700XL: 4010,1VRC101V6L1004010
269913,D24X40III: 2072,1VRX200F6L1002072
269914,S925TX: 3624,1VRL07057L1003624
269916,BC1000XL: 31571,1VRY11197L1031571
269918,D10X15III: 2075,1VRA130VXL1002075
269919,BC1500: 11060,1VR2181V9L1011060
269920,PD10: 3003,1VRB100Z4L1003003
269922,BC1000XL: 31573,1VRY11190L1031573
269923,CTX100: 3033,1VRZ080H3L1003033
269924,PTX42: 115,1VRK07244L1000115
269925,BC1000XL: 31574,1VRY11192L1031574
269926,SC30TX: 4011,1VRC070N1L1004011
269927,RTX250: 2503,1VRD070D7L1002503
269928,S925TX: 3625,1VRL07059L1003625
269929,BC1000XL: 31575,1VRY11194L1031575
269930,RTX250: 2504,1VRD070D9L1002504
269931,BC1000XL: 31576,1VRY11196L1031576
269932,D23X30III: 2066,1VRN20070L1002066
269933,D10X15III: 2076,1VRA130V1L1002076
269934,BC700XL: 4011,1VRC101V8L1004011
269935,D40X55III: 1532,1VRY200G2L1001532
269936,SC362: 4022,1VRF112Y8L1004022
269937,RTX250: 2505,1VRD070D0L1002505
269938,S925TX: 3626,1VRL07050L1003626
269939,RTX200: 1503,1VR6071R9L1001503
269941,BC1000XL: 31572,1VRY11199L1031572
269942,BC1200XL: 4522,1VR7141Y7L1004522
269943,D23X30III: 1252,1VRN20075K1001252
269945,RTX200: 1501,1VR6071R5L1001501
269954,D100X140S3: 299,1VRB360WXL1000299
269955,SC30TX: 4012,1VRC070N3L1004012
269956,BC1000XL: 31577,1VRY11198L1031577
269957,S925TX: 3627,1VRL07052L1003627
269958,BC1500: 11061,1VR2181V0L1011061
269959,RTX250: 2506,1VRD070D2L1002506
269960,S925TX: 3628,1VRL07054L1003628
269961,RTX200: 1502,1VR6071R7L1001502
269962,D10X15III: 2077,1VRA130V3L1002077
269964,CTX100: 3029,1VRZ080H1L1003029
269965,BC1000XL: 31579,1VRY11191L1031579
269966,SC292: 2009,1VRF102Y3L1002009
269967,CTX100: 3034,1VRZ080H5L1003034
269968,BC700XL: 4012,1VRC101VXL1004012
269969,BC1000XL: 31580,1VRY11198L1031580
269970,S925TX: 3629,1VRL07056L1003629
269971,BC1000XL: 31581,1VRY1119XL1031581
269972,D24X40III: 2073,1VRX200F8L1002073
269973,BC1800XL: 8543,1VRY151Z9L1008543
269974,BC1000XL: 31582,1VRY11191L1031582
269975,RTX250: 2507,1VRD070D4L1002507
269976,CTX100: 3032,1VRZ080H1L1003032
269978,CTX100: 3035,1VRZ080H7L1003035
269980,BC1000XL: 31535,1VRY11193L1031535
269985,BC1000XL: 31583,1VRY11193L1031583
269986,SC30TX: 4013,1VRC070N5L1004013
269987,S925TX: 3630,1VRL07052L1003630
269988,BC1000XL: 31584,1VRY11195L1031584
269991,BC700XL: 4013,1VRC101V1L1004013
269993,BC1500: 11062,1VR2181V2L1011062
269994,BC1000XL: 31585,1VRY11197L1031585
269995,SC292: 2010,1VRF102YXL1002010
270000,D20X22III: 2523,1VRA170V1L1002523
270001,CTX100: 3036,1VRZ080H9L1003036
270002,BC1000XL: 31565,1VRY11191L1031565
270003,BC1000XL: 31586,1VRY11199L1031586
270007,BC1800XL: 8544,1VRY151Z0L1008544
270014,D23X30III: 2068,1VRN20074L1002068
270015,BC1000XL: 31587,1VRY11190L1031587
270016,PD10: 3004,1VRB100Z6L1003004
270017,D23X30III: 2067,1VRN20072L1002067
270018,BC1200XL: 4523,1VR7141Y9L1004523
270019,D20X22III: 2524,1VRA170V3L1002524
270020,BC1000XL: 31588,1VRY11192L1031588
270021,S925TX: 3631,1VRL07054L1003631
270024,SC30TX: 4014,1VRC070N7L1004014
270027,BC1000XL: 31589,1VRY11194L1031589
270028,PTX42: 116,1VRK07246L1000116
270029,BC700XL: 4014,1VRC101V3L1004014
270031,S925TX: 3632,1VRL07056L1003632
270032,BC1000XL: 31590,1VRY11190L1031590
270033,D40X55III: 1533,1VRY200G4L1001533
270035,D24X40III: 2074,1VRX200FXL1002074
270036,S925TX: 3633,1VRL07058L1003633
270037,D10X15III: 2078,1VRA130V5L1002078
270039,BC1000XL: 31591,1VRY11192L1031591
270040,BC1800XL: 8545,1VRY151Z2L1008545
270041,CTX100: 3038,1VRZ080H2L1003038
270042,D23X30DRS3: 1027,1VRJ21035L1001027
270043,BC1000XL: 31593,1VRY11196L1031593
270045,S925TX: 3639,1VRL07059L1003639
270046,BC1000XL: 31594,1VRY11198L1031594
270048,SC292: 2011,1VRF102Y1L1002011
270051,D24X40III: 2075,1VRX200F1L1002075
270053,D20X22III: 2525,1VRA170V5L1002525
270054,CTX100: 3039,1VRZ080H4L1003039
270055,BC1000XL: 31595,1VRY1119XL1031595
270058,BC1000XL: 31596,1VRY11191L1031596
270065,BC1000XL: 31597,1VRY11193L1031597
270066,S925TX: 3634,1VRL0705XL1003634
270067,SC30TX: 4015,1VRC070N9L1004015
270068,BC1500: 11065,1VR2181V8L1011065
270070,BC1000XL: 31598,1VRY11195L1031598
270071,D20X22III: 2526,1VRA170V7L1002526
270073,D24X40III: 2076,1VRX200F3L1002076
270074,S925TX: 3640,1VRL07055L1003640
270075,BC1000XL: 31599,1VRY11197L1031599
270076,BC1000XL: 31563,1VRY11198L1031563
270078,BC1000XL: 31561,1VRY11194L1031561
270079,BC1200XL: 4524,1VR7141Y0L1004524
270080,CTX100: 3041,1VRZ080H2L1003041
270081,BC1000XL: 31601,1VRY11191L1031601
270083,PTX42: 117,1VRK07248L1000117
270084,BC1500: 11063,1VR2181V4L1011063
270086,S925TX: 3641,1VRL07057L1003641
270087,BC1500: 11066,1VR2181VXL1011066
270088,BC1000XL: 31602,1VRY11193L1031602
270089,D23X30III: 2069,1VRN20076L1002069
270090,D20X22III: 2527,1VRA170V9L1002527
270091,CC155: 1032,1VR2152E2L1001032
270092,PD10: 3005,1VRB100Z8L1003005
270093,BC1000XL: 31603,1VRY11195L1031603
270094,CTX100: 3042,1VRZ080H4L1003042
270096,BC1000XL: 31604,1VRY11197L1031604
270097,D10X15III: 2079,1VRA130V7L1002079
270099,D40X55III: 1534,1VRY200G6L1001534
270100,S925TX: 3642,1VRL07059L1003642
270101,BC1000XL: 31605,1VRY11199L1031605
270104,MPL Test 1074,1VR00000000001074
270106,BC1000XL: 31606,1VRY11190L1031606
270110,BC1000XL: 31607,1VRY11192L1031607
270112,SC382: 1024,1VRU112B4L1001024
270113,D10X15III: 2080,1VRA130V3L1002080
270114,D24X40III: 2077,1VRX200F5L1002077
270115,BC1500: 11067,1VR2181V1L1011067
270116,BC1000XL: 31608,1VRY11194L1031608
270117,CTX100: 3040,1VRZ080H0L1003040
270118,CTX100: 3037,1VRZ080H0L1003037
270121,BC1000XL: 31609,1VRY11196L1031609
270123,CTX100: 3043,1VRZ080H6L1003043
270124,BC1000XL: 31610,1VRY11192L1031610
270126,SC382: 1018,1VRU112B9L1001018
270128,SC382: 1025,1VRU112B6L1001025
270130,BC1000XL: 31611,1VRY11194L1031611
270131,D20X22III: 2528,1VRA170V0L1002528
270132,SC382: 1026,1VRU112B8L1001026
270135,BC1000XL: 31612,1VRY11196L1031612
270136,S925TX: 3643,1VRL07050L1003643
270138,D23X30III: 2070,1VRN20072L1002070
270139,BC1800XL: 8546,1VRY151Z4L1008546
270156,BC1000XL: 31613,1VRY11198L1031613
270157,D23X30III: 2071,1VRN20074L1002071
270159,S925TX: 3644,1VRL07052L1003644
270163,BC1200XL: 4515,1VR7141YXL1004515
270169,BC1000XL: 31614,1VRY1119XL1031614
270170,D10X15III: 2081,1VRA130V5L1002081
270175,CTX100: 3044,1VRZ080H8L1003044
270183,BC1000XL: 31615,1VRY11191L1031615
270185,S925TX: 3645,1VRL07054L1003645
270186,BC1000XL: 31616,1VRY11193L1031616
270187,BC1800XL: 8547,1VRY151Z6L1008547
270188,D10X15III: 2082,1VRA130V7L1002082
270189,S925TX: 3636,1VRL07053L1003636
270190,BC1500: 11064,1VR2181V6L1011064
270191,BC1000XL: 31617,1VRY11195L1031617
270193,D40X55III: 1535,1VRY240G9L1001535
270194,BC1200XL: 4525,1VR7141Y2L1004525
270196,BC1000XL: 31618,1VRY11197L1031618
270198,S925TX: 3635,1VRL07051L1003635
270202,BC1000XL: 31619,1VRY11199L1031619
270203,S925TX: 3646,1VRL07056L1003646
270204,BC1500: 11070,1VR2181V1L1011070
270205,D20X22III: 2529,1VRA170V2L1002529
270206,BC1000XL: 31620,1VRY11195L1031620
270207,D24X40III: 2078,1VRX200F7L1002078
270208,PTX42: 118,1VRK0724XL1000118
270214,D23X30III: 2072,1VRN20076L1002072
270215,BC1800XL: 8548,1VRY151Z8L1008548
270216,BC1000XL: 31592,1VRY11194L1031592
270217,CTX100: 3046,1VRZ080H1L1003046
270218,BC1000XL: 31621,1VRY11197L1031621
270219,D23X30DRS3: 1028,1VRJ21037L1001028
270222,BC1000XL: 31623,1VRY11190L1031623
270223,SC382: 1029,1VRU112B3L1001029
270224,BC1000XL: 31624,1VRY11192L1031624
270225,SC382: 1027,1VRU112BXL1001027
270226,D10X15III: 2083,1VRA130V9L1002083
270227,S925TX: 3647,1VRL07058L1003647
270228,RTX1250I2: 334,1VRR13295L1000334
270229,D24X40III: 2079,1VRX200F9L1002079
270234,BC1000XL: 31625,1VRY11194L1031625
270235,BC1000XL: 31626,1VRY11196L1031626
270236,SC382: 1028,1VRU112B1L1001028
270239,S925TX: 3648,1VRL0705XL1003648
270240,BC1500: 11072,1VR2181V5L1011072
270241,D20X22III: 2530,1VRA170V9L1002530
270242,SC382: 1021,1VRU112B9L1001021
270243,BC1000XL: 31627,1VRY11198L1031627
270244,BC1000XL: 31539,1VRY11190L1031539
270245,SC382: 1023,1VRU112B2L1001023
270246,D23X30III: 2073,1VRN20078L1002073
270250,BC1000XL: 31628,1VRY1119XL1031628
270252,S925TX: 3650,1VRL07058L1003650
270253,BC1800XL: 8549,1VRY151ZXL1008549
270256,SC382: 1022,1VRU112B0L1001022
270257,SC552: 1001,1VR9138U0L1001001
270258,D10X15III: 2084,1VRA130V0L1002084
270259,PTX42: 119,1VRK07241L1000119
270260,BC1000XL: 31629,1VRY11191L1031629
270263,S925TX: 3637,1VRL07055L1003637
270266,BC1500: 11073,1VR2181V7L1011073
270267,BC1000XL: 31630,1VRY11198L1031630
270268,SC382: 1020,1VRU112B7L1001020
270269,D24X40III: 2080,1VRX200F5L1002080
270270,S925TX: 3651,1VRL0705XL1003651
270271,SC382: 1010,1VRU112B4L1001010
270273,BC1000XL: 31631,1VRY1119XL1031631
270276,D10X15III: 2085,1VRA130V2L1002085
270277,BC1000XL: 31632,1VRY11191L1031632
270280,BC1200XL: 4521,1VR7141Y5L1004521
270306,SC552: 1002,1VR9138U2L1001002
270307,S925TX: 3652,1VRL07051L1003652
270308,BC1500: 11074,1VR2181V9L1011074
270309,BC1000XL: 31633,1VRY11193L1031633
270312,BC1000XL: 31634,1VRY11195L1031634
270313,SC382: 1011,1VRU112B6L1001011
270314,RTX1250I2: 335,1VRR13297L1000335
270315,SC382: 1019,1VRU112B0L1001019
270316,CTX100: 3047,1VRZ080H3L1003047
270317,RTX1250I2: 333,1VRR13293L1000333
270318,BC1800XL: 8550,1VRY151Z6L1008550
270319,BC1000XL: 31635,1VRY11197L1031635
270320,D20X22III: 2531,1VRA170V0L1002531
270323,S925TX: 3653,1VRL07053L1003653
270325,BC1000XL: 31636,1VRY11199L1031636
270326,D40X55III: 1536,1VRY200GXL1001536
270327,BC1500: 11075,1VR2181V0L1011075
270328,'-duplicate asset - Deactivated,bad vin
270331,BC1000XL: 31637,1VRY11190L1031637
270332,SC552: 1003,1VR9138U4L1001003
270333,CTX100: 3048,1VRZ080H5L1003048
270334,SC362: 4030,1VRF112Y7L1004030
270335,D10X15III: 2086,1VRA130V4L1002086
270336,BC1000XL: 31638,1VRY11192L1031638
270337,D24X40III: 2081,1VRX200F7L1002081
270339,BC1000XL: 31639,1VRY11194L1031639
270341,S925TX: 3649,1VRL07051L1003649
270342,BC1800XL: 8551,1VRY151Z8L1008551
270343,PD10: 3006,1VRB100ZXL1003006
270344,S925TX: 3654,1VRL07055L1003654
270345,BC1500: 11076,1VR2181V2L1011076
270347,BC1000XL: 31640,1VRY11190L1031640
270348,PD10: 3007,1VRB100Z1L1003007
270349,D23X30III: 2074,1VRN2007XL1002074
270351,CTX100: 3049,1VRZ080H7L1003049
270352,BC1000XL: 31641,1VRY11192L1031641
270353,D10X15III: 2087,1VRA130V6L1002087
270354,BC1000XL: 31642,1VRY11194L1031642
270358,SC552: 1004,1VR9138U6L1001004
270359,BC1000XL: 31643,1VRY11196L1031643
270361,BC1000XL: 31644,1VRY11198L1031644
270362,S925TX: 3655,1VRL07057L1003655
270363,BC1000XL: 31622,1VRY11199L1031622
270365,BC1000XL: 31645,1VRY1119XL1031645
270366,CTX100: 3050,1VRZ080H3L1003050
270367,HG4000: 1119,1VRC312H1L1001119
270368,HG4000: 1120,1VRC383H9L1001120
270369,SC552: 1005,1VR9138U8L1001005
270370,D20X22III: 2532,1VRA170V2L1002532
270371,BC1000XL: 31646,1VRY11191L1031646
270372,S925TX: 3656,1VRL07059L1003656
270373,BC1000XL: 31647,1VRY11193L1031647
270374,D24X40III: 2082,1VRX200F9L1002082
270375,BC1000XL: 31648,1VRY11195L1031648
270376,S925TX: 3657,1VRL07050L1003657
270377,BC1000XL: 31649,1VRY11197L1031649
270378,D23X30III: 2075,1VRN20071L1002075
270381,BC1000XL: 31650,1VRY11193L1031650
270382,CTX100: 3051,1VRZ080H5L1003051
270383,BC1800XL: 8552,1VRY151ZXL1008552
270384,D10X15III: 2088,1VRA130V8L1002088
270386,T855III: 535,1VR2220ZXL1000535
270387,BC1000XL: 31651,1VRY11195L1031651
270388,S925TX: 3658,1VRL07052L1003658
270389,D24X40III: 2083,1VRX200F0L1002083
270390,BC1000XL: 31652,1VRY11197L1031652
270391,CTX100: 3052,1VRZ080H7L1003052
270396,D40X55III: 1537,1VRY200G1L1001537
270403,SC552: 1006,1VR9138UXL1001006
270404,BC1000XL: 31653,1VRY11199L1031653
270405,S925TX: 3659,1VRL07054L1003659
270406,BC1200XL: 4526,1VR7141Y4L1004526
270407,BC1000XL: 31654,1VRY11190L1031654
270408,S925TX: 3660,1VRL07050L1003660
270409,BC1000XL: 31655,1VRY11192L1031655
270410,BC1500: 11077,1VR2181V4L1011077
270414,BC1000XL: 31656,1VRY11194L1031656
270415,CTX100: 3053,1VRZ080H9L1003053
270416,D20X22III: 2533,1VRA170V4L1002533
270418,D23X30III: 2076,1VRN20073L1002076
270419,BC1000XL: 31657,1VRY11196L1031657
270420,SC552: 1007,1VR9138U1L1001007
270421,BC1800XL: 8553,1VRY151Z1L1008553
270422,S925TX: 3661,1VRL07052L1003661
270426,S925TX: 3662,1VRL07054L1003662
270427,D8X12: 1011,1VR7130S1L1001011
270428,D23X30DRS3: 1029,1VRJ21039L1001029
270429,CTX100: 3054,1VRZ080H0L1003054
270430,BC1500: 11078,1VR2181V6L1011078
270433,SC362: 4031,1VRF112Y9L1004031
270434,BC1500: 11079,1VR2181V8L1011079
270436,D24X40III: 2084,1VRX200F2L1002084
270445,SC552: 1008,1VR9138U3L1001008
270446,BC1000XL: 31663,1VRY11191L1031663
270448,BC1000XL: 31660,1VRY11196L1031660
270449,S925TX: 3663,1VRL07056L1003663
270450,BC1000XL: 31664,1VRY11193L1031664
270451,BC1000XL: 31658,1VRY11198L1031658
270452,S925TX: 3664,1VRL07058L1003664
270453,BC1000XL: 31659,1VRY1119XL1031659
270454,RTX1250I2: 338,1VRR13292L1000338
270455,D23X30III: 2077,1VRN20075L1002077
270456,D8X12: 1012,1VR7130S3L1001012
270457,Southeast Test Unit,BADVIN11111111111
270459,BC1000XL: 31665,1VRY11195L1031665
270460,BC1000XL: 31661,1VRY11198L1031661
270461,BC1500: 11080,1VR2181V4L1011080
270474,D10X15III: 2089,1VRA130VXL1002089
270475,S925TX: 3665,1VRL0705XL1003665
270476,BC1000XL: 31662,1VRY1119XL1031662
270478,D24X40III: 2085,1VRX200F4L1002085
270479,S925TX: 3666,1VRL07051L1003666
270480,BC1800XL: 8554,1VRY151Z3L1008554
270482,S925TX: 3667,1VRL07053L1003667
270483,D10X15III: 2090,1VRA130V6L1002090
270484,SC552: 1009,1VR9138U5L1001009
270488,CTX100: 3045,1VRZ080HXL1003045
270489,D23X30III: 2078,1VRN20077L1002078
270495,CTX100: 3057,1VRZ080H6L1003057
270496,D40X55III: 1538,1VRY240G4L1001538
270498,D10X15III: 2091,1VRA130V8L1002091
270504,D20X22III: 2534,1VRA170V6L1002534
270505,SC292: 2012,1VRF102Y3L1002012
270506,D24X40III: 2086,1VRX200F6L1002086
270508,BC1800XL: 8555,1VRY151Z5L1008555
270511,RTX1250I2: 258,1VRR13294L1000258
270513,D23X30III: 2079,1VRN20079L1002079
270514,D23X30III: 2080,1VRN20075L1002080
270515,D20X22III: 2535,1VRA170V8L1002535
270516,SC852: 2001,1VR7122L3L1002001
270517,PD10: 3008,1VRB100Z3L1003008
270532,D40X55III: 1539,1VRY240G6L1001539
270533,D10X15III: 2092,1VRA130VXL1002092
270538,D10X15III: 2093,1VRA130V1L1002093
270539,RTX1250I2: 337,1VRR13290L1000337
270540,D23X30III: 2081,1VRN20077L1002081
270541,D10X15III: 2094,1VRA130V3L1002094
270545,D24X40III: 2087,1VRX200F8L1002087
270547,D20X22III: 2536,1VRA170VXL1002536
270557,D24X40III: 1129,1VRX200F4L1001129
270559,PTX42: 120,1VRK07248L1000120
270560,D24X40III: 2088,1VRX200FXL1002088
270562,D20X22III: 2537,1VRA170V1L1002537
270564,D23X30DRS3: 1030,1VRJ21035L1001030
270569,D10X15III: 2095,1VRA130V5L1002095
270573,D100X140S3: 188,1VRB360W5J1000188
270574,D24X40III: 1148,1VRX200F8L1001148
270576,D40X55III: 1540,1VRY240G2L1001540
270577,D23X30III: 2082,1VRN20079L1002082
270578,D8X12: 1013,1VR7130S5L1001013
270589,D20X22III: 2538,1VRA170V3L1002538
270592,PTX42: 121,1VRK0724XL1000121
270593,D23X30III: 2083,1VRN20070L1002083
270600,D24X40III: 2089,1VRX200F1L1002089
270607,S925TX: 3638,1VRL07057L1003638
270608,D24X40III: 2090,1VRX200F8L1002090
270609,D20X22III: 2539,1VRA170V5L1002539
270610,D10X15III: 2096,1VRA130V7L1002096
270612,SC362: 4026,1VRF112Y5L1004026
270615,D20X22III: 2540,1VRA170V1L1002540
270616,D23X30DRS3: 1031,1VRJ21037L1001031
270620,D24X40III: 2091,1VRX200FXL1002091
270621,D10X15III: 2097,1VRA130V9L1002097
270627,D23X30III: 2084,1VRN20072L1002084
270633,D10X15III: 2098,1VRA130V0L1002098
270637,D10X15III: 2099,1VRA130V2L1002099
270642,D20X22III: 2541,1VRA170V3L1002541
270647,D20X22III: 2542,1VRA170V5L1002542
270672,PTX42: 122,1VRK07241L1000122
270754,HG4000: 1121,1VRC383H0L1001121
270774,ATS Test 2566 (revG),1VR00000000002566
270775,ATS Test 2757 (revG),1VR00000000002757
270776,ATS Test 1941,1VR00000000001941
270777,TEST (revC) Ben 1,LHP-ASSETID-270777
270778,TEST (revC) Ben 2,LHP-ASSETID-270778
270785,SC362: 4024,1VRF112Y1L1004024
270810,D10X15III: 1173,1VRA130V5L1001173
270817,SC362: 4025,1VRF112Y3L1004025
270856,HG4000: 1127,1VRC312H0L1001127
270976,Utility Test LHP JW Config Testing,LHP-ASSETID-270976
270983,D20X22III: 1787,1VRA170V8L1001787
271068,D20X22III: 1757,1VRA170VXL1001757
271069,D24X40III: 831,1VRX200F5K1000831
271072,D40X55DRS3: 1011,1VR3240M8L1001011
271088,BC2100XL: 3016,1VR2212Y3L1003016
271099,D40X55DRS3: 1012,1VR3240MXL1001012
271134,ATS Test 9191 MTG,352739092932364
271138,SC70TX: 164,1VRK12035K1000164
271172,D40X55DRS3: 1013,1VR3240M1L1001013
271208,D8X12: 282,1VR7130S7K1000282
271209,D24X40III: 2095,1VRX200F7L1002095
271210,D24X40III: 2094,1VRX200F5L1002094
271247,RTX1250I2: 267,1VRR13295L1000267
271273,D40X55DRS3: 1014,1VR3240M3L1001014
271301,HG6000: 2028,1VRY39316L1002028
271345,TG7000: 2006,1VRY4636XK1002006
271446,TG5000: 1023,1VR240207J1001023
271518,HG6000: 361,1VRY4431XA1000361
271529,RTX1250I2: 239,1VRR13290L1000239
271551,D20X22III: 1521,1VRA170V5K1001521
271565,VFM Test 2660,1VR00000000002660
271614,HG4000: 1118,1VRC312HXL1001118
271631,D10X15III: 2137,1VRA130V6L1002137
271632,BC1000XL: 29743,1VRY11190L1029743
271636,TR5300: 137,56SM39169LF000137
271642,D10X15III: 1226,1VRA130V0L1001226
271691,D10X15III: 1130,1VRA130V0K1001130
271697,SC40TX: 493,1VR0100J8L1000493
271708,HG4000: 1108,1VRC312H7L1001108
271714,RTX1250I2: 299,1VRR13297L1000299
271733,SC70TX: 339,1VRK12031L1000339
271736,D23X30III: 1438,1VRN20076L1001438
271757,D10X15III: 2133,1VRA130V9L1002133
271758,HG4000: 1129,1VRC312H4L1001129
271788,HG6800TX: 146,1VRK4804XK1000146
271823,HG4000: 1130,1VRC312H0L1001130
271824,D23X30III: 1231,1VRN20078K1001231
271866,PD10: 2242,1VRB100Z7H1002242
271873,HG4000: 1114,1VRC312H2L1001114
271890,HG6800TX: 143,1VRK48044K1000143
271950,ATS Test 3011 (revG),1VR00000000003011
271951,HG4000: 1131,1VRC312H2L1001131
271970,ATS Test 2997 (revG),1VR00000000002997
271972,D10X15III: 2147,1VRA130V9L1002147
271988,D24X40III: 785,1VRX200F4J1000785
271989,HG4000: 1132,1VRC312H4L1001132
272020,D23X30III: 1407,1VRN20076L1001407
272033,SC362: 4028,1VRF112Y9L1004028
272034,SC362: 4029,1VRF112Y0L1004029
272062,TR6400: 102,1VRT402A7KF000102
272125,BC1800XL: 6693,1VRY151Z0J1006693
272127,D23X30III: 815,1VRN20079J1000815
272142,D24X40III: 2134,1VRX200F2L1002134
272143,D24X40III: 2108,1VRX200F1L1002108
272232,D60X90S3: 113,1VRJ29037H1000113
272285,CTX100: 2341,1VRZ080H9L1002341
272286,D100X140S3: 192,1VRB360W7J1000192
272289,AX17 SN000101 (revG) TEST,1VRV192CXJ1000101
272355,PD5R SN000103 (revG) TEST,TEST1
272357,TEST UNIT TCU 3040 (revG),TEST
272364,D23X30DRS3: 132,1VRJ21038L1000132
272368,RTX1250I2: 345,1VRR1329XL1000345
272371,RTX1250I2: 280,1VRR13298L1000280
272394,ats 3014 Test,3014
272399,AX19 SN000206 (revG) TEST,LHP-ASSETID-272399
272421,HG6000: 2030,1VRY39314L1002030
272438,SC40TX: 367,1VR0100J7J1000367
272484,CC155: 1016,1VR2152E8J1001016
272566,SC70TX: 381,1VRK12030L1000381
272598,ATS Signal Test (Sound Pad) - Pella (GPS-GSM),1VRxxxxxxxxxx2981
272601,PD10: 3017,1VRB100Z4L1003017
272602,PD10: 3015,1VRB100Z0L1003015
272603,PD10: 3016,1VRB100Z2L1003016
272604,PD10: 3018,1VRB100Z6L1003018
272627,ats 2987 Test,LHP-ASSETID-272627
272664,SC70TX: 187,1VRK12036K1000187
272762,RTX1250I2: 270,1VRR13295L1000270
272800,Elite SN 3043 - RevG TEST,LHP-ASSETID-272800
272801,Elite SN 3041 - RevG TEST,LHP-ASSETID-272801
272802,Elite SN 3051 - RevG TEST,LHP-ASSETID-272802
272804,Elite SN 2998 - RevG  TEST,LHP-ASSETID-272804
272805,Elite SN 2980 - RevG TEST,LHP-ASSETID-272805
272806,Elite SN 2970 - RevG TEST,LHP-ASSETID-272806
272809,Elite SN 3033 - RevG TEST,LHP-ASSETID-272809
272810,Elite SN 2994 - RevG TEST,LHP-ASSETID-272810
272811,ATS Test 2986 - RevG (JG-OM Team),1VRxxxxxxxxxx2986
272812,Elite SN 2977 - RevG TEST,LHP-ASSETID-272812
272813,Elite SN 3030 - RevG TEST,LHP-ASSETID-272813
272814,BC1000XL SN040001 (Deutz-Prototype),1VRxxxxxxxxx40001
272815,Elite SN 3002 - RevG TEST,LHP-ASSETID-272815
272816,Elite SN 3022 - RevG TEST,LHP-ASSETID-272816
272817,D100X140S3: 301,1VRB360W4L1000301
272892,PD10: 3027,1VRB100Z7L1003027
272893,PD10: 3029,1VRB100Z0L1003029
272894,PD10: 3028,1VRB100Z9L1003028
272909,D60X90S3: 170,1VRJ29037L1000170
272928,ATS Test 2960 (revG),1VR00000000002960
272972,D60X90S3: 147,1VRJ29033K1000147
272975,D550G4: 100,1VR7530S0L1000100
273010,RTX1250I2: 368,1VRR13290L1000368
273046,5-102,1VR1120H81000235
273047,5-103,1VRA130V2H10000473
273075,RTX1250I2: 351,1VRR13295L1000351
273116,D40X55III SN 999 TEST,TEST999
273141,Functional Check TP1 (revG) TEST (Wavern),LHP-ASSETID-273141
273145,ATS Test null1,1VR000000000NULL1
273198,RTX1250I2: 357,1VRR13296L1000357
273212,VFM Test 3058 RevG,1VR00000000003058
273213,VFM Test 3045 RevG,1VR00000000003045
273245,HG6000: 2032,1VRY39316M1002032
273250,ATS Test 1384,1384
273252,ATS Test 1575,1575
273255,AX19 SN000206 (revG) TEST2,1VRxxxxxxxxxxx206
273338,D40X55III: 560,1VRY240G3L1000560
273352,PD10: 3033,1VRB100Z2L1003033
273353,PD10: 3031,1VRB100Z9L1003031
273354,PD10: 3035,1VRB100Z6L1003035
273355,PD10: 3034,1VRB100Z4L1003034
273356,PD10: 3030,1VRB100Z7L1003030
273357,PD10: 3036,1VRB100Z6M1003036
273358,PD10: 3032,1VRB100Z0L1003032
273421,RTX1250: 1216,1VR6110R1C1001216
273423,S925TX: 2596,1VRL07051L1002596
273428,BC1000XL: 30385,1VRY11195L1030385
273467,HG6800TX: 142,1VRK48042K1000142
273476,RTX1250I2: 269,1VRR13299L1000269
273477,RTX1250I2: 352,1VRR13297L1000352
273478,BC1000XL: 32376,1VRY11191M1032376
273487,ATS Test 1622,1VR00000000001622
273520,D40X55III: 219,1VRY200G5H1000219
273521,D40X55DRS3: 112,1VR3240M2J1000112
273527,ATS Test 3139 - RevG (Function Test #1),1VRxxxxxxxxxx3139
273528,ATS Test 3107 (revG) (Function and Production #2),1VRxxxxxxxxxx3107
273532,D20X22III: 1293,1VRA170V7K1001293
273545,D20X22III: 1403,1VRA170VXK1001403
273546,BC1000XL: 32307,1VRY11196L1032307
273590,RTX1250I2 SN999 TEST,999
273609,ATS Test 3069 - RevG (Function Test #3),1VRxxxxxxxxxx3069
273611,D20X22III: 2501,1VRA170V2L1002501
273620,ATS Signal Test #2 - Pella (GPS-GSM),1VRxxxxxxxxxx3104
273621,ATS Signal Test #1 - Pella (GPS-GSM),1VRxxxxxxxxxx3085
273625,D20X22III: 1518,1VRA170V5K1001518
273626,MY TEST,LHP-ASSETID-273626
273627,ATS Test 3091 (revG) (Function Test #4),1VRxxxxxxxxxx3091
273630,ATS Test 3120 - RevG (GPS Ollie Survey),1VRxxxxxxxxxx3120
273631,ATS Test 3102 - RevG (Elliott),1VRxxxxxxxxxx3102
273647,Elite SN 3142 - RevG TEST,1VRxxxxxxxxxx3142
273648,Elite SN 3137 - RevG TEST,1VRxxxxxxxxxx3137
273649,Elite SN 3131 - RevG TEST,1VRxxxxxxxxxx3131
273651,Elite SN 3129 - RevG TEST,1VRxxxxxxxxxx3129
273658,D40X55DRS3: 108,1VR3240M0J1000108
273679,ATS Test 3118 - RevG (DJ-OM Team),1VRxxxxxxxxxx3118
273685,ATS Test 3105 (revG),1VR00000000003105
273686,ATS Test 3126 (revG),1VR00000000003126
273689,ATS 2066 test,2066
273690,ATS 1996 Test,1996
273705,HG4000: 1125,1VRC312H7L1001125
274336,Elite SN 3075- RevG TEST,1VRxxxxxxxxxx3075
274337,Elite SN 3083 - RevG TEST,1VRxxxxxxxxxx3083
274338,Elite SN 3113 - RevG TEST,1VRxxxxxxxxxx3113
274359,HG6000: 2034,1VRY3931XM1002034
274375,ATS Test 3064 - RevG (Function Test #5),1VRxxxxxxxxxx3064
274376,ATS Test 3071 - RevG (AS-OM Team),1VRxxxxxxxxxx3071
274391,ATS Test 3099 - RevG (Forage),1VRxxxxxxxxxx3099
274409,ATS Test 3103 - RevG (FunctionMT #7 - D23DR sn125),1VRxxxxxxxxxx3103
274412,PD10R: 1022,1VRR10081L1001022
274413,PD10R: 1023,1VRR10083L1001023
274414,PD10R: 1024,1VRR10085L1001024
274415,ATS Test 3096 (revG),1VR00000000003096
274416,ATS Test 3094 (revG),1VR00000000003094
274435,ATS Test 3095 (revG),1VR00000000003095
274441,RTX250: 2514,1VRD070D1L1002514
274442,SC852: 2019,1VR7122L0L1002019
274443,D40X55III: 323,1VRY200G3J1000323
274461,TR5300: 126,56SM39166KF000126
274479,MY MTG test,LHP-ASSETID-274479
274497,D23X30III: 1431,1VRN20073L1001431
274500,D24X40III: 2195,1VRX200F0L1002195
274501,D24X40III: 2265,1VRX200FAM1002265
274505,D24X40III: 2199,1VRX200F8L1002199
274506,D40X55III: 1608,1VRY240GHM1001608
274510,D20X22III: 2636,1VRA170V3L1002636
274521,D23X30DRS3: 116,1VRJ21031K1000116
274545,D40X55III: 1595,1VRY200GAL1001595
274587,SC1052: 100,1VR7132S1K1000100
274595,D40X55III: 421,1VRY200G1K1000421
274607,PD10: 3062,1VRB100ZKM1003062
274608,PD10: 3063,1VRB100ZJM1003063
274609,PD10: 3064,1VRB100ZCM1003064
274610,PD10: 3065,1VRB100ZVM1003065
274611,PD10: 3066,1VRB100ZAM1003066
274689,CTX160: 99,1VR3080M5K1000099
274740,D60G4: 99,1VRB320W1L1000099
274743,RTX1250I2 SN000344 (revG) TEST,1VRRxxxx1000344
274752,VATH Test 3427 (revG - Derek N.),1VRxxxxxxxxxx3427
274753,ATS Test 3047 - RevG (NW-OM Team),1VRxxxxxxxxxx3047
274788,PD10: 3046,1VRB100ZJM1003046
274791,D10X15III: 335,1VRA130V1H1000335
274808,D20X22III: 1517,1VRA170V3K1001517
274817,HG6800TX: 160,1VRK49045L1000160
274832,R600T: 101,1VR6553R9LF000101
274833,R600T: 103,1VR6553R0MF000103
274834,R600T: 102,1VR6553R0LF000102
274869,DC10: 132,1VRB12033K1000132
274887,S925TX: 4058,1VRL0705TM1004058
274966,RTX1250I2: 246,1VRR13298L1000246
274967,MX300D: 100,1VRK0604CMF000100
274968,S925TX: 3926,1VRL0705EM1003926
274970,D10X15III: 193,1VRA130V7H1000193
275001,D24X40III: 2328,1VRX200FVM1002328
275015,D24X40III: 2329,1VRX200FAM1002329
275016,D24X40III: 2330,1VRX200FCM1002330
275019,ATS Test 1931 (Greg L),1VRxxxxxxxxxx1931
275025,D40X55III: 1627,1VRY200GCM1001627
275035,D24X40III: 2331,1VRX200FVM1002331
275036,PD10R SN1056,1056
275038,PD10: 2259,1VRB100Z2H1002259
275047,D24X40III: 2332,1VRX200FAM1002332
275052,D24X40III: 2333,1VRX200FLM1002333
275063,D23X30III: 2238,1VRN2007CM1002238
275066,HG4000: 1126,1VRC312H9L1001126
275070,D23X30III: 2240,1VRN2007EM1002240
275075,D23X30III: 2239,1VRN2007TM1002239
275078,D23X30III: 2241,1VRN2007CM1002241
275082,D23X30III: 2242,1VRN2007TM1002242
275089,D40X55III: 1628,1VRY240GTM1001628
275095,D23X30III: 2243,1VRN2007PM1002243
275099,D23X30III: 2244,1VRN2007KM1002244
275104,D24X40III: 2335,1VRX200FEM1002335
275105,D24X40III: 2336,1VRX200FCM1002336
275118,D24X40III: 2334,1VRX200FHM1002334
275120,D23X30III: 2245,1VRN2007JM1002245
275125,D24X40III: 2337,1VRX200FTM1002337
275135,D23X30III: 2246,1VRN2007CM1002246
275150,D24X40III: 2338,1VRX200FPM1002338
275172,D40X55III: 1629,1VRY240GPM1001629
275183,D23X30III: 2247,1VRN2007VM1002247
275184,D24X40III: 2339,1VRX200FKM1002339
275194,HG4000: 1124,1VRC383H6L1001124
275196,D24X40III: 2340,1VRX200FTM1002340
275210,D23X30III: 2248,1VRN2007AM1002248
275215,D23X30III: 2249,1VRN2007LM1002249
275216,D24X40III: 2341,1VRX200FPM1002341
275220,D40X55III: 1630,1VRY200GCM1001630
275226,D23X30III: 2250,1VRN2007VM1002250
275232,D23X30III: 2251,1VRN2007AM1002251
275238,D24X40III: 2342,1VRX200FKM1002342
275239,RTX1250I2,LHP-ASSETID-275239
275242,D23X30III: 2253,1VRN2007HM1002253
275243,D23X30III: 2252,1VRN2007LM1002252
275244,SPX25: 467,1VR9070UJM1000467
275248,ACS 9916,9916
275253,D24X40III: 2343,1VRX200FJM1002343
275267,D23X30III: 2254,1VRN2007EM1002254
275269,D40X55DRS3: 1027,1VR3240MEM1001027
275279,D24X40III: 2344,1VRX200FCM1002344
275291,D23X30III: 2255,1VRN2007CM1002255
275296,D40X55III: 1631,1VRY200GVM1001631
275304,D23X30III: 2256,1VRN2007TM1002256
275305,D24X40III: 2345,1VRX200FVM1002345
275308,CTX160: 398,1VR3080MCM1000398
275316,D23X30III: 2257,1VRN2007PM1002257
275319,D24X40III: 2346,1VRX200FAM1002346
275325,D23X30III: 2258,1VRN2007KM1002258
275332,D24X40III: 2347,1VRX200FLM1002347
275339,D40X55III: 1632,1VRY200GAM1001632
275347,D23X30III: 2259,1VRN2007JM1002259
275352,D24X40III: 2348,1VRX200FHM1002348
275358,D23X30III: 2260,1VRN2007PM1002260
275385,D24X40III: 2349,1VRX200FEM1002349
275396,D23X30III: 2261,1VRN2007KM1002261
275403,BC1000XL: 31930,1VRY11199L1031930
275407,D40X55III: 1633,1VRY200GLM1001633
275409,D40X55DRS3: 1028,1VR3240MCM1001028
275419,D24X40III: 2350,1VRX200FLM1002350
275426,D23X30III: 2262,1VRN2007JM1002262
275448,D24X40III: 2351,1VRX200FHM1002351
275449,D24X40III: 2352,1VRX200FEM1002352
275450,D10X15III: 443,1VRA130V4H1000443
275452,D10X15III: 194,1VRA130V9H1000194
275454,D10X15III: 350,1VRA130V8H1000350
275459,D23X30III: 2263,1VRN2007CM1002263
275469,RTX1250I2: 411,1VRR1329LM1000411
275476,D40X55III: 1634,1VRY200GHM1001634
275484,D24X40III: 2353,1VRX200FCM1002353
275486,D24X40III: 1021,1VRX200F8K1001021
275490,D10X15III: 346,1VRA130V6H1000346
275503,D23X30III: 2264,1VRN2007VM1002264
275504,D24X40III: 2354,1VRX200FTM1002354
275512,D24X40III: 2355,1VRX200FPM1002355
275522,D23X30III: 2265,1VRN2007AM1002265
275549,D24X40III: 2356,1VRX200FKM1002356
275560,D23X30III: 2266,1VRN2007LM1002266
275563,D23X30III: 2267,1VRN2007HM1002267
275580,D40X55III: 1635,1VRY200GEM1001635
275585,D24X40III: 2357,1VRX200FJM1002357
275596,RTX1250I2: 412,1VRR1329HM1000412
275597,RTX1250I2: 413,1VRR1329EM1000413
275598,D24X40III: 2358,1VRX200FCM1002358
275600,R600T: 104,1VR6553R2MF000104
275630,D23X30III: 2268,1VRN2007EM1002268
275631,D24X40III: 2359,1VRX200FVM1002359
275632,Elite SN 7001 (New Hardware),LHP-ASSETID-275632
275633,Elite SN 7002 (New Hardware),LHP-ASSETID-275633
275634,Elite SN 7000 (New Hardware),LHP-ASSETID-275634
275635,Elite SN 6999 (New Hardware),LHP-ASSETID-275635
275641,D23X30III: 2269,1VRN2007CM1002269
275649,D24X40III: 2360,1VRX200FJM1002360
275650,SC70TX: 404,1VRK12038L1000404
275655,SC70TX: 588,1VRK1203JM1000588
275666,D60X90S3: 1012,1VRJ2903TM1001012
275671,D40X55III: 1636,1VRY200GCM1001636
275672,BC1000XL: 28132,1VRY11191K1028132
275674,D40X55III: 1592,1VRY240GXL1001592
275676,ATS Test 6358,LHP-ASSETID-275676
275677,D23X30III: 2270,1VRN2007HM1002270
275680,BC1000XL: 32679,1VRY11198M1032679
275681,D24X40III: 2361,1VRX200FCM1002361
275682,BC1000XL: 29697,1VRY11198L1029697
275683,BC1000XL: 29696,1VRY11196L1029696
275687,D23X30III: 2271,1VRN2007EM1002271
275688,BC1000XL: 29983,1VRY11199L1029983
275689,BC1000XL: 35911,1VRY1119XN1035911
275690,D24X40III: 2362,1VRX200FVM1002362
275703,D40X55III: 1637,1VRY240GAM1001637
275704,D10X15III: 2312,1VRA130VKM1002312
275705,D23X30III: 2272,1VRN2007CM1002272
275715,D24X40III: 2363,1VRX200FAM1002363
275719,D40X55DRS3: 1029,1VR3240MTM1001029
275720,D23X30DRS3: 1068,1VRJ2103LM1001068
275724,RTX1250I2: 414,1VRR1329CM1000414
275725,RTX1250I2: 416,1VRR1329PM1000416
275730,D23X30III: 2273,1VRN2007TM1002273
275732,D24X40III: 2365,1VRX200FHM1002365
275734,D23X30III: 2274,1VRN2007PM1002274
275735,SC70TX: 1503,1VRK1203VM1001503
275737,RTX1250I2: 415,1VRR1329TM1000415
275740,SC70TX: 1504,1VRK1203AM1001504
275745,SC70TX: 1505,1VRK1203LM1001505
275752,SC70TX: 1506,1VRK1203HM1001506
275753,SC70TX: 1502,1VRK1203CM1001502
275755,D24X40III: 2366,1VRX200FEM1002366
275757,D10X15III: 440,1VRA130V9H1000440
275761,SC70TX: 1507,1VRK1203EM1001507
275763,D20X22III: 1058,1VRA170VXJ1001058
275768,D23X30III: 2275,1VRN2007KM1002275
275772,SC70TX: 1508,1VRK1203CM1001508
275775,RTX1250I2: 417,1VRR1329KM1000417
275777,RTX1250I2: 418,1VRR1329JM1000418
275780,SC70TX: 1509,1VRK1203TM1001509
275785,D24X40III: 2367,1VRX200FCM1002367
275791,SC70TX: 1510,1VRK1203EM1001510
275797,SC70TX: 1511,1VRK1203CM1001511
275798,SC70TX: 1501,1VRK1203JM1001501
275799,D40X55III: 1638,1VRY200GPM1001638
275801,SC70TX: 1512,1VRK1203TM1001512
275804,RTX200: 1516,1VR6071RPM1001516
275807,D23X30III: 2276,1VRN2007JM1002276
275813,SC70TX: 1513,1VRK1203PM1001513
275817,D24X40III: 2368,1VRX200FTM1002368
275818,D23X30III: 2277,1VRN2007CM1002277
275820,D24X40III: 2369,1VRX200FPM1002369
275821,D100X140S3: 300,1VRB360W2L1000300
275823,SC70TX: 1514,1VRK1203KM1001514
275831,D23X30III: 2278,1VRN2007VM1002278
275832,SC70TX: 1515,1VRK1203JM1001515
275833,"East Tennessee Rent Alls, Inc 7480-19",IVRY11197M1032608
275844,RTX1250I2: 420,1VRR1329KM1000420
275845,D24X40III: 2370,1VRX200FCM1002370
275846,SC70TX: 1516,1VRK1203CM1001516
275848,D24X40III: 2278,1VRX200FVM1002278
275849,D23X30III: 2279,1VRN2007AM1002279
275852,BC1800XL: 10065,1VRY151Z7M1010065
275856,SC70TX: 1517,1VRK1203VM1001517
275860,D24X40III: 2371,1VRX200FTM1002371
275862,S925TX: 4282,1VRL0705HM1004282
275867,S925TX: 4283,1VRL0705EM1004283
275869,SC852: 2037,1VR7122LCM1002037
275873,ATS EMC Test #2992 - RevG (BASE12v),1VRxxxxxxxxx2992
275881,S925TX: 4284,1VRL0705CM1004284
275884,ATS Test 3159 - RevG (WD-OM Team),1VRxxxxxxxxxx3159
275885,ATS Test 3078 - RevG (GL-OM Team),1VRxxxxxxxxxx3078
275895,D40X55III: 1639,1VRY240GHM1001639
275900,CTX100: 3297,1VRZ080HVM1003297
275908,D60X90S3: 1013,1VRJ2903PM1001013
275910,SC362: 4197,1VRF112YHM1004197
275911,SC852: 2038,1VR7122LVM1002038
275912,SC362: 4195,1VRF112YAM1004195
275913,CTX160: 504,1VR3080MLM1000504
275915,SC362: 4198,1VRF112YEM1004198
275916,D24X40III: 2372,1VRX200FPM1002372
275917,S925TX: 4286,1VRL0705PM1004286
275918,RTX1250I2: 419,1VRR1329CM1000419
275919,S925TX: 4285,1VRL0705TM1004285
275920,CTX100: 3298,1VRZ080HAM1003298
275921,RTX200: 1517,1VR6071RKM1001517
275922,SC362: 4202,1VRF112YHM1004202
275923,SC362: 4199,1vrf112ycm1004199
275924,S925TX: 4288,1VRL0705JM1004288
275928,CTX160: 505,1VR3080MHM1000505
275931,RTX1250I2: 421,1VRR1329JM1000421
275932,S925TX: 4289,1VRL0705CM1004289
275934,D23X30III: 2280,1VRN2007CM1002280
275940,SC852: 2039,1VR7122LAM1002039
275941,S925TX: 4290,1VRL0705KM1004290
275943,SC362: 4200,1VRF112YAM1004200
275944,SC362: 4203,1VRF112YEM1004203
275946,SC362: 4204,1VRF112YCM1004204
275949,S925TX: 4291,1VRL0705JM1004291
275950,SC362: 4201,1VRF112YLM1004201
275952,CTX160: 506,1VR3080MEM1000506
275953,CTX100: 3300,1VRZ080HJM1003300
275954,SC362: 4205,1VRF112YTM1004205
275955,S925TX: 4292,1VRL0705CM1004292
275957,SC852: 2040,1VR7122LCM1002040
275958,SC362: 4206,1VRF112YPM1004206
275959,D24X40III: 2373,1VRX200FKM1002373
275963,S925TX: 4293,1VRL0705VM1004293
275967,CTX100: 3301,1VRZ080HCM1003301
275969,SC362: 4207,1VRF112YKM1004207
275970,CT718: 4025,56S8132RJMF004025
275972,S925TX: 4294,1VRL0705AM1004294
275974,SC852: 2041,1VR7122LVM1002041
275975,CTX160: 508,1VR3080MTM1000508
275980,SC362: 4196,1VRF112YLM1004196
275981,S925TX: 4295,1VRL0705LM1004295
275986,CTX100: 3302,1VRZ080HVM1003302
275987,S925TX: 4296,1VRL0705HM1004296
275988,S925TX: 4287,1VRL0705KM1004287
275989,CTX50: 426,1VR2070L7L1000426
275991,CTX100: 3303,1VRZ080HAM1003303
275995,S925TX: 4297,1VRL0705EM1004297
275996,CTX160: 509,1VR3080MPM1000509
275997,SC852: 2042,1VR7122LAM1002042
275998,S925TX: 4298,1VRL0705CM1004298
275999,S450TX: 2074,1VRD060BKM1002074
276001,SC852: 2043,1VR7122LLM1002043
276002,CTX100: 3304,1VRZ080HLM1003304
276003,D23X30III: 2281,1VRN2007VM1002281
276004,D24X40III: 2374,1VRX200FJM1002374
276005,RTX1250I2: 422,1VRR1329CM1000422
276006,CTX160: 510,1VR3080MCM1000510
276007,SC362: 4210,1vrf112ykm1004210
276010,S925TX: 4301,1VRL0705HM1004301
276017,D23X30III: 2282,1VRN2007AM1002282
276018,S925TX: 4299,1VRL0705TM1004299
276020,ATS Test 2990,1VR00000000002990
276022,CTX100: 3305,1VRZ080HHM1003305
276024,S925TX: 4300,1VRL0705LM1004300
276025,S925TX: 4302,1VRL0705EM1004302
276026,SC552: 1053,1VR9138ULM1001053
276027,PD5R: 115,1VR6120RVM1000115
276028,SC362: 4211,1VRF112YJM1004211
276030,SC362: 4212,1VRF112YCM1004212
276031,SC362: 4208,1VRF112YJM1004208
276032,CTX100: 3306,1VRZ080HEM1003306
276036,S925TX: 4303,1VRL0705CM1004303
276037,CTX100: 3299,1VRZ080HLM1003299
276039,CTX160: 511,1VR3080MTM1000511
276040,PD5R: 116,1VR6120RAM1000116
276042,S925TX: 4304,1VRL0705TM1004304
276043,SC362: 4209,1VRF112YCM1004209
276045,BC1800XL: 10070,1VRY151Z0M1010070
276046,BC1800XL: 10069,1VRY151Z4M1010069
276048,CTX100: 3307,1VRZ080HCM1003307
276051,D40X55DRS3: 1030,1VR3240MEM1001030
276054,S925TX: 4305,1VRL0705PM1004305
276055,SC362: 4213,1VRF112YVM1004213
276056,D40X55III: 1640,1VRY200GTM1001640
276057,SC362: 4214,1VRF112YAM1004214
276058,CTX160: 512,1VR3080MPM1000512
276059,D24X40III: 2375,1VRX200FCM1002375
276060,S925TX: 4306,1VRL0705KM1004306
276061,RTX1250I2: 423,1VRR1329VM1000423
276063,S925TX: 4307,1VRL0705JM1004307
276065,SC552: 1054,1VR9138UHM1001054
276067,CTX100: 3308,1VRZ080HTM1003308
276069,CTX160: 513,1VR3080MKM1000513
276074,S925TX: 4308,1VRL0705CM1004308
276076,SC362: 4215,1VRF112YLM1004215
276077,SC362: 4216,1VRF112YHM1004216
276079,CTX100: 3309,1VRZ080HPM1003309
276080,D23X30III: 2283,1VRN2007LM1002283
276081,S925TX: 4309,1VRL0705VM1004309
276082,S925TX: 4310,1VRL0705JM1004310
276085,CTX160: 514,1VR3080MJM1000514
276088,S925TX: 4311,1VRL0705CM1004311
276089,XTS1250I2: 116,1VRY132GCM1000116
276090,SC552: 1055,1VR9138UEM1001055
276091,CTX100: 3310,1VRZ080HCM1003310
276092,D24X40III: 2376,1VRX200FVM1002376
276093,S925TX: 4312,1VRL0705VM1004312
276096,TR5300: 147,56SM3916XMF000147
276097,S925TX: 4313,1VRL0705AM1004313
276098,SC292: 2048,1VRF102YCM1002048
276099,SC552: 1056,1VR9138UCM1001056
276100,SC292: 2049,1VRF102YVM1002049
276101,D23X30III: 2284,1VRN2007HM1002284
276103,SC292: 2050,1VRF102YJM1002050
276104,CTX100: 3311,1VRZ080HTM1003311
276106,S925TX: 4314,1VRL0705LM1004314
276112,CTX160: 515,1VR3080MCM1000515
276118,D40X55III: 1641,1VRY200GPM1001641
276243,D24X40III: 2315,1VRX200FAM1002315
276244,D10X15III: 2269,1VRA130VEM1002269
276245,D10X15III: 2234,1VRA130VVM1002234
276252,CH SPX25 #0500 Synergies 3 Tec Services,1VR907OUTM1000500
276289,PD5R: 117,1VR6120RLM1000117
276290,S925TX: 4315,1VRL0705HM1004315
276296,S925TX: 4316,1VRL0705EM1004316
276297,SC362: 4219,1VRF112YTM1004219
276299,D23X30III: 2285,1VRN2007EM1002285
276300,SC362: 4217,1VRF112YEM1004217
276304,CTX160: 516,1VR3080MVM1000516
276307,SC552: 1058,1VR9138UPM1001058
276311,S925TX: 4317,1VRL0705CM1004317
276314,CTX100: 3313,1VRZ080HKM1003313
276315,SC362: 4218,1VRF112YCM1004218
276317,SC362: 4220,1VRF112YEM1004220
276318,D24X40III: 2377,1VRX200FAM1002377
276335,S925TX: 4318,1VRL0705TM1004318
276336,S450TX: 2075,1VRD060BJM1002075
276337,RTX1250I2: 425,1VRR1329LM1000425
276341,SC802: 4001,1VR2151J6M1004001
276342,CTX160: 517,1VR3080MAM1000517
276346,S925TX: 4319,1VRL0705PM1004319
276349,SC362: 4221,1VRF112YCM1004221
276350,SC362: 4222,1VRF112YTM1004222
276352,CTX100: 3314,1VRZ080HJM1003314
276353,RTX1250I2: 424,1VRR1329AM1000424
276354,S925TX: 4320,1VRL0705CM1004320
276357,D23X30III: 2286,1VRN2007CM1002286
276358,D24X40III: 2378,1VRX200FLM1002378
276359,CTX160: 518,1VR3080MLM1000518
276363,S925TX: 4321,1VRL0705TM1004321
276365,SC802: 4002,1VR2151J8M1004002
276367,CTX160: 519,1VR3080MHM1000519
276369,SC362: 4223,1VRF112YPM1004223
276371,CTX100: 3312,1VRZ080HPM1003312
276372,S925TX: 4322,1VRL0705PM1004322
276381,CTX100: 3315,1VRZ080HCM1003315
276382,SC382: 1191,1VRU112BEM1001191
276383,SC382: 1192,1VRU112BCM1001192
276384,S925TX: 4323,1VRL0705KM1004323
276396,CTX100: 3316,1VRZ080HVM1003316
276399,SC802: 4003,1VR2151JXM1004003
276400,S925TX: 4324,1VRL0705JM1004324
276404,D40X55III: 1642,1VRY240GHM1001642
276406,CTX160: 520,1VR3080MAM1000520
276408,S450TX: 2076,1VRD060BCM1002076
276412,S925TX: 4325,1VRL0705CM1004325
276413,PD5R: 118,1VR6120RHM1000118
276414,CTX100: 3317,1VRZ080HAM1003317
276415,S925TX: 4326,1VRL0705VM1004326
276416,D23X30III: 2287,1VRN2007TM1002287
276417,CTX160: 521,1VR3080MLM1000521
276418,SC802: 4004,1VR2151J1M1004004
276419,S925TX: 4327,1VRL0705AM1004327
276423,D40X55DRS3: 1031,1VR3240MCM1001031
276426,CTX100: 3318,1VRZ080HLM1003318
276427,S925TX: 4328,1VRL0705LM1004328
276428,D24X40III: 2379,1VRX200FHM1002379
276430,CTX160: 522,1VR3080MHM1000522
276431,S925TX: 4329,1VRL0705HM1004329
276434,AX19: 1019,1VRL19253M1001019
276435,CTX100: 3319,1VRZ080HHM1003319
276441,SC48TX SN100 TEST,1VRxxxxxxxxxxx100
276442,S925TX: 4330,1VRL0705AM1004330
276447,CTX160: 523,1VR3080MEM1000523
276449,TR626: 4080,56S8552NXMF004080
276450,RTX200: 1518,1VR6071RJM1001518
276451,D23X30DRS3: 1070,1VRJ2103AM1001070
276455,CTX100: 3320,1VRZ080HAM1003320
276456,S925TX: 4332,1VRL0705HM1004332
276466,S450TX: 2077,1VRD060BVM1002077
276467,SC382: 1196,1VRU112BJM1001196
276469,CTX160: 524,1VR3080MCM1000524
276470,SC552: 1057,1VR9138UTM1001057
276477,S925TX: 4333,1VRL0705EM1004333
276478,D24X40III: 2380,1VRX200FAM1002380
276479,CTX100: 3321,1VRZ080HLM1003321
276482,D40X55III: 1626,1VRY240GEM1001626
276490,S925TX: 4334,1VRL0705CM1004334
276493,SC802: 4006,1VR2151J5M1004006
276494,SC382: 1197,1VRU112BCM1001197
276495,SC382: 1198,1VRU112BVM1001198
276497,RTX1250I2: 426,1VRR1329HM1000426
276498,CTX160: 525,1VR3080MTM1000525
276499,D23X30III: 2288,1VRN2007PM1002288
276502,RTX200: 1519,1VR6071RCM1001519
276504,S925TX: 4335,1VRL0705TM1004335
276506,PD10: 3083,1VRB100ZAM1003083
276507,CTX100: 3322,1VRZ080HHM1003322
276514,S925TX: 4336,1VRL0705PM1004336
276518,CTX160: 526,1VR3080MPM1000526
276519,S450TX: 2078,1VRD060BAM1002078
276523,S925TX: 4337,1VRL0705KM1004337
276524,CTX100: 3323,1VRZ080HEM1003323
276525,PD10: 3084,1VRB100ZLM1003084
276526,SC382: 1199,1VRU112BAM1001199
276527,S925TX: 4331,1VRL0705LM1004331
276528,SC382: 1200,1VRU112BKM1001200
276529,S925TX: 4338,1VRL0705JM1004338
276530,D24X40III: 2381,1VRX200FLM1002381
276531,CTX100: 3324,1VRZ080HCM1003324
276532,S925TX: 4339,1VRL0705CM1004339
276533,D40X55III: 1643,1VRY200GJM1001643
276535,CTX160: 527,1VR3080MKM1000527
276536,S450TX: 2079,1VRD060BLM1002079
276537,S925TX: 4340,1VRL0705KM1004340
276538,SC802: 4008,1VR2151J9M1004008
276539,CTX100: 3325,1VRZ080HTM1003325
276541,SC382: 1201,1VRU112BJM1001201
276545,SC382: 1202,1VRU112BCM1001202
276546,S925TX: 4341,1VRL0705JM1004341
276547,D10X15III: 513,1VRA130VXH1000513
276548,D10X15III: 351,1VRA130VXH1000351
276549,D10X15III: 535,1VRA130V9H1000535
276550,D23X30III: 2289,1VRN2007KM1002289
276552,CTX160: 528,1VR3080MJM1000528
276554,SC802: 4007,1VR2151J7M1004007
276557,S925TX: 4342,1VRL0705CM1004342
276560,CTX100: 3326,1VRZ080HPM1003326
276569,S925TX: 4343,1VRL0705VM1004343
276570,RTX1250I2: 427,1VRR1329EM1000427
276571,CTX160: 529,1VR3080MCM1000529
276572,SC552: 1059,1VR9138UKM1001059
276574,D23X30DRS3: 1071,1VRJ2103LM1001071
276575,S925TX: 4345,1VRL0705LM1004345
276586,SC382: 1203,1VRU112BVM1001203
276588,SC552: 1060,1VR9138UTM1001060
276589,D10X15III: 2346,1VRA130VVM1002346
276590,PD10: 3085,1VRB100ZHM1003085
276591,CTX100: 3327,1VRZ080HKM1003327
276592,RTX1250I2: 428,1VRR1329CM1000428
276593,D24X40III: 2382,1VRX200FHM1002382
276594,S925TX: 4346,1VRL0705HM1004346
276595,CTX160: 530,1VR3080MKM1000530
276596,SC30TX: 4136,1VRC070NHM1004136
276599,SC30TX: 4135,1VRC070NLM1004135
276601,SC362: 4224,1VRF112YKM1004224
276605,S925TX: 4347,1VRL0705EM1004347
276609,SC552: 1061,1VR9138UPM1001061
276611,CTX100: 3328,1VRZ080HJM1003328
276613,D10X15III: 2347,1VRA130VAM1002347
276614,SC30TX: 4137,1VRC070NEM1004137
276617,S925TX: 4348,1VRL0705CM1004348
276618,D23X30III: 2290,1VRN2007TM1002290
276622,SC362: 4225,1VRF112YJM1004225
276623,CTX160: 531,1VR3080MJM1000531
276624,SC362: 4226,1VRF112YCM1004226
276625,S925TX: 4349,1VRL0705TM1004349
276626,CTX100: 3329,1VRZ080HCM1003329
276630,SC552: 1062,1VR9138UKM1001062
276633,D24X40III: 2383,1VRX200FEM1002383
276634,S925TX: 4350,1VRL0705EM1004350
276635,SC30TX: 4138,1VRC070NCM1004138
276637,D20X22III: 2782,1VRA170VCM1002782
276638,PD10R: 1049,1VRR1008HM1001049
276639,CTX160: 532,1VR3080MCM1000532
276640,D20X22III: 2783,1VRA170VTM1002783
276641,SC552: 1063,1VR9138UJM1001063
276644,S925TX: 4351,1VRL0705CM1004351
276648,CTX100: 3330,1VRZ080HKM1003330
276649,SC362: 4227,1VRF112YVM1004227
276651,D10X15III: 2215,1VRA130VJM1002215
276652,SC362: 4228,1VRF112YAM1004228
276654,S450TX: 2080,1VRD060BVM1002080
276656,D40X55III: 1644,1VRY200GCM1001644
276658,S925TX: 4352,1VRL0705TM1004352
276662,CTX160: 533,1VR3080MVM1000533
276666,RTX250: 2578,1VRD070DTM1002578
276667,SC30TX: 4139,1VRC070NTM1004139
276668,SC362: 4229,1VRF112YLM1004229
276670,SC362: 4230,1VRF112YVM1004230
276671,D10X15III: 2348,1VRA130VLM1002348
276673,S925TX: 4353,1VRL0705PM1004353
276674,CTX100: 3331,1VRZ080HJM1003331
276675,SC552: 1064,1VR9138UCM1001064
276676,RTX200: 1520,1VR6071RKM1001520
276677,D60X90S3: 1014,1VRJ2903KM1001014
276681,S925TX: 4354,1VRL0705KM1004354
276684,D24X40III: 2384,1VRX200FCM1002384
276685,CTX160: 534,1VR3080MAM1000534
276686,SC362: 4231,1VRF112YAM1004231
276687,SC30TX: 4140,1VRC070NEM1004140
276688,D10X15III: 2349,1VRA130VHM1002349
276689,SC362: 4232,1VRF112YLM1004232
276690,PD10R: 1050,1VRR1008AM1001050
276691,S925TX: 4355,1VRL0705JM1004355
276692,D24X40III: 2304,1VRX200FEM1002304
276693,D23X30III: 2291,1VRN2007PM1002291
276696,S925TX: 4356,1VRL0705CM1004356
276701,CTX100: 3332,1VRZ080HCM1003332
276703,S450TX: 2081,1VRD060BAM1002081
276704,SC362: 4233,1VRF112YHM1004233
276705,SC362: 4234,1VRF112YEM1004234
276706,D20X22III: 2784,1VRA170VPM1002784
276707,SC30TX: 4141,1VRC070NCM1004141
276708,CTX160: 535,1VR3080MLM1000535
276711,S925TX: 4357,1VRL0705VM1004357
276723,CTX100: 3333,1VRZ080HVM1003333
276729,SC552: 1065,1VR9138UVM1001065
276738,D24X40III: 2385,1VRX200FTM1002385
276742,S925TX: 4358,1VRL0705AM1004358
276744,CTX160: 536,1VR3080MHM1000536
276745,SC362: 4235,1VRF112YCM1004235
276747,SC362: 4236,1VRF112YTM1004236
276748,S925TX: 4359,1VRL0705LM1004359
276753,AX19: 1022,1VRL19253M1001022
276754,CTX100: 3334,1VRZ080HAM1003334
276755,D23X30III: 2292,1VRN2007KM1002292
276756,SC362: 4238,1VRF112YKM1004238
276757,SC362: 4237,1VRF112YPM1004237
276758,RTX1250I2: 429,1VRR1329TM1000429
276759,S450TX: 2082,1VRD060BLM1002082
276760,TR5300: 148,56SM39161MF000148
276762,SC552: 1066,1VR9138UAM1001066
276763,PD10R: 1051,1VRR1008LM1001051
276765,RTX250: 2579,1VRD070DPM1002579
276766,S925TX: 4360,1VRL0705VM1004360
276770,D8X12: 1052,1VR7130SVM1001052
276771,D20X22III: 2785,1VRA170VKM1002785
276772,CTX160: 537,1VR3080MEM1000537
276773,SC552: 1067,1VR9138ULM1001067
276775,D23X30III: 2293,1VRN2007JM1002293
276776,S925TX: 4361,1VRL0705AM1004361
276777,SC362: 4240,1VRF112YPM1004240
276779,SC362: 4241,1VRF112YKM1004241
276784,D10X15III: 2350,1VRA130VAM1002350
276785,CTX100: 3335,1VRZ080HLM1003335
276787,SC362: 4242,1VRF112YJM1004242
276788,SC30TX: 4142,1VRC070NTM1004142
276789,SC362: 4239,1VRF112YJM1004239
276792,S925TX: 4362,1VRL0705LM1004362
276793,SC30TX: 4143,1VRC070NPM1004143
276795,D24X40III: 2316,1VRX200FLM1002316
276796,CTX160: 538,1VR3080MCM1000538
276798,SC30TX: 4144,1VRC070NKM1004144
276799,D24X40III: 2386,1VRX200FPM1002386
276800,D20X22III: 2786,1VRA170VJM1002786
276801,D40X55III: 1645,1VRY200GVM1001645
276802,D20X22III: 2787,1VRA170VCM1002787
276803,D23X30III: 2294,1VRN2007CM1002294
276805,S925TX: 4376,1VRL0705LM1004376
276807,D10X15III: 2351,1VRA130VLM1002351
276808,D24X40III: 2387,1VRX200FKM1002387
276809,CTX100: 3336,1VRZ080HHM1003336
276817,S925TX: 4377,1VRL0705HM1004377
276819,D100X140S3: 294,1VRB360W0L1000294
276820,D8X12: 1043,1VR7130SCM1001043
276825,CTX100: 3337,1VRZ080HEM1003337
276827,SC362: 4243,1VRF112YCM1004243
276828,SC362: 4244,1VRF112YVM1004244
276829,SC362: 4245,1VRF112YAM1004245
276830,SC362: 4246,1VRF112YLM1004246
276832,SC70TX: 1518,1VRK1203AM1001518
276833,S925TX: 4378,1VRL0705EM1004378
276836,RTX250: 2580,1VRD070DCM1002580
276837,D10X15III: 2352,1VRA130VHM1002352
276838,D23X30III: 2295,1VRN2007VM1002295
276839,CTX160: 539,1VR3080MTM1000539
276848,SC70TX: 1519,1VRK1203LM1001519
276849,S925TX: 4380,1VRL0705HM1004380
276850,D20X22III: 2788,1VRA170VVM1002788
276852,D24X40III: 2388,1VRX200FJM1002388
276856,CTX100: 3338,1VRZ080HCM1003338
276859,SC30TX: 4145,1VRC070NJM1004145
276861,S925TX: 4381,1VRL0705EM1004381
276863,SC70TX: 1520,1VRK1203VM1001520
276864,CTX160: 540,1VR3080MEM1000540
276868,D10X15III: 215,1VRA130V2H1000215
276869,D10X15III: 349,1VRA130V1H1000349
276871,S925TX: 4383,1VRL0705TM1004383
276873,CTX100: 3339,1VRZ080HTM1003339
276875,D24X40III: 2389,1VRX200FCM1002389
276876,SC362: 4247,1VRF112YHM1004247
276877,SC362: 4248,1VRF112YEM1004248
276878,SC292: 2051,1VRF102YCM1002051
276879,D20X22III: 2789,1VRA170VAM1002789
276880,S925TX: 4384,1VRL0705PM1004384
276881,HG4000: 1123,1VRC312H3L1001123
276882,SC70TX: 1521,1VRK1203AM1001521
276884,D40X55III: 1559,1VRY240G1L1001559
276885,D24X40III: 2230,1VRX200FJL1002230
276890,D24X40III: 2303,1VRX200FHM1002303
276891,D23X30III: 2210,1VRN2007CM1002210
276892,CTX100: 3340,1VRZ080HEM1003340
276895,CTX160: 541,1VR3080MCM1000541
276896,SC292: 2052,1VRF102YVM1002052
276898,PD10R: 1052,1VRR1008HM1001052
276899,D23X30III: 2296,1VRN2007AM1002296
276900,S925TX: 4379,1VRL0705CM1004379
276901,D20X22III: 2790,1VRA170VCM1002790
276902,SC292: 2053,1VRF102YAM1002053
276903,SC292: 2054,1VRF102YLM1002054
276907,CTX100: 3341,1VRZ080HCM1003341
276908,SC70TX: 1522,1VRK1203LM1001522
276911,SC292: 2055,1VRF102YHM1002055
276914,S925TX: 4370,1VRL0705PM1004370
276915,RTX250: 2581,1VRD070DTM1002581
276916,D24X40III: 2390,1VRX200FKM1002390
276918,D10X15III: 2353,1VRA130VEM1002353
276920,CTX160: 542,1VR3080MTM1000542
276923,S925TX: 4371,1VRL0705KM1004371
276924,CTX100: 3342,1VRZ080HTM1003342
276926,S925TX: 4372,1VRL0705JM1004372
276932,CTX100: 3343,1VRZ080HPM1003343
276934,RTX250: 2582,1VRD070DPM1002582
276937,SC70TX: 1523,1VRK1203HM1001523
276939,D40X55III: 1646,1VRY240GPM1001646
276942,S925TX: 4373,1VRL0705CM1004373
276944,SC382: 1208,1VRU112BCM1001208
276946,SC30TX: 4147,1VRC070NVM1004147
276947,SC382: 1209,1VRU112BTM1001209
276948,CTX160: 543,1VR3080MPM1000543
276949,PD10R: 1053,1VRR1008EM1001053
276952,S925TX: 4374,1VRL0705VM1004374
276954,D23X30III: 2297,1VRN2007LM1002297
276955,D20X22III: 2791,1VRA170VVM1002791
276956,S450TX: 2083,1VRD060BHM1002083
276957,SC70TX: 1525,1VRK1203CM1001525
276959,CTX160: 544,1VR3080MKM1000544
276962,SC70TX: 1524,1VRK1203EM1001524
276964,CTX160: 545,1VR3080MJM1000545
276965,D24X40III: 2391,1VRX200FJM1002391
276969,SPX25: 1501,1VR9070UEM1001501
276970,RTX250: 2583,1VRD070DKM1002583
276971,D20X22III: 2792,1VRA170VAM1002792
276972,S450TX: 2084,1VRD060BEM1002084
276974,SC70TX: 1526,1VRK1203TM1001526
276975,SC382: 1210,1VRU112BEM1001210
276976,D10X15III: 2354,1VRA130VCM1002354
276977,SC382: 1211,1VRU112BCM1001211
276978,SC382: 1212,1VRU112BTM1001212
276979,S925TX: 4344,1VRL0705AM1004344
276980,SC382: 1213,1VRU112BPM1001213
276990,RTX250: 2584,1VRD070DJM1002584
276992,TR6400: 109,1VRT402A6MF000109
276993,D23X30III: 2298,1VRN2007HM1002298
276997,PD10: 3086,1VRB100ZEM1003086
276998,SC30TX: 4148,1VRC070NAM1004148
277001,S925TX: 4363,1VRL0705HM1004363
277002,CTX100: 2367,1VRZ080H5L1002367
277004,D10X15III: 2355,1VRA130VTM1002355
277005,CTX100: 3345,1VRZ080HJM1003345
277006,SC70TX: 1527,1VRK1203PM1001527
277011,CTX160: 546,1VR3080MCM1000546
277012,D24X40III: 2392,1VRX200FCM1002392
277013,D10X15III: 2356,1VRA130VPM1002356
277014,RTX1250I2: 430,1VRR1329EM1000430
277018,S925TX: 4364,1VRL0705EM1004364
277024,S925TX: 4375,1VRL0705AM1004375
277025,SC30TX: 4149,1VRC070NLM1004149
277027,D40X55III: 1647,1VRY200GLM1001647
277029,D20X22III: 2793,1VRA170VLM1002793
277030,AX19: 1023,1VRL19255M1001023
277032,SC70TX: 1528,1VRK1203KM1001528
277033,SC382: 1215,1VRU112BJM1001215
277034,SC382: 1214,1VRU112BKM1001214
277035,SC382: 1216,1VRU112BCM1001216
277036,SC30TX: 4150,1VRC070NVM1004150
277037,SC382: 1217,1VRU112BVM1001217
277038,S450TX: 2085,1VRD060BCM1002085
277046,CTX160: 547,1VR3080MVM1000547
277048,D20X22III: 2794,1VRA170VHM1002794
277057,SPX25: 1504,1VR9070UPM1001504
277059,S925TX: 4365,1VRL0705CM1004365
277061,CTX100: 3344,1VRZ080HKM1003344
277064,CTX100: 3346,1VRZ080HCM1003346
277065,PD10: 3087,1VRB100ZCM1003087
277071,D10X15III: 2357,1VRA130VKM1002357
277074,SC70TX: 1530,1VRK1203PM1001530
277075,D24X40III: 2393,1VRX200FVM1002393
277076,10x15,1VRA130VKM1002231
277077,D23X30III: 2299,1VRN2007EM1002299
277081,SC30TX: 4152,1VRC070NLM1004152
277130,RTX1250I2: 432,1VRR1329TM1000432
277131,RTX200: 1521,1VR6071RJM1001521
277133,SPX25: 1505,1VR9070UKM1001505
277134,D24X40III: 2394,1VRX200FAM1002394
277135,RTX1250I2: 431,1VRR1329CM1000431
277136,D8X12: 1053,1VR7130SAM1001053
277137,SC30TX: 4153,1VRC070NHM1004153
277138,D10X15III: 2358,1VRA130VJM1002358
277139,S450TX: 2086,1VRD060BTM1002086
277140,SC70TX: 1531,1VRK1203KM1001531
277147,CTX100: 3347,1VRZ080HVM1003347
277148,SPX25: 1506,1VR9070UJM1001506
277149,D20X22III: 2795,1VRA170VEM1002795
277150,PD10R: 1054,1VRR1008CM1001054
277151,S450TX: 2087,1VRD060BPM1002087
277156,SC382: 1218,1VRU112BAM1001218
277157,SC382: 1219,1VRU112BLM1001219
277158,SC382: 1220,1VRU112BVM1001220
277159,CTX160: 548,1VR3080MAM1000548
277160,SC70TX: 1532,1VRK1203JM1001532
277161,RTX200: 1522,1VR6071RCM1001522
277162,S925TX: 4382,1VRL0705CM1004382
277163,D23X30III: 2301,1VRN2007AM1002301
277164,SC30TX: 4154,1VRC070NEM1004154
277165,D24X40III: 2395,1VRX200FLM1002395
277168,D20X22III: 2796,1VRA170VCM1002796
277169,CTX100: 3348,1VRZ080HAM1003348
277171,D20X22III: 1450,1VRA170V8K1001450
277172,SPX25: 1507,1VR9070UCM1001507
277189,SC70TX: 1533,1VRK1203CM1001533
277190,CTX160: 549,1VR3080MLM1000549
277191,D10X15III: 2359,1VRA130VCM1002359
277199,S925TX: 4369,1VRL0705JM1004369
277200,SC70TX: 1529,1VRK1203JM1001529
277209,CTX100: 3349,1VRZ080HLM1003349
277210,SC30TX: 4155,1VRC070NCM1004155
277219,S925TX: 4385,1VRL0705KM1004385
277221,S450TX: 2088,1VRD060BKM1002088
277222,D23X30III: 2302,1VRN2007LM1002302
277223,SC70TX: 1534,1VRK1203VM1001534
277228,D40X55III: 1648,1VRY240GJM1001648
277229,CTX160: 550,1VR3080MVM1000550
277233,D10X15III: 2360,1VRA130VKM1002360
277234,CTX160: 322,1VR3080MVL1000322
277237,SC70TX: 1535,1VRK1203AM1001535
277241,PD10R: 1055,1VRR1008TM1001055
277248,S925TX: 4386,1VRL0705JM1004386
277251,SC382: 1222,1VRU112BLM1001222
277252,SC382: 1223,1VRU112BHM1001223
277254,SC382: 1224,1VRU112BEM1001224
277256,S925TX: 4367,1VRL0705PM1004367
277261,SC70TX: 1536,1VRK1203LM1001536
277263,TR5300: 149,56SM39163MF000149
277264,CTX100: 3350,1VRZ080HVM1003350
277269,S925TX: 4368,1VRL0705KM1004368
277278,SPX25: 1509,1VR9070UAM1001509
277282,T655III: 645,1VR7260GEM1000645
277283,SC30TX: 4156,1VRC070NTM1004156
277286,D24X40III: 2396,1VRX200FHM1002396
277288,S925TX: 4366,1VRL0705TM1004366
277290,S925TX: 4387,1VRL0705CM1004387
277299,D20X22III: 2797,1VRA170VTM1002797
277300,CTX100: 3351,1VRZ080HAM1003351
277302,D10X15III: 464,1VRA130V1H1000464
277303,D10X15III: 410,1VRA130V0H1000410
277304,D10X15III: 512,1VRA130V8H1000512
277309,S925TX: 4388,1VRL0705VM1004388
277310,SC70TX: 1537,1VRK1203HM1001537
277313,SPX25: 1510,1VR9070UCM1001510
277322,D10X15III: 2361,1VRA130VJM1002361
277323,CTX160: 551,1VR3080MAM1000551
277326,SC30TX: 4157,1VRC070NPM1004157
277329,SPX25: 1508,1VR9070UVM1001508
277333,S925TX: 4389,1VRL0705AM1004389
277335,D24X40III: 2397,1VRX200FEM1002397
277336,D23X30III: 2303,1VRN2007HM1002303
277337,S925TX: 4390,1VRL0705CM1004390
277338,D24X40III: 2286,1VRX200FCM1002286
277339,SC382: 1227,1VRU112BPM1001227
277340,D24X40III: 2271,1VRX200FEM1002271
277342,SC382: 1228,1VRU112BKM1001228
277345,SC382: 1229,1VRU112BJM1001229
277346,S925TX: 4391,1VRL0705VM1004391
277348,D10X15III: 2362,1VRA130VCM1002362
277349,CTX100: 3352,1VRZ080HLM1003352
277350,D100X140S3: 306,1VRB360WCM1000306
277354,CTX160: 552,1VR3080MLM1000552
277360,RTX200: 1524,1VR6071RAM1001524
277361,D23X30III: 2304,1VRN2007EM1002304
277362,PD10: 3082,1VRB100ZVM1003082
277363,CTX100: 3353,1VRZ080HHM1003353
277368,RTX250: 2585,1VRD070DCM1002585
277369,SC70TX: 1538,1VRK1203EM1001538
277370,PD10R: 1056,1VRR1008PM1001056
277371,CTX160: 553,1VR3080MHM1000553
277372,D10X15III: 347,1VRA130V8H1000347
277373,D10X15III: 2363,1VRA130VVM1002363
277374,D40X55III: 1602,1VRY240GHM1001602
277377,S925TX: 4393,1VRL0705LM1004393
277378,CTX100: 3354,1VRZ080HEM1003354
277379,SC70TX: 1539,1VRK1203CM1001539
277383,S925TX: 4394,1VRL0705HM1004394
277386,D20X22III: 2798,1VRA170VPM1002798
277387,SC30TX: 4159,1VRC070NJM1004159
277389,CTX100: 3355,1VRZ080HCM1003355
277390,SC70TX: 1540,1VRK1203HM1001540
277391,D40X55III: 1649,1VRY240GCM1001649
277399,PTX40: 1028,1VR8072TEM1001028
277401,S925TX: 4395,1VRL0705EM1004395
277402,RTX250: 2586,1VRD070DVM1002586
277403,D10X15III: 2282,1VRA130VVM1002282
277405,CTX160: 554,1VR3080MEM1000554
277406,SPX25: 1511,1VR9070UVM1001511
277408,RTX1250I2: 433,1VRR1329PM1000433
277413,S925TX: 4396,1VRL0705CM1004396
277414,SC30TX: 4160,1VRC070NPM1004160
277415,S450TX: 2089,1VRD060BJM1002089
277420,D40X55DRS3: 1032,1VR3240MTM1001032
277422,S450TX: 2090,1VRD060BPM1002090
277423,CTX160: 555,1VR3080MCM1000555
277425,S925TX: 4397,1VRL0705TM1004397
277427,RTX200: 1523,1VR6071RVM1001523
277428,D10X15III: 2229,1VRA130VJM1002229
277429,CTX100: 3356,1VRZ080HTM1003356
277431,D24X40III: 2398,1VRX200FCM1002398
277432,D20X22III: 2799,1VRA170VKM1002799
277433,PD10: 3088,1VRB100ZTM1003088
277434,SC70TX: 1541,1VRK1203EM1001541
277435,SC362: 4249,1VRF112YCM1004249
277437,SC362: 4250,1VRF112YHM1004250
277438,AX19: 1024,1VRL19257M1001024
277439,SC362: 4251,1VRF112YEM1004251
277440,S925TX: 4398,1VRL0705PM1004398
277444,D10X15III: 2249,1VRA130VAM1002249
277445,SC362: 4252,1VRF112YCM1004252
277451,CTX100: 3357,1VRZ080HPM1003357
277452,SC30TX: 4161,1VRC070NKM1004161
277460,D20X22III: 2677,1VRA170VAM1002677
277461,D23X30III: 2305,1VRN2007CM1002305
277466,S925TX: 4399,1VRL0705KM1004399
277467,SPX25: 1512,1VR9070UAM1001512
277469,CTX160: 556,1VR3080MTM1000556
277472,SC70TX: 1542,1VRK1203CM1001542
277474,D10X15III: 2364,1VRA130VAM1002364
277475,S925TX: 4400,1VRL0705EM1004400
277477,RTX1250I2: 434,1VRR1329KM1000434
277479,CTX160: 557,1VR3080MPM1000557
277481,RTX250: 2587,1VRD070DAM1002587
277482,S925TX: 4401,1VRL0705CM1004401
277484,D24X40III: 2399,1VRX200FTM1002399
277485,SC70TX: 1543,1VRK1203TM1001543
277486,SC30TX: 4162,1VRC070NJM1004162
277487,CTX100: 3358,1VRZ080HKM1003358
277488,D20X22III: 2800,1VRA170VEM1002800
277489,SC362: 4253,1VRF112YTM1004253
277490,SC362: 4254,1VRF112YPM1004254
277491,SC70TX: 1544,1VRK1203PM1001544
277492,D10X15III: 2365,1VRA130VLM1002365
277493,SC362: 4255,1VRF112YKM1004255
277494,D23X30DRS3: 1072,1VRJ2103HM1001072
277495,PD10: 3089,1VRB100ZPM1003089
277496,SC362: 4256,1VRF112YJM1004256
277497,RTX1250I2: 435,1VRR1329JM1000435
277499,SC70TX: 1545,1VRK1203KM1001545
277500,SPX25: 1513,1VR9070ULM1001513
277501,D20X22III: 2801,1VRA170VCM1002801
277502,SC30TX: 4163,1VRC070NCM1004163
277503,D23X30III: 2306,1VRN2007TM1002306
277507,S925TX: 4402,1VRL0705TM1004402
277508,D60X90S3: 1007,1VRJ29031L1001007
277514,CTX160: 558,1VR3080MKM1000558
277516,D24X40III: 2400,1VRX200FLM1002400
277517,D10X15III: 2366,1VRA130VHM1002366
277521,S925TX: 4403,1VRL0705PM1004403
277524,D40X55DRS3: 1026,1VR3240MHM1001026
277525,SC70TX: 1546,1VRK1203JM1001546
277528,S450TX: 2091,1VRD060BKM1002091
277534,SC362: 4257,1VRF112YCM1004257
277536,S925TX: 4404,1VRL0705KM1004404
277537,SC362: 4258,1VRF112YVM1004258
277540,SPX25: 1514,1VR9070UHM1001514
277541,S925TX: 4405,1VRL0705JM1004405
277542,SC70TX: 1547,1VRK1203CM1001547
277544,SC362: 4259,1VRF112YAM1004259
277545,SC362: 4260,1VRF112YCM1004260
277546,S925TX: 4406,1VRL0705CM1004406
277549,D23X30III: 2307,1VRN2007PM1002307
277552,D24X40III: 2213,1VRX200F9L1002213
277564,SC30TX: 4165,1VRC070NAM1004165
277566,S925TX: 4407,1VRL0705VM1004407
277568,D24X40III: 2401,1VRX200FHM1002401
277569,SC70TX: 1548,1VRK1203VM1001548
277571,D8X12: 1054,1VR7130SLM1001054
277572,S925TX: 4408,1VRL0705AM1004408
277573,RTX200: 1526,1VR6071RHM1001526
277576,S450TX: 2092,1VRD060BJM1002092
277578,TR5300: 150,56SM3916XMF000150
277581,S925TX: 4409,1VRL0705LM1004409
277582,SPX25: 1515,1VR9070UEM1001515
277585,SC70TX: 1549,1VRK1203AM1001549
277596,PD10: 3090,1VRB100ZCM1003090
277597,SC362: 4261,1VRF112YVM1004261
277599,SC362: 4262,1VRF112YAM1004262
277600,S925TX: 4410,1VRL0705VM1004410
277601,SC362: 4263,1VRF112YLM1004263
277602,RTX1250I2: 437,1VRR1329VM1000437
277603,SC362: 4265,1VRF112YEM1004265
277606,D40X55III: 1650,1VRY240GKM1001650
277607,S925TX: 4412,1VRL0705LM1004412
277608,D20X22III: 2802,1VRA170VTM1002802
277610,RTX1250I2: 436,1VRR1329CM1000436
277612,S925TX: 4413,1VRL0705HM1004413
277614,SC70TX: 1550,1VRK1203CM1001550
277619,RTX250: 2588,1VRD070DLM1002588
277620,D24X40III: 2402,1VRX200FEM1002402
277621,S925TX: 4414,1VRL0705EM1004414
277623,SC362: 4264,1VRF112YHM1004264
277624,SC30TX: 4166,1VRC070NLM1004166
277627,D20X22III: 2803,1VRA170VPM1002803
277630,SC30TX: 4158,1VRC070NKM1004158
277632,SC30TX: 4167,1VRC070NHM1004167
277633,SC70TX: 1551,1VRK1203VM1001551
277634,S925TX: 4415,1VRL0705CM1004415
277635,D23X30III: 2308,1VRN2007KM1002308
277636,SC362: 4266,1VRF112YCM1004266
277637,S925TX: 4416,1VRL0705TM1004416
277638,SC362: 4267,1VRF112YTM1004267
277639,D40X55III: 1549,1VRY240G9L1001549
277640,SC362: 4268,1VRF112YPM1004268
277643,RTX250: 2589,1VRD070DHM1002589
277644,S925TX: 4417,1VRL0705PM1004417
277645,D10X15III: 2367,1VRA130VEM1002367
277646,D24X40III: 2403,1VRX200FCM1002403
277647,S925TX: 4418,1VRL0705KM1004418
277650,S925TX: 4419,1VRL0705JM1004419
277669,S450TX: 2093,1VRD060BCM1002093
277670,SC70TX: 1552,1VRK1203AM1001552
277672,D10X15III: 2368,1VRA130VCM1002368
277674,S925TX: 4420,1VRL0705PM1004420
277675,SC362: 4269,1VRF112YKM1004269
277676,SC362: 4270,1VRF112YTM1004270
277677,SC362: 4271,1VRF112YPM1004271
277678,SC362: 4272,1VRF112YKM1004272
277680,CTX100: 3359,1VRZ080HJM1003359
277681,D23X30III: 2309,1VRN2007JM1002309
277690,D40X55DRS3: 1033,1VR3240MPM1001033
277694,RTX250: 2590,1VRD070DAM1002590
277695,CTX160: 559,1VR3080MJM1000559
277696,SC70TX: 1553,1VRK1203LM1001553
277697,D20X22III: 2804,1VRA170VKM1002804
277698,SC30TX: 4168,1VRC070NEM1004168
277699,CTX100: 3360,1VRZ080HPM1003360
277701,D24X40III: 2404,1VRX200FTM1002404
277702,SC802: 4005,1VR2151J3M1004005
277705,PTX40: 1029,1VR8072TCM1001029
277706,D20X22III: 2805,1VRA170VJM1002805
277707,CTX160: 560,1VR3080MPM1000560
277709,SC30TX: 4169,1VRC070NCM1004169
277710,D24X40III: 2405,1VRX200FPM1002405
277712,SC362: 4273,1VRF112YJM1004273
277714,CTX100: 3361,1VRZ080HKM1003361
277715,SC362: 4274,1VRF112YCM1004274
277716,CTX160: 561,1VR3080MKM1000561
277717,SC362: 4275,1VRF112YVM1004275
277719,D10X15III: 2369,1VRA130VTM1002369
277720,D23X30III: 2310,1VRN2007PM1002310
277722,D10X15III: 2194,1VRA130VKL1002194
277724,CTX100: 3362,1VRZ080HJM1003362
277725,SC362: 4276,1VRF112YAM1004276
277726,SC70TX: 1555,1VRK1203EM1001555
277730,SPX25: 1518,1VR9070UPM1001518
277732,CTX160: 562,1VR3080MJM1000562
277733,D10X15III: 465,1VRA130V3H1000465
277734,AX19: 1025,1VRL19259M1001025
277738,SC30TX: 4170,1VRC070NHM1004170
277741,SC70TX: 1554,1VRK1203HM1001554
277742,S450TX: 2094,1VRD060BVM1002094
277744,D10X15III: 2370,1VRA130VEM1002370
277745,PTX42: 216,1VRK0724HM1000216
277748,S925TX: 4411,1VRL0705AM1004411
277749,D23X30III: 2311,1VRN2007KM1002311
277750,RTX1250I2: 386,1VRR1329CM1000386
277751,CTX100: 3363,1VRZ080HCM1003363
277752,RTX250: 2591,1VRD070DLM1002591
277754,D20X22III: 2806,1VRA170VCM1002806
277755,CTX100: 3364,1VRZ080HVM1003364
277756,RTX1250I2: 438,1VRR1329AM1000438
277757,S450TX: 2095,1VRD060BAM1002095
277758,SC362: 4277,1VRF112YLM1004277
277759,SC362: 4278,1VRF112YHM1004278
277760,SC362: 4279,1VRF112YEM1004279
277761,SC362: 4280,1VRF112YLM1004280
277763,CTX160: 563,1VR3080MCM1000563
277764,RTX250: 2592,1VRD070DHM1002592
277765,CTX100: 3365,1VRZ080HAM1003365
277766,CTX160: 564,1VR3080MVM1000564
277768,D24X40III: 2406,1VRX200FKM1002406
277770,PD10R: 1057,1VRR1008KM1001057
277772,CTX100: 3366,1VRZ080HLM1003366
277774,SC70TX: 1556,1VRK1203CM1001556
277777,BC1800XL: 10083,1VRY151Z9M1010083
277778,PTX42: 217,1VRK0724EM1000217
277779,D20X22III: 2807,1VRA170VVM1002807
277781,CTX160: 565,1VR3080MAM1000565
277782,RTX250: 2593,1VRD070DEM1002593
277783,D23X30III: 2312,1VRN2007JM1002312
277785,SPX25: 1519,1VR9070UKM1001519
277792,SPX25: 1516,1VR9070UCM1001516
277793,SC70TX: 1557,1VRK1203TM1001557
277794,CTX100: 3367,1VRZ080HHM1003367
277795,D24X40III: 2407,1VRX200FJM1002407
277796,D10X15III: 2371,1VRA130VCM1002371
277797,D24X40III: 2263,1VRX200FCM1002263
277798,D24X40III: 2241,1VRX200FCM1002241
277799,D40X55III: 1651,1VRY200GHM1001651
277801,CTX160: 566,1VR3080MLM1000566
277803,RTX1250I2: 439,1VRR1329LM1000439
277805,SC362: 4281,1VRF112YHM1004281
277806,SC362: 4282,1VRF112YEM1004282
277807,SC362: 4283,1VRF112YCM1004283
277809,SC362: 4284,1VRF112YTM1004284
277810,CTX100: 3368,1VRZ080HEM1003368
277817,S925TX: 4421,1VRL0705KM1004421
277819,D10X15III: 2240,1VRA130VHM1002240
277820,D10X15III: 2372,1VRA130VTM1002372
277821,D23X30III: 2313,1VRN2007CM1002313
277823,RTX1250I2: 440,1VRR1329VM1000440
277824,CTX160: 567,1VR3080MHM1000567
277825,D24X40III: 2317,1VRX200FHM1002317
277831,PD10: 3080,1VRB100ZJM1003080
277832,S925TX: 4422,1VRL0705JM1004422
277833,PD10: 3081,1VRB100ZCM1003081
277836,PTX42: 218,1VRK0724CM1000218
277838,CTX100: 3369,1VRZ080HCM1003369
277839,RTX250: 2594,1VRD070DCM1002594
277840,D24X40III: 2408,1VRX200FCM1002408
277841,S925TX: 4423,1VRL0705CM1004423
277842,SPX25: 1520,1VR9070UTM1001520
277846,S450TX: 2096,1VRD060BLM1002096
277847,D20X22III: 2808,1VRA170VAM1002808
277848,BC1500: 12075,1VR2181V3M1012075
277850,D20X22III: 2809,1VRA170VLM1002809
277851,S925TX: 4424,1VRL0705VM1004424
277852,D40X55III: 1606,1VRY240GAM1001606
277853,SC362: 4285,1VRF112YPM1004285
277854,SC362: 4286,1VRF112YKM1004286
277855,SC362: 4287,1VRF112YJM1004287
277856,D24X40III: 2228,1VRX200FCL1002228
277857,SC362: 4288,1VRF112YCM1004288
277858,D24X40III: 2300,1VRX200FVM1002300
277860,CTX100: 3370,1VRZ080HHM1003370
277861,D10X15III: 2247,1VRA130VCM1002247
277863,D10X15III: 2297,1VRA130VAM1002297
277864,D10X15III: 2259,1VRA130VKM1002259
277866,SC70TX: 1559,1VRK1203KM1001559
277868,D23X30III: 2314,1VRN2007VM1002314
277871,S925TX: 4425,1VRL0705AM1004425
277872,D10X15III: 2373,1VRA130VPM1002373
277873,SC552: 1068,1VR9132UKM1001068
277874,ATS Test 3302 - RevG (SB-OM Team),1VRxxxxxxxxxx3302
277875,ATS Test 3438 - RevG (BR-OM Team),1VRxxxxxxxxxx3438
277878,PTX42: 219,1VRK0724TM1000219
277879,CTX160: 569,1VR3080MCM1000569
277880,SC70TX: 1558,1VRK1203PM1001558
277881,SC30TX: 4173,1VRC070NTM1004173
277882,FI BC1500 CP3 SN10004 NATURE'S CANOPY,LHP-ASSETID-277882
277883,S925TX: 4426,1VRL0705LM1004426
277886,ATS Test 3326 - RevG (PV-OM Team),1VRxxxxxxxxxx3326
277887,ATS Test 5326 - RevG (Echo-OM Team),1VRxxxxxxxxxx5326
277888,CTX100: 3371,1VRZ080HEM1003371
277889,RTX1250I2: 441,1VRR1329AM1000441
277890,D40X55III: 1652,1VRY200GEM1001652
277891,D10X15III: 2374,1VRA130VKM1002374
277892,S925TX: 4427,1VRL0705HM1004427
277894,SC30TX: 4174,1VRC070NPM1004174
277895,CTX160: 570,1VR3080MHM1000570
277900,S450TX: 2097,1VRD060BHM1002097
277901,PD5R: 120,1VR6120RLM1000120
277903,S925TX: 4428,1VRL0705EM1004428
277904,SC292: 2056,1VRF102YEM1002056
277905,RTX250: 2595,1VRD070DTM1002595
277906,D20X22III: 2810,1VRA170VVM1002810
277907,D23X30III: 2315,1VRN2007AM1002315
277909,SC292: 2057,1VRF102YCM1002057
277910,SC292: 2058,1VRF102YTM1002058
277911,SC292: 2059,1VRF102YPM1002059
277914,PD5R: 119,1VR6120REM1000119
277915,CTX100: 3372,1VRZ080HCM1003372
277922,S925TX: 4429,1VRL0705CM1004429
277923,D10X15III: 2317,1VRA130VLM1002317
277924,D24X40III: 2409,1VRX200FVM1002409
277926,D40X55III: 1587,1VRY240G6L1001587
277927,CTX160: 571,1VR3080MEM1000571
277929,D20X22III: 2811,1VRA170VAM1002811
277937,SC30TX: 4175,1VRC070NKM1004175
277938,S925TX: 4430,1VRL0705HM1004430
277939,PTX40: 1030,1VR8072THM1001030
277941,RTX1250I2: 442,1VRR1329LM1000442
277942,SC292: 2060,1VRF102YCM1002060
277943,SC292: 2061,1VRF102YTM1002061
277944,CTX100: 3373,1VRZ080HTM1003373
277945,SC292: 2062,1VRF102YPM1002062
277946,SC362: 4289,1VRF112YVM1004289
277947,AX19: 1026,1VRL19250M1001026
277950,S925TX: 4431,1VRL0705EM1004431
277956,S450TX: 2098,1VRD060BEM1002098
277962,D24X40III: 2410,1VRX200FJM1002410
277963,CTX160: 572,1VR3080MCM1000572
277964,SPX25: 1523,1VR9070UJM1001523
277966,D10X15III: 2375,1VRA130VJM1002375
277968,RTX250: 2596,1VRD070DPM1002596
277969,S925TX: 4432,1VRL0705CM1004432
277971,CTX100: 3374,1VRZ080HPM1003374
277975,S925TX: 4433,1VRL0705TM1004433
277977,D40X55III: 1653,1VRY240GVM1001653
277981,S925TX: 4434,1VRL0705PM1004434
277985,BARRY PARROT VSF216,1FT8W3BT5GEC58232
277986,PTX42: 220,1VRK0724EM1000220
277987,D24X40III: 2411,1VRX200FCM1002411
277988,CTX100: 3375,1VRZ080HKM1003375
277992,SC362: 4290,1VRF112YJM1004290
277995,SC362: 4291,1VRF112YCM1004291
278005,S925TX: 4435,1VRL0705KM1004435
278007,SC362: 4292,1VRF112YVM1004292
278010,Vermeer Round Rock F750,3FRPF7FC8CV441512
278011,SC362: 4293,1VRF112YAM1004293
278012,D10X15III: 2376,1VRA130VCM1002376
278013,CTX160: 574,1VR3080MPM1000574
278014,S925TX: 4436,1VRL0705JM1004436
278015,SPX25: 1521,1VR9070UPM1001521
278016,S450TX: 2099,1VRD060BCM1002099
278019,D24X40III: 2412,1VRX200FVM1002412
278020,PD5R: 121,1VR6120RHM1000121
278022,CTX160: 575,1VR3080MKM1000575
278025,D20X22III: 2812,1VRA170VLM1002812
278026,CTX100: 3376,1VRZ080HJM1003376
278032,S925TX: 4438,1VRL0705VM1004438
278033,D20X22III: 2813,1VRA170VHM1002813
278034,CTX160: 576,1VR3080MJM1000576
278035,SC362: 4294,1VRF112YLM1004294
278036,T555III: 1521,1VR2150WEM1001521
278038,SC362: 4295,1VRF112YHM1004295
278039,D23X30III: 2316,1VRN2007LM1002316
278040,T755III: 606,1VR2180RHM1000606
278041,SC362: 4296,1VRF112YEM1004296
278042,SC362: 4297,1VRF112YCM1004297
278043,T1255III: 631,1VR23006PM1000631
278048,S925TX: 4439,1VRL0705AM1004439
278051,S450TX: 2100,1VRD060BAM1002100
278052,SC30TX: 4177,1VRC070NCM1004177
278056,CTX100: 3377,1VRZ080HCM1003377
278057,SPX25: 1522,1VR9070UKM1001522
278058,RTX250: 2597,1VRD070DKM1002597
278059,S925TX: 4440,1VRL0705CM1004440
278060,D10X15III: 2377,1VRA130VVM1002377
278061,PTX42: 221,1VRK0724CM1000221
278066,RTX200: 1527,1VR6071REM1001527
278068,CTX160: 577,1VR3080MCM1000577
278072,D100X140S3: 307,1VRB360WTM1000307
278073,D40X55III: 1654,1VRY240GAM1001654
278075,SC30TX: 4172,1VRC070NCM1004172
278076,D20X22III: 2814,1VRA170VEM1002814
278077,S925TX: 4441,1VRL0705VM1004441
278078,SC30TX: 4176,1VRC070NJM1004176
278079,S925TX: 4437,1VRL0705CM1004437
278080,D23X30III: 2317,1VRN2007HM1002317
278081,D20X22III: 2815,1VRA170VCM1002815
278083,RTX1250I2: 443,1VRR1329HM1000443
278084,D24X40III: 2413,1VRX200FAM1002413
278085,SC362: 4298,1VRF112YTM1004298
278086,SC362: 4299,1VRF112YPM1004299
278088,SC362: 4300,1VRF112YHM1004300
278089,SC362: 4301,1VRF112YEM1004301
278090,CTX100: 3378,1VRZ080HVM1003378
278091,TR626: 10001,1VR8552NXMF010001
278092,PTX42: 222,1VRK0724TM1000222
278095,D8X12: 1056,1VR7130SEM1001056
278096,S925TX: 4442,1VRL0705AM1004442
278099,XTS1250I2: 117,1VRY132GTM1000117
278100,D40X55III: 1655,1VRY240GLM1001655
278101,CTX160: 578,1VR3080MVM1000578
278102,RTX750: 3448,1VR9112M1L1003448
278105,S925TX: 4443,1VRL0705LM1004443
278108,D8X12: 1055,1VR7130SHM1001055
278110,SPX25: 1525,1VR9070UVM1001525
278111,D24X40III: 2414,1VRX200FLM1002414
278112,CTX100: 3379,1VRZ080HAM1003379
278114,S925TX: 4444,1VRL0705HM1004444
278116,SC30TX: 4178,1VRC070NVM1004178
278118,D20X22III: 2816,1VRA170VTM1002816
278119,CTX160: 579,1VR3080MAM1000579
278121,RTX250: 2598,1VRD070DJM1002598
278124,SC382: 1230,1VRU112BPM1001230
278125,SC382: 1231,1VRU112BKM1001231
278126,CTX160: 573,1VR3080MTM1000573
278127,SC382: 1232,1VRU112BJM1001232
278128,SC382: 1233,1VRU112BCM1001233
278130,SC30TX: 4179,1VRC070NAM1004179
278133,S450TX: 2101,1VRD060BLM1002101
278134,S925TX: 4445,1VRL0705EM1004445
278136,D20X22III: 2817,1VRA170VPM1002817
278138,D24X40III: 2415,1VRX200FHM1002415
278142,CTX100: 3380,1VRZ080HCM1003380
278145,D10X15III: 2125,1VRA130VXL1002125
278146,D24X40III: 2307,1VRX200FPM1002307
278148,D24X40III: 2280,1VRX200FCM1002280
278151,S925TX: 4446,1VRL0705CM1004446
278163,SC30TX: 4180,1VRC070NCM1004180
278172,D23X30III: 2318,1VRN2007EM1002318
278173,CTX160: 580,1VR3080MCM1000580
278174,S450TX: 2102,1VRD060BHM1002102
278179,AX19: 1027,1VRL19252M1001027
278180,D8X12: 1057,1VR7130SCM1001057
278181,SC552: 1069,1VR9132UJM1001069
278184,S925TX: 4447,1VRL0705TM1004447
278187,CTX100: 3381,1VRZ080HVM1003381
278188,CTX160: 568,1VR3080MEM1000568
278189,RTX250: 2599,1VRD070DCM1002599
278191,BILL WHARTON VSF196,1FT8W3BT2FEC04434
278193,PD10R: 1058,1VRR1008JM1001058
278195,S925TX: 4448,1VRL0705PM1004448
278198,SC382: 1234,1VRU112BVM1001234
278199,SC382: 1235,1VRU112BAM1001235
278200,SC382: 1236,1VRU112BLM1001236
278202,SC382: 1237,1VRU112BHM1001237
278205,CTX160: 581,1VR3080MVM1000581
278207,RTX1250I2: 400,1VRR1329CM1000400
278208,S925TX: 4449,1VRL0705KM1004449
278211,D10X15III: 2378,1VRA130VAM1002378
278213,BC1000XLG2: 30633,1VRY11199L1030633
278218,CTX100: 3382,1VRZ080HAM1003382
278219,D24X40III: 2416,1VRX200FEM1002416
278221,CC155: 1037,1VR2152EEM1001037
278224,T1055III: 589,1VR2210TCM1000589
278225,S925TX: 4450,1VRL0705TM1004450
278227,D40X55III: 1656,1VRY200GKM1001656
278228,D20X22III: 2818,1VRA170VKM1002818
278231,CTX160: 582,1VR3080MAM1000582
278255,PD10R: 1059,1VRR1008CM1001059
278256,TR5300: 151,56SM39161MF000151
278257,PTX40: 1032,1VR8072TCM1001032
278258,PTX40: 1031,1VR8072TEM1001031
278259,D20X22III: 2819,1VRA170VJM1002819
278260,CTX100: 3383,1VRZ080HLM1003383
278261,SC70TX: 1560,1VRK1203TM1001560
278262,RTX1250I2: 444,1VRR1329EM1000444
278266,D23X30III: 2319,1VRN2007CM1002319
278267,S925TX: 4452,1VRL0705KM1004452
278286,CTX160: 583,1VR3080MLM1000583
278288,D20X22III: 2820,1VRA170VPM1002820
278290,D24X40III: 2417,1VRX200FCM1002417
278291,S925TX: 4453,1VRL0705JM1004453
278297,SC382: 1238,1VRU112BEM1001238
278298,SC382: 1239,1VRU112BCM1001239
278304,CTX100: 3384,1VRZ080HHM1003384
278306,SC552: 1070,1VR9132UPM1001070
278309,D23X30III: 2320,1VRN2007HM1002320
278319,S925TX: 4454,1VRL0705CM1004454
278320,D20X22III: 2821,1VRA170VKM1002821
278321,EMEA Signal Test #1 - (GPS-GSM),1VRxxxxxxxxxx3911
278322,EMEA Signal Test #2 - (GPS-GSM),1VRxxxxxxxxxx5520
278323,EMEA Test 3859 - (Nithy),1VRxxxxxxxxxx3859
278324,BC230 - Prototype SN000100 (EMEA) TEST,1VRXXXXXXXXXX0100
278325,CTX160: 584,1VR3080MHM1000584
278327,D24X40III: 2418,1VRX200FTM1002418
278328,S925TX: 4455,1VRL0705VM1004455
278331,EM D40x55S3 SN0554 Land Services Inc,LHP-ASSETID-278331
278332,S450TX: 2104,1VRD060BCM1002104
278334,S925TX: 4456,1VRL0705AM1004456
278337,PTX42: 223,1VRK0724PM1000223
278338,CTX160: 585,1VR3080MEM1000585
278339,D23X30III: 2321,1VRN2007EM1002321
278340,D20X22III: 2822,1VRA170VJM1002822
278341,SC30TX: 4181,1VRC070NVM1004181
278342,S925TX: 4451,1VRL0705PM1004451
278343,PD10R: 1061,1VRR1008JM1001061
278344,S450TX: 2103,1VRD060BEM1002103
278345,PD10R: 1060,1VRR1008KM1001060
278346,AX19: 1028,1VRL19254M1001028
278347,D24X40III: 2419,1VRX200FPM1002419
278348,SC852: 2044,1VR7122LHM1002044
278352,D60X90S3: 1015,1VRJ2903JM1001015
278353,SC70TX: 1561,1VRK1203PM1001561
278354,D20X22III: 2823,1VRA170VCM1002823
278355,SC70TX: 1562,1VRK1203KM1001562
278357,D23X30III: 2322,1VRN2007CM1002322
278358,D24X40III: 2420,1VRX200FCM1002420
278359,D8X12: 1059,1VR7130SPM1001059
278360,SC70TX: 1563,1VRK1203JM1001563
278362,D20X22III: 2824,1VRA170VVM1002824
278363,S925TX: 4457,1VRL0705LM1004457
278364,PD10R: 1062,1VRR1008CM1001062
278365,RTX1250I2: 446,1VRR1329TM1000446
278366,SC552: 1071,1VR9132UKM1001071
278371,D40X55III: 1657,1VRY240GEM1001657
278372,SPX25: 1527,1VR9070ULM1001527
278373,CTX100: 3386,1VRZ080HCM1003386
278375,SPX25: 1526,1VR9070UAM1001526
278377,S925TX: 4458,1VRL0705HM1004458
278378,D20X22III: 2825,1VRA170VAM1002825
278379,D10X15III: 2278,1VRA130VCM1002278
278383,CTX160: 586,1VR3080MCM1000586
278385,S925TX: 4459,1VRL0705EM1004459
278386,PTX42: 224,1VRK0724KM1000224
278387,D23X30III: 2323,1VRN2007TM1002323
278388,S450TX: 2105,1VRD060BTM1002105
278391,D10X15III: 2379,1VRA130VLM1002379
278392,CTX100: 3387,1VRZ080HTM1003387
278397,PD10R: 1063,1VRR1008VM1001063
278399,SC70TX: 1564,1VRK1203CM1001564
278400,S925TX: 4460,1VRL0705LM1004460
278410,SC30TX: 4182,1VRC070NAM1004182
278411,D24X40III: 2421,1VRX200FTM1002421
278412,CTX160: 587,1VR3080MTM1000587
278413,D10X15III: 2380,1VRA130VVM1002380
278414,S925TX: 4461,1VRL0705HM1004461
278415,RTX1250I2: 445,1VRR1329CM1000445
278418,CTX100: 3388,1VRZ080HPM1003388
278422,RTX250: 2600,1VRD070DTM1002600
278423,S925TX: 4462,1VRL0705EM1004462
278424,D10X15III: 2381,1VRA130VAM1002381
278428,D24X40III: 2422,1VRX200FPM1002422
278430,CTX160: 588,1VR3080MPM1000588
278431,RTX200: 1529,1VR6071RTM1001529
278432,T655III: 646,1VR7260GCM1000646
278435,PTX42: 225,1VRK0724JM1000225
278436,D10X15III: 2382,1VRA130VLM1002382
278437,S925TX: 4463,1VRL0705CM1004463
278438,D23X30III: 2324,1VRN2007PM1002324
278439,SC802: 4010,1VR2151J7M1004010
278442,CTX100: 3389,1VRZ080HKM1003389
278443,PD10R: 1064,1VRR1008AM1001064
278444,S925TX: 4464,1VRL0705TM1004464
278445,SC30TX: 4183,1VRC070NLM1004183
278446,CTX160: 589,1VR3080MKM1000589
278447,S450TX: 2106,1VRD060BPM1002106
278449,D40X55DRS3: 1034,1VR3240MKM1001034
278450,BC1500: 12260,1VR2181V9M1012260
278451,D10X15III: 2383,1VRA130VHM1002383
278452,RTX1250I2: 447,1VRR1329PM1000447
278453,D24X40III: 2423,1VRX200FKM1002423
278454,SC70TX: 1565,1VRK1203VM1001565
278455,S925TX: 4465,1VRL0705PM1004465
278456,D10X15III: 2384,1VRA130VEM1002384
278458,S925TX: 4466,1VRL0705KM1004466
278459,BC1500: 12261,1VR2181V0M1012261
278463,CTX160: 590,1VR3080MTM1000590
278465,S925TX: 4467,1VRL0705JM1004467
278466,D24X40III: 2424,1VRX200FJM1002424
278469,D10X15III: 2385,1VRA130VCM1002385
278472,PTX42: 226,1VRK0724CM1000226
278473,CTX160: 591,1VR3080MPM1000591
278479,D10X15III: 2262,1VRA130VKM1002262
278480,S925TX: 4468,1VRL0705CM1004468
278485,D23X30III: 2325,1VRN2007KM1002325
278486,D10X15III: 2386,1VRA130VTM1002386
278488,D23X30III: 748,1VRN20079J1000748
278489,BC1500: 12262,1VR2181V2M1012262
278490,S925TX: 4469,1VRL0705VM1004469
278491,SC30TX: 4184,1VRC070NHM1004184
278492,PD5R: 122,1VR6120REM1000122
278494,CTX100: 3392,1VRZ080HKM1003392
278511,TR6400: 110,1VRT402A2MF000110
278514,CTX100: 3391,1VRZ080HPM1003391
278515,SC382: 1250,1VRU112BCM1001250
278518,SC382: 1251,1VRU112BVM1001251
278519,SC382: 1252,1VRU112BAM1001252
278520,D10X15III: 2387,1VRA130VPM1002387
278522,BC1800XL: 10151,1VRY151Z0M1010151
278523,S925TX: 4470,1VRL0705JM1004470
278524,SC382: 1253,1VRU112BLM1001253
278527,D24X40III: 2425,1VRX200FCM1002425
278530,BC1500: 12263,1VR2181V4M1012263
278531,RTX1250I2: 448,1VRR1329KM1000448
278532,CTX160: 592,1VR3080MKM1000592
278533,D10X15III: 920,1VRA130V2K1000920
278535,S925TX: 4471,1VRL0705CM1004471
278540,D10X15III: 2388,1VRA130VKM1002388
278541,D40X55III: 1658,1VRY240GCM1001658
278542,BC1800XL: 10152,1VRY151Z2M1010152
278544,CTX100: 3393,1VRZ080HJM1003393
278547,SC30TX: 4185,1VRC070NEM1004185
278548,BC1500: 12264,1VR2181V6M1012264
278552,S925TX: 4472,1VRL0705VM1004472
278554,D8X12: 1060,1VR7130SCM1001060
278555,SC552: 1072,1VR9132UJM1001072
278556,SC802: 4009,1VR2151J0M1004009
278557,BC1500: 12265,1VR2181V8M1012265
278560,D24X40III: 2426,1VRX200FVM1002426
278561,CTX100: 3394,1VRZ080HCM1003394
278562,PD10R: 1066,1VRR1008HM1001066
278563,S925TX: 4473,1VRL0705AM1004473
278564,S925TX: 4474,1VRL0705LM1004474
278567,BC1800XL: 10153,1VRY151Z4M1010153
278568,S925TX: 4475,1VRL0705HM1004475
278569,S450TX: 2107,1VRD060BKM1002107
278573,D23X30III: 2326,1VRN2007JM1002326
278574,D10X15III: 2389,1VRA130VJM1002389
278575,BC1500: 12266,1VR2181VXM1012266
278576,AX19: 1029,1VRL19256M1001029
278577,PD10R: 1065,1VRR1008LM1001065
278580,D10X15III: 2248,1VRA130VVM1002248
278581,D24X40III: 2302,1VRX200FLM1002302
278582,D40X55III: 1613,1VRY240GCM1001613
278583,SC70TX: 1566,1VRK1203AM1001566
278584,S925TX: 4476,1VRL0705EM1004476
278585,BC1500: 12267,1VR2181V1M1012267
278587,D24X40III: 2427,1VRX200FAM1002427
278588,D10X15III: 2390,1VRA130VPM1002390
278591,RTX200: 1531,1VR6071RCM1001531
278592,CTX100: 3390,1VRZ080HTM1003390
278594,S925TX: 4477,1VRL0705CM1004477
278595,ATS Test 3254 - RevG (GF-OM Team),1VRxxxxxxxxxx3254
278597,SC30TX: 4186,1VRC070NCM1004186
278599,PD10: 3092,1VRB100ZPM1003092
278600,D23X30III: 2327,1VRN2007CM1002327
278602,CTX160: 593,1VR3080MJM1000593
278603,PTX40: 1035,1VR8072TKM1001035
278605,CTX160: 594,1VR3080MCM1000594
278606,SC70TX: 1567,1VRK1203LM1001567
278608,S450TX: 2108,1VRD060BJM1002108
278615,D20X22III: 2826,1VRA170VLM1002826
278616,D24X40III: 2428,1VRX200FLM1002428
278617,SC382: 1258,1VRU112BPM1001258
278618,SC382: 1259,1VRU112BKM1001259
278619,SC382: 1260,1VRU112BTM1001260
278620,RTX200: 1532,1VR6071RTM1001532
278621,SC382: 1261,1VRU112BPM1001261
278622,D20X22III: 2827,1VRA170VHM1002827
278623,D40X55III: 1659,1VRY240GTM1001659
278624,RTX250: 2602,1VRD070DKM1002602
278625,PD10R: 1067,1VRR1008EM1001067
278626,SC30TX: 4187,1VRC070NTM1004187
278627,D24X40III: 2429,1VRX200FHM1002429
278628,SC552: 1073,1VR9132UCM1001073
278631,CTX160: 595,1VR3080MVM1000595
278632,D10X15III: 2391,1VRA130VKM1002391
278633,PTX40: 1036,1VR8072TJM1001036
278635,CTX100: 3395,1VRZ080HVM1003395
278636,D10X15III: 2392,1VRA130VJM1002392
278637,BC1500: 12268,1VR2181V3M1012268
278639,CTX100: 3396,1VRZ080HAM1003396
278640,BC1800XL: 10155,1VRY151Z8M1010155
278645,CTX160: 596,1VR3080MAM1000596
278646,D20X22III: 2828,1VRA170VEM1002828
278647,S925TX: 4478,1VRL0705TM1004478
278649,D40X55III: 1660,1VRY240GEM1001660
278651,S925TX: 4479,1VRL0705PM1004479
278653,PTX42: 227,1VRK0724VM1000227
278654,SC802: 4011,1VR2151J9M1004011
278656,D20X22III: 2829,1VRA170VCM1002829
278657,SC30TX: 4188,1VRC070NPM1004188
278658,SC362: 4302,1VRF112YCM1004302
278659,CC155: 1035,1VR2152E8L1001035
278660,SC362: 4303,1VRF112YTM1004303
278661,RTX250: 2604,1VRD070DCM1002604
278662,SC70TX: 1568,1VRK1203HM1001568
278664,SPX25: 1530,1VR9070ULM1001530
278666,D60X90S3: 1016,1VRJ2903CM1001016
278668,S925TX: 4481,1VRL0705TM1004481
278669,BC1200XL: 6054,1VR7141Y8M1006054
278670,SC362: 4304,1VRF112YPM1004304
278671,S450TX: 2109,1VRD060BCM1002109
278672,SC362: 4305,1VRF112YKM1004305
278673,SC30TX: 4189,1VRC070NKM1004189
278675,S925TX: 4480,1VRL0705CM1004480
278676,S925TX: 4482,1VRL0705PM1004482
278678,D23X30DRS3: 1073,1VRJ2103EM1001073
278679,CTX160: 597,1VR3080MLM1000597
278681,BC1500: 12270,1VR2181V1M1012270
278682,CTX100: 3398,1VRZ080HHM1003398
278685,D10X15III: 2393,1VRA130VCM1002393
278687,CTX160: 598,1VR3080MHM1000598
278688,D24X40III: 2324,1VRX200FPM1002324
278689,PD10R: 1068,1VRR1008CM1001068
278691,S925TX: 4483,1VRL0705KM1004483
278692,BC1500: 12271,1VR2181V3M1012271
278693,TR5300: 152,56SM39163MF000152
278695,SC70TX: 1569,1VRK1203EM1001569
278697,CTX100: 3399,1VRZ080HEM1003399
278700,RTX250: 2605,1VRD070DVM1002605
278703,S925TX: 4484,1VRL0705JM1004484
278704,BC1000XL: 34764,1VRY11199M1034764
278705,D20X22III: 2830,1VRA170VHM1002830
278706,BC1500: 12272,1VR2181V5M1012272
278708,BC1000XL: 34765,1VRY11190M1034765
278712,CTX160: 599,1VR3080MEM1000599
278713,SC362: 4306,1VRF112YJM1004306
278715,D24X40III: 2430,1VRX200FAM1002430
278716,D24X40III: 2282,1VRX200FAM1002282
278717,BC1800XL: 10158,1VRY151Z3M1010158
278718,SC362: 4307,1VRF112YCM1004307
278719,D23X30III: 2328,1VRN2007VM1002328
278722,SC362: 4308,1VRF112YVM1004308
278724,SC362: 4309,1VRF112YAM1004309
278725,BC1000XL: 34767,1VRY11194M1034767
278726,S925TX: 4485,1VRL0705CM1004485
278729,PD10R: 1069,1VRR1008TM1001069
278730,BC1000XL: 34766,1VRY11192M1034766
278731,RTX250: 2601,1VRD070DPM1002601
278733,PTX42: 228,1VRK0724AM1000228
278734,S925TX: 4486,1VRL0705VM1004486
278735,BC1500: 12273,1VR2181V7M1012273
278737,SC70TX: 1570,1VRK1203LM1001570
278738,D8X12: 1015,1VR7130S9L1001015
278739,CTX100: 3400,1VRZ080HVM1003400
278764,BC1000XL: 34768,1VRY11196M1034768
278765,D24X40III: 2431,1VRX200FLM1002431
278766,S450TX: 2110,1VRD060BKM1002110
278767,BC1000XL: 34769,1VRY11198M1034769
278768,CTX160: 600,1VR3080MVM1000600
278769,SC362: 4310,1VRF112YCM1004310
278770,SC362: 4311,1VRF112YVM1004311
278771,BC1800XL: 10159,1VRY151Z5M1010159
278772,BC1000XL: 34770,1VRY11194M1034770
278773,D20X22III: 2831,1VRA170VEM1002831
278775,SC362: 4312,1VRF112YAM1004312
278777,SC362: 4313,1VRF112YLM1004313
278782,BC1000XL: 34771,1VRY11196M1034771
278783,S925TX: 4487,1VRL0705AM1004487
278786,BC1500: 12274,1VR2181V9M1012274
278788,D10X15III: 2394,1VRA130VVM1002394
278791,D23X30III: 2329,1VRN2007AM1002329
278792,CTX100: 3401,1VRZ080HAM1003401
278793,BC1000XL: 34772,1VRY11198M1034772
278795,D10X15III: 2111,1VRA130VXL1002111
278796,BC1800XL: 10160,1VRY151Z1M1010160
278798,BC1000XL: 34773,1VRY1119XM1034773
278799,S925TX: 4488,1VRL0705LM1004488
278803,BC1000XL: 34774,1VRY11191M1034774
278806,SC852: 2045,1VR7122LEM1002045
278807,BC1500: 12275,1VR2181V0M1012275
278809,BC1000XL: 34775,1VRY11193M1034775
278810,PTX40: 1037,1VR8072TCM1001037
278811,AX19: 1030,1VRL19252M1001030
278812,CTX160: 601,1VR3080MAM1000601
278814,D24X40III: 2432,1VRX200FHM1002432
278815,SC362: 4314,1VRF112YHM1004314
278816,SC362: 4316,1VRF112YCM1004316
278817,SC362: 4315,1VRF112YEM1004315
278818,BC1000XL: 34776,1VRY11195M1034776
278820,SC362: 4317,1VRF112YTM1004317
278822,CTX100: 3402,1VRZ080HLM1003402
278824,BC1800XL: 10161,1VRY151Z3M1010161
278825,PD10R: 1070,1VRR1008EM1001070
278826,S925TX: 4489,1VRL0705HM1004489
278828,D10X15III: 2395,1VRA130VAM1002395
278829,RTX200: 1533,1VR6071RPM1001533
278830,S925TX: 4490,1VRL0705AM1004490
278832,S450TX: 2111,1VRD060BJM1002111
278834,BC1000XL: 34777,1VRY11197M1034777
278836,CTX160: 602,1VR3080MLM1000602
278837,BC1000XL: 34778,1VRY11199M1034778
278838,BC1500: 12276,1VR2181V2M1012276
278839,RTX200: 1534,1VR6071RKM1001534
278840,SC70TX: 1571,1VRK1203HM1001571
278841,BC1000XL: 34779,1VRY11190M1034779
278842,D23X30III: 2330,1VRN2007CM1002330
278843,S925TX: 4491,1VRL0705LM1004491
278844,D23X30III: 2211,1VRN2007TM1002211
278845,D8X12: 1061,1VR7130STM1001061
278849,CTX100: 3403,1VRZ080HHM1003403
278851,BC1800XL: 10162,1VRY151Z5M1010162
278853,BC1000XL: 34780,1VRY11197M1034780
278855,S925TX: 4492,1VRL0705HM1004492
278856,D10X15III: 2176,1VRA130V5L1002176
278857,CTX160: 603,1VR3080MHM1000603
278858,SC362: 4318,1VRF112YPM1004318
278859,D20X22III: 2832,1VRA170VCM1002832
278861,SC362: 4319,1VRF112YKM1004319
278864,BC1500: 12277,1VR2181V4M1012277
278865,SC362: 4321,1VRF112YPM1004321
278866,BC1000XL: 34781,1VRY11199M1034781
278870,BC900XL: 3597,1VR712165M1003597
278871,D10X15III: 2180,1VRA130V7L1002180
278872,MIKE KARRANTZA VSF150,1FT8W3BT4CEA60283
278873,S925TX: 4493,1VRL0705EM1004493
278874,BC1000XL: 34782,1VRY11190M1034782
278875,D23X30III: 2169,1VRN2007HM1002169
278876,RTX250: 2607,1VRD070DLM1002607
278878,BC700XL: 4419,1VRC101V5M1004419
278880,CTX100: 3404,1VRZ080HEM1003404
278881,BC1000XL: 34783,1VRY11192M1034783
278883,BC1000XL: 34478,1VRY11198M1034478
278884,D23X30DRS3: 1074,1VRJ2103CM1001074
278885,BC1800XL: 10163,1VRY151Z7M1010163
278886,BC900XL: 3598,1VR712167M1003598
278887,SC30TX: 4191,1VRC070NPM1004191
278888,D10X15III: 2396,1VRA130VLM1002396
278889,BC1000XL: 34784,1VRY11194M1034784
278890,S925TX: 4494,1VRL0705CM1004494
278891,RTX250: 2603,1VRD070DJM1002603
278896,SC362: 4322,1VRF112YKM1004322
278897,PD10R: 1071,1VRR1008CM1001071
278898,BC1000XL: 34785,1VRY11196M1034785
278899,SC362: 4323,1VRF112YJM1004323
278900,S450TX: 2112,1VRD060BCM1002112
278901,BC1500: 12278,1VR2181V6M1012278
278902,PTX40: 1038,1VR8072TVM1001038
278903,SC362: 4324,1VRF112YCM1004324
278904,D24X40III: 2433,1VRX200FEM1002433
278905,SC362: 4325,1VRF112YVM1004325
278906,CTX160: 604,1VR3080MEM1000604
278914,S925TX: 4495,1VRL0705TM1004495
278915,BC1000XL: 34786,1VRY11198M1034786
278916,S925TX: 4496,1VRL0705PM1004496
278917,D10X15III: 2397,1VRA130VHM1002397
278918,BC1800XL: 10164,1VRY151Z9M1010164
278919,SPX25: 1532,1VR9070UEM1001532
278921,BC1000XL: 34787,1VRY1119XM1034787
278922,S925TX: 4497,1VRL0705KM1004497
278923,D8X12: 1048,1VR7130SCM1001048
278924,D8X12: 1049,1VR7130SVM1001049
278925,D8X12: 1050,1VR7130SJM1001050
278926,D40X55III: 1661,1VRY200GCM1001661
278927,D10X15III: 2258,1VRA130VPM1002258
278930,BC900XL: 3599,1VR712169M1003599
278931,BC1000XL: 34788,1VRY11191M1034788
278932,D10X15III: 2181,1VRA130V9L1002181
278934,CTX160: 605,1VR3080MCM1000605
278935,SPX25: 1531,1VR9070UHM1001531
278937,BC1200XL: 6055,1VR7141YXM1006055
278940,D23X30III: 2112,1VRN20073L1002112
278941,SC362: 4326,1VRF112YAM1004326
278942,SC362: 4327,1VRF112YLM1004327
278943,D20X22III: 2833,1VRA170VTM1002833
278944,BC1000XL: 34789,1VRY11193M1034789
278945,SC362: 4328,1VRF112YHM1004328
278947,SC362: 4329,1VRF112YEM1004329
278948,BC1800XL: 10165,1VRY151Z0M1010165
278949,S925TX: 4498,1VRL0705JM1004498
278950,BC1000XL: 34790,1VRY1119XM1034790
278953,D23X30III: 1121,1VRN20071K1001121
278956,CTX100: 3397,1VRZ080HLM1003397
278957,D23X30III: 2331,1VRN2007VM1002331
278959,SC30TX: 4190,1VRC070NTM1004190
278962,BC1000XL: 34791,1VRY11191M1034791
278963,S925TX: 4499,1VRL0705CM1004499
278965,CTX100: 3406,1VRZ080HTM1003406
278966,D10X15III: 2398,1VRA130VEM1002398
278967,D24X40III: 2434,1VRX200FCM1002434
278968,CTX160: 607,1VR3080MPM1000607
278969,D40X55DRS3: 1035,1VR3240MJM1001035
278971,CTX160: 606,1VR3080MTM1000606
278973,S925TX: 4500,1VRL0705TM1004500
278974,S925TX: 4501,1VRL0705PM1004501
278975,BC1000XL: 34793,1VRY11195M1034793
278977,D24X40III: 2435,1VRX200FTM1002435
278978,S925TX: 4392,1VRL0705AM1004392
278979,RTX250: 2608,1VRD070DHM1002608
278980,BC900XL: 3600,1VR712161M1003600
278982,CTX160: 608,1VR3080MKM1000608
278984,BC1500: 12280,1VR2181V4M1012280
278985,D10X15III: 2138,1VRA130V8L1002138
278987,D23X30III: 2332,1VRN2007AM1002332
278988,SC30TX: 4193,1VRC070NJM1004193
278989,BC1000XL: 34794,1VRY11197M1034794
278990,S925TX: 4502,1VRL0705KM1004502
278991,SC362: 4330,1VRF112YLM1004330
278994,BC1000XL: 34795,1VRY11199M1034795
278995,SC362: 4331,1VRF112YHM1004331
278996,CTX100: 3407,1VRZ080HPM1003407
278997,SC362: 4332,1VRF112YEM1004332
279000,SC362: 4333,1VRF112YCM1004333
279005,BC1000XL: 34796,1VRY11190M1034796
279006,CTX100: 3408,1VRZ080HKM1003408
279007,D8X12: 1062,1VR7130SPM1001062
279010,S925TX: 4503,1VRL0705JM1004503
279012,S925TX: 4504,1VRL0705CM1004504
279014,CTX160: 609,1VR3080MJM1000609
279016,BC1000XL: 34797,1VRY11192M1034797
279021,D40X55III: 1662,1VRY240GTM1001662
279022,SC30TX: 4194,1VRC070NCM1004194
279023,BC1000XL: 34798,1VRY11194M1034798
279024,D20X22III: 2834,1VRA170VPM1002834
279025,SPX25: 1533,1VR9070UCM1001533
279027,BC1200XL: 6056,1VR7141Y1M1006056
279030,BC1000XL: 34799,1VRY11196M1034799
279032,SC552: 1074,1VR9132UVM1001074
279035,D40X55III: 1604,1VRY240GCM1001604
279036,PD5R: 123,1VR6120RCM1000123
279037,S925TX: 4505,1VRL0705VM1004505
279038,RTX200: 1535,1VR6071RJM1001535
279039,D10X15III: 2206,1VRA130VHM1002206
279040,PD5R: 124,1VR6120RTM1000124
279041,SC362: 4334,1VRF112YTM1004334
279042,SC362: 4335,1VRF112YPM1004335
279043,CTX100: 3409,1VRZ080HJM1003409
279044,SC362: 4336,1VRF112YKM1004336
279045,SC70TX: 1572,1VRK1203EM1001572
279046,BC1500: 12281,1VR2181V6M1012281
279047,SC292: 2063,1VRF102YKM1002063
279048,D24X40III: 2436,1VRX200FPM1002436
279049,S925TX: 4506,1VRL0705AM1004506
279055,BC1000XL: 34800,1VRY11199M1034800
279056,BC1000XL: 34801,1VRY11190M1034801
279057,D10X15III: 2399,1VRA130VCM1002399
279058,RTX1250I2: 455,1VRR1329AM1000455
279060,S450TX: 2113,1VRD060BVM1002113
279062,BC700XL: 4458,1VRC101V4M1004458
279064,BC1800XL: 10167,1VRY151Z4M1010167
279066,S925TX: 4507,1VRL0705LM1004507
279070,BC900XL: 3601,1VR712163M1003601
279076,CTX160: 610,1VR3080MPM1000610
279088,BC1000XL: 34802,1VRY11192M1034802
279091,S925TX: 4508,1VRL0705HM1004508
279093,D10X15III: 2400,1VRA130VAM1002400
279096,BC1500: 12282,1VR2181V8M1012282
279097,D23X30III: 2333,1VRN2007LM1002333
279098,SC292: 2064,1VRF102YJM1002064
279101,BC1000XL: 34803,1VRY11194M1034803
279103,SC362: 4337,1VRF112YJM1004337
279104,SC362: 4338,1VRF112YCM1004338
279105,CTX160: 611,1VR3080MKM1000611
279106,SC362: 4339,1VRF112YVM1004339
279107,BC1000XL: 34804,1VRY11196M1034804
279110,S925TX: 4509,1VRL0705EM1004509
279111,SC552: 1075,1VR9132UAM1001075
279113,BC1800XL: 10168,1VRY151Z6M1010168
279114,BC1000XL: 34805,1VRY11198M1034805
279118,SC70TX: 1573,1VRK1203CM1001573
279119,D10X15III: 2401,1VRA130VLM1002401
279120,D24X40III: 2437,1VRX200FKM1002437
279122,CTX100: 3410,1VRZ080HPM1003410
279123,D20X22III: 2744,1VRA170VAM1002744
279131,BC1000XL: 34806,1VRY1119XM1034806
279132,BC1500: 12283,1VR2181VXM1012283
279133,S925TX: 4510,1VRL0705LM1004510
279134,BC1000XL: 34807,1VRY11191M1034807
279135,PD10R: 1072,1VRR1008TM1001072
279138,D10X15III: 2216,1VRA130VCM1002216
279139,CTX160: 612,1VR3080MJM1000612
279140,BC1800XL: 10169,1VRY151Z8M1010169
279141,SC70TX: 1574,1VRK1203TM1001574
279142,S925TX: 4511,1VRL0705HM1004511
279144,BC1000XL: 34808,1VRY11193M1034808
279146,D23X30III: 2334,1VRN2007HM1002334
279147,BC1000XL: 34809,1VRY11195M1034809
279148,SC362: 4340,1VRF112YJM1004340
279150,SC362: 4341,1VRF112YCM1004341
279151,SC30TX: 4195,1VRC070NVM1004195
279152,SC362: 4342,1VRF112YVM1004342
279153,D20X22III: 2835,1VRA170VKM1002835
279154,SC362: 4343,1VRF112YAM1004343
279155,CTX100: 3411,1VRZ080HKM1003411
279156,SC30TX: 4196,1VRC070NAM1004196
279157,TR626: 10002,1VR8552N1MF010002
279158,BC1500: 12284,1VR2181V1M1012284
279159,D20X22III: 2746,1VRA170VHM1002746
279162,PTX42: 229,1VRK0724LM1000229
279165,BC1000XL: 34810,1VRY11191M1034810
279166,S925TX: 4512,1VRL0705EM1004512
279167,D20X22III: 2836,1VRA170VJM1002836
279169,BC900XL: 3602,1VR712165M1003602
279170,CTX160: 613,1VR3080MCM1000613
279171,BC700XL: 4459,1VRC101V6M1004459
279175,D40X55III: 1663,1VRY240GPM1001663
279176,BC1000XL: 34811,1VRY11193M1034811
279177,S925TX: 4513,1VRL0705CM1004513
279178,BC1500: 12285,1VR2181V3M1012285
279179,D10X15III: 2402,1VRA130VHM1002402
279180,SC362: 4344,1VRF112YLM1004344
279181,SC802: 4013,1VR2151J2M1004013
279182,D10X15III: 2225,1VRA130VCM1002225
279183,D20X22III: 2733,1VRA170VEM1002733
279184,BC1000XL: 34812,1VRY11195M1034812
279186,SC362: 4345,1VRF112YHM1004345
279187,D10X15III: 2152,1VRA130V2L1002152
279188,Truck-8218 Service Truck Robbie Burgess,1FD0X5HT4FEA68218
279189,Truck-6870 Service Truck Lee Burgess,3FRWF65F77V486870
279190,D24X40III: 2238,1VRX200FCM1002238
279192,SC362: 4346,1VRF112YEM1004346
279193,CTX160: 614,1VR3080MVM1000614
279194,BC1800XL: 10171,1VRY151Z6M1010171
279195,SC362: 4347,1VRF112YCM1004347
279196,BC1000XL: 34813,1VRY11197M1034813
279197,PD10: 3093,1VRB100ZKM1003093
279198,D24X40III: 2438,1VRX200FJM1002438
279200,BC1000XL: 34814,1VRY11199M1034814
279201,AX19: 1031,1VRL19254M1001031
279202,BC1000XL: 34815,1VRY11190M1034815
279205,S925TX: 4515,1VRL0705PM1004515
279208,SPX25: 1534,1VR9070UTM1001534
279212,CTX100: 3412,1VRZ080HJM1003412
279213,D40X55DRS3: 1036,1VR3240MCM1001036
279216,BC1000XL: 34816,1VRY11192M1034816
279217,PTX44: 1566,1VR8072SLM1001566
279218,BC1500: 12286,1VR2181V5M1012286
279219,D24X40III: 2439,1VRX200FCM1002439
279220,D8X12: 1063,1VR7130SKM1001063
279222,S925TX: 4514,1VRL0705TM1004514
279223,BC1000XL: 34817,1VRY11194M1034817
279224,RTX250: 2609,1VRD070DEM1002609
279226,SC30TX: 4197,1VRC070NLM1004197
279227,BC1500: 12287,1VR2181V7M1012287
279229,RTX250: 2611,1VRD070DHM1002611
279234,D10X15III: 2100,1VRA130V5L1002100
279235,D10X15III: 2101,1VRA130V7L1002101
279236,D10X15III: 2102,1VRA130V9L1002102
279237,D10X15III: 2103,1VRA130V0L1002103
279238,D10X15III: 2104,1VRA130V2L1002104
279239,D10X15III: 2105,1VRA130V4L1002105
279240,D10X15III: 2106,1VRA130V6L1002106
279241,D10X15III: 2107,1VRA130V8L1002107
279242,D10X15III: 2108,1VRA130VXL1002108
279243,D10X15III: 2109,1VRA130V1L1002109
279244,D10X15III: 2110,1VRA130V8L1002110
279245,D10X15III: 2112,1VRA130V1L1002112
279246,D10X15III: 2113,1VRA130V3L1002113
279247,D10X15III: 2114,1VRA130V5L1002114
279248,D10X15III: 2115,1VRA130V7L1002115
279249,D10X15III: 2116,1VRA130V9L1002116
279250,D10X15III: 2117,1VRA130V0L1002117
279251,D10X15III: 2118,1VRA130V2L1002118
279252,D10X15III: 2119,1VRA130V4L1002119
279253,D10X15III: 2120,1VRA130V0L1002120
279254,D10X15III: 2121,1VRA130V2L1002121
279255,D10X15III: 2122,1VRA130V4L1002122
279256,D10X15III: 2123,1VRA130V6L1002123
279257,D10X15III: 2124,1VRA130V8L1002124
279258,D10X15III: 2126,1VRA130V1L1002126
279259,D10X15III: 2127,1VRA130V3L1002127
279260,D10X15III: 2128,1VRA130V5L1002128
279261,D10X15III: 2129,1VRA130V7L1002129
279262,D10X15III: 2130,1VRA130V3L1002130
279263,D10X15III: 2131,1VRA130V5L1002131
279264,D10X15III: 2132,1VRA130V7L1002132
279266,D10X15III: 2134,1VRA130V0L1002134
279267,D10X15III: 2135,1VRA130V2L1002135
279268,D10X15III: 2136,1VRA130V4L1002136
279270,D10X15III: 2139,1VRA130VXL1002139
279271,D10X15III: 2140,1VRA130V6L1002140
279272,D10X15III: 2141,1VRA130V8L1002141
279273,D10X15III: 2142,1VRA130VXL1002142
279274,D10X15III: 2143,1VRA130V1L1002143
279275,D10X15III: 2144,1VRA130V3L1002144
279276,D10X15III: 2145,1VRA130V5L1002145
279277,D10X15III: 2146,1VRA130V7L1002146
279279,D10X15III: 2148,1VRA130V0L1002148
279280,D10X15III: 2149,1VRA130V2L1002149
279281,D10X15III: 2150,1VRA130V9L1002150
279282,D10X15III: 2151,1VRA130V0L1002151
279283,D10X15III: 2153,1VRA130V4L1002153
279284,D10X15III: 2154,1VRA130V6L1002154
279285,D10X15III: 2155,1VRA130V8L1002155
279286,D10X15III: 2156,1VRA130VXL1002156
279287,D10X15III: 2157,1VRA130V1L1002157
279288,D10X15III: 2158,1VRA130V3L1002158
279289,D10X15III: 2159,1VRA130V5L1002159
279290,D10X15III: 2160,1VRA130V1L1002160
279291,D10X15III: 2161,1VRA130V3L1002161
279292,D10X15III: 2162,1VRA130V5L1002162
279293,D10X15III: 2163,1VRA130V7L1002163
279294,D10X15III: 2164,1VRA130V9L1002164
279295,D10X15III: 2165,1VRA130V0L1002165
279296,D10X15III: 2166,1VRA130V2L1002166
279297,D10X15III: 2167,1VRA130V4L1002167
279298,D10X15III: 2168,1VRA130V6L1002168
279299,D10X15III: 2169,1VRA130V8L1002169
279300,D10X15III: 2170,1VRA130V4L1002170
279301,D10X15III: 2171,1VRA130V6L1002171
279302,D10X15III: 2172,1VRA130V8L1002172
279303,D10X15III: 2173,1VRA130VXL1002173
279304,D10X15III: 2174,1VRA130V1L1002174
279305,D10X15III: 2175,1VRA130V3L1002175
279306,D10X15III: 2177,1VRA130V7L1002177
279307,D10X15III: 2178,1VRA130V9L1002178
279308,D10X15III: 2179,1VRA130V0L1002179
279309,D10X15III: 2182,1VRA130V0L1002182
279310,D10X15III: 2183,1VRA130V2L1002183
279311,D10X15III: 2184,1VRA130VAL1002184
279312,D10X15III: 2185,1VRA130VLL1002185
279313,D10X15III: 2186,1VRA130VHL1002186
279314,D10X15III: 2187,1VRA130VEL1002187
279315,D10X15III: 2188,1VRA130VCL1002188
279316,D10X15III: 2189,1VRA130VTL1002189
279317,D10X15III: 2190,1VRA130VEL1002190
279318,D10X15III: 2191,1VRA130VCL1002191
279319,D10X15III: 2192,1VRA130VTL1002192
279320,D10X15III: 2193,1VRA130VPL1002193
279321,D10X15III: 2195,1VRA130VKM1002195
279322,D10X15III: 2196,1VRA130VJM1002196
279323,D10X15III: 2197,1VRA130VCM1002197
279324,D10X15III: 2198,1VRA130VVM1002198
279325,D10X15III: 2199,1VRA130VAM1002199
279326,D10X15III: 2200,1VRA130VKM1002200
279327,D10X15III: 2201,1VRA130VEM1002201
279328,D10X15III: 2202,1VRA130VCM1002202
279329,D10X15III: 2203,1VRA130VTM1002203
279330,D10X15III: 2204,1VRA130VPM1002204
279331,D10X15III: 2205,1VRA130VKM1002205
279332,D10X15III: 2207,1VRA130VEM1002207
279333,D10X15III: 2208,1VRA130VCM1002208
279334,D10X15III: 2209,1VRA130VTM1002209
279335,D10X15III: 2210,1VRA130VEM1002210
279336,D10X15III: 2211,1VRA130VCM1002211
279337,D10X15III: 2212,1VRA130VTM1002212
279338,D10X15III: 2213,1VRA130VPM1002213
279339,D10X15III: 2214,1VRA130VKM1002214
279340,D10X15III: 2217,1VRA130VVM1002217
279341,D10X15III: 2218,1VRA130VAM1002218
279342,D10X15III: 2219,1VRA130VLM1002219
279343,D10X15III: 2220,1VRA130VVM1002220
279344,D10X15III: 2221,1VRA130VAM1002221
279345,D10X15III: 2222,1VRA130VLM1002222
279346,D10X15III: 2223,1VRA130VHM1002223
279347,D10X15III: 2224,1VRA130VEM1002224
279348,D10X15III: 2226,1VRA130VTM1002226
279349,D10X15III: 2227,1VRA130VPM1002227
279350,D10X15III: 2228,1VRA130VKM1002228
279351,D10X15III: 2230,1VRA130VPM1002230
279352,D10X15III: 2231,1VRA130VKM1002231
279353,D10X15III: 2232,1VRA130VJM1002232
279354,D10X15III: 2233,1VRA130VCM1002233
279355,D10X15III: 2235,1VRA130VAM1002235
279356,D10X15III: 2236,1VRA130VLM1002236
279357,D10X15III: 2237,1VRA130VHM1002237
279358,D10X15III: 2238,1VRA130VEM1002238
279359,D10X15III: 2239,1VRA130VCM1002239
279360,D10X15III: 2241,1VRA130VEM1002241
279361,D10X15III: 2242,1VRA130VCM1002242
279362,D10X15III: 2243,1VRA130VTM1002243
279363,D10X15III: 2244,1VRA130VPM1002244
279364,D10X15III: 2245,1VRA130VKM1002245
279365,D10X15III: 2246,1VRA130VJM1002246
279366,D10X15III: 2250,1VRA130VCM1002250
279367,D10X15III: 2251,1VRA130VVM1002251
279368,D10X15III: 2252,1VRA130VAM1002252
279369,D10X15III: 2253,1VRA130VLM1002253
279370,D10X15III: 2254,1VRA130VHM1002254
279371,D10X15III: 2255,1VRA130VEM1002255
279372,D10X15III: 2256,1VRA130VCM1002256
279373,D10X15III: 2257,1VRA130VTM1002257
279374,Duplicate Machine,'-
279375,D10X15III: 2260,1VRA130VTM1002260
279376,D10X15III: 2261,1VRA130VPM1002261
279377,D10X15III: 2263,1VRA130VJM1002263
279378,D10X15III: 2264,1VRA130VCM1002264
279379,D10X15III: 2265,1VRA130VVM1002265
279380,D10X15III: 2266,1VRA130VAM1002266
279381,D10X15III: 2267,1VRA130VLM1002267
279382,D10X15III: 2268,1VRA130VHM1002268
279383,D10X15III: 2270,1VRA130VLM1002270
279384,D10X15III: 2271,1VRA130VHM1002271
279385,D10X15III: 2272,1VRA130VEM1002272
279386,D10X15III: 2273,1VRA130VCM1002273
279387,D10X15III: 2274,1VRA130VTM1002274
279389,D10X15III: 2276,1VRA130VKM1002276
279390,D10X15III: 2277,1VRA130VJM1002277
279391,D10X15III: 2279,1VRA130VVM1002279
279392,D10X15III: 2280,1VRA130VJM1002280
279393,D10X15III: 2281,1VRA130VCM1002281
279394,D10X15III: 2283,1VRA130VAM1002283
279395,D10X15III: 2284,1VRA130VLM1002284
279396,D10X15III: 2285,1VRA130VHM1002285
279397,D10X15III: 2286,1VRA130VEM1002286
279398,D10X15III: 2287,1VRA130VCM1002287
279399,D10X15III: 2288,1VRA130VTM1002288
279400,D10X15III: 2289,1VRA130VPM1002289
279401,D10X15III: 2290,1VRA130VCM1002290
279402,D10X15III: 2291,1VRA130VTM1002291
279403,D10X15III: 2292,1VRA130VPM1002292
279404,D10X15III: 2293,1VRA130VKM1002293
279405,D10X15III: 2294,1VRA130VJM1002294
279406,D10X15III: 2295,1VRA130VCM1002295
279407,D10X15III: 2296,1VRA130VVM1002296
279408,D10X15III: 2298,1VRA130VLM1002298
279409,D10X15III: 2299,1VRA130VHM1002299
279410,D10X15III: 2300,1VRA130VCM1002300
279411,D10X15III: 2301,1VRA130VVM1002301
279412,D10X15III: 2302,1VRA130VAM1002302
279413,D10X15III: 2303,1VRA130VLM1002303
279414,D10X15III: 2304,1VRA130VHM1002304
279415,D10X15III: 2305,1VRA130VEM1002305
279416,D10X15III: 2306,1VRA130VCM1002306
279417,D10X15III: 2307,1VRA130VTM1002307
279418,D10X15III: 2308,1VRA130VPM1002308
279419,D10X15III: 2309,1VRA130VKM1002309
279420,D10X15III: 2310,1VRA130VTM1002310
279421,D10X15III: 2311,1VRA130VPM1002311
279422,D10X15III: 2313,1VRA130VJM1002313
279423,D10X15III: 2314,1VRA130VCM1002314
279424,D10X15III: 2315,1VRA130VVM1002315
279425,D10X15III: 2316,1VRA130VAM1002316
279426,D10X15III: 2318,1VRA130VHM1002318
279427,D10X15III: 2319,1VRA130VEM1002319
279428,D10X15III: 2320,1VRA130VLM1002320
279429,D10X15III: 2321,1VRA130VHM1002321
279430,D10X15III: 2322,1VRA130VEM1002322
279431,D10X15III: 2323,1VRA130VCM1002323
279432,D10X15III: 2324,1VRA130VTM1002324
279433,D10X15III: 2325,1VRA130VPM1002325
279434,D10X15III: 2326,1VRA130VKM1002326
279435,D10X15III: 2327,1VRA130VJM1002327
279436,D10X15III: 2328,1VRA130VCM1002328
279437,D10X15III: 2329,1VRA130VVM1002329
279438,D10X15III: 2330,1VRA130VJM1002330
279439,D10X15III: 2331,1VRA130VCM1002331
279440,D10X15III: 2332,1VRA130VVM1002332
279441,D10X15III: 2333,1VRA130VAM1002333
279442,D10X15III: 2334,1VRA130VLM1002334
279443,D10X15III: 2335,1VRA130VHM1002335
279444,D10X15III: 2336,1VRA130VEM1002336
279445,D10X15III: 2337,1VRA130VCM1002337
279446,D10X15III: 2338,1VRA130VTM1002338
279447,D10X15III: 2339,1VRA130VPM1002339
279448,D10X15III: 2340,1VRA130VCM1002340
279449,D10X15III: 2341,1VRA130VTM1002341
279450,D10X15III: 2342,1VRA130VPM1002342
279451,D10X15III: 2343,1VRA130VKM1002343
279452,D10X15III: 2344,1VRA130VJM1002344
279453,D10X15III: 2345,1VRA130VCM1002345
279454,D20X22III: 2509,1VRA170V7L1002509
279455,D20X22III: 2543,1VRA170V7L1002543
279456,D20X22III: 2544,1VRA170V9L1002544
279457,D20X22III: 2545,1VRA170V0L1002545
279458,D20X22III: 2546,1VRA170V2L1002546
279459,D20X22III: 2547,1VRA170V4L1002547
279460,D20X22III: 2548,1VRA170V6L1002548
279461,D20X22III: 2549,1VRA170V8L1002549
279462,D20X22III: 2550,1VRA170V4L1002550
279463,D20X22III: 2551,1VRA170V6L1002551
279464,D20X22III: 2552,1VRA170V8L1002552
279465,D20X22III: 2553,1VRA170VXL1002553
279466,D20X22III: 2554,1VRA170V1L1002554
279467,D20X22III: 2555,1VRA170V3L1002555
279468,D20X22III: 2556,1VRA170V5L1002556
279469,D20X22III: 2557,1VRA170V7L1002557
279470,D20X22III: 2558,1VRA170V9L1002558
279471,D20X22III: 2559,1VRA170V0L1002559
279472,D20X22III: 2560,1VRA170V7L1002560
279473,D20X22III: 2561,1VRA170V9L1002561
279474,D20X22III: 2562,1VRA170V0L1002562
279475,D20X22III: 2563,1VRA170V2L1002563
279476,D20X22III: 2564,1VRA170V4L1002564
279477,D20X22III: 2565,1VRA170V6L1002565
279478,D20X22III: 2566,1VRA170V8L1002566
279479,D20X22III: 2567,1VRA170VXL1002567
279480,D20X22III: 2568,1VRA170V1L1002568
279481,D20X22III: 2569,1VRA170V3L1002569
279482,D20X22III: 2570,1VRA170VXL1002570
279483,D20X22III: 2571,1VRA170V1L1002571
279484,D20X22III: 2572,1VRA170V3L1002572
279485,D20X22III: 2573,1VRA170V5L1002573
279486,D20X22III: 2574,1VRA170V7L1002574
279487,D20X22III: 2575,1VRA170V9L1002575
279488,D20X22III: 2576,1VRA170V0L1002576
279489,D20X22III: 2577,1VRA170V2L1002577
279490,D20X22III: 2578,1VRA170V4L1002578
279491,D20X22III: 2579,1VRA170V6L1002579
279492,D20X22III: 2580,1VRA170V2L1002580
279493,D20X22III: 2581,1VRA170V4L1002581
279494,D20X22III: 2582,1VRA170V6L1002582
279495,D20X22III: 2583,1VRA170V8L1002583
279496,D20X22III: 2584,1VRA170VXL1002584
279497,D20X22III: 2585,1VRA170V1L1002585
279498,D20X22III: 2586,1VRA170V3L1002586
279499,D20X22III: 2587,1VRA170V5L1002587
279500,D20X22III: 2588,1VRA170V7L1002588
279501,D20X22III: 2589,1VRA170V9L1002589
279502,D20X22III: 2590,1VRA170V5L1002590
279503,D20X22III: 2591,1VRA170V7L1002591
279504,D20X22III: 2592,1VRA170V9L1002592
279505,D20X22III: 2593,1VRA170V0L1002593
279506,D20X22III: 2594,1VRA170V2L1002594
279507,D20X22III: 2595,1VRA170V4L1002595
279508,D20X22III: 2596,1VRA170V6L1002596
279509,D20X22III: 2597,1VRA170V8L1002597
279510,D20X22III: 2598,1VRA170VXL1002598
279511,D20X22III: 2599,1VRA170V1L1002599
279512,D20X22III: 2600,1VRA170V4L1002600
279513,D20X22III: 2601,1VRA170V6L1002601
279514,D20X22III: 2602,1VRA170V8L1002602
279515,D20X22III: 2603,1VRA170VXL1002603
279516,D20X22III: 2604,1VRA170V1L1002604
279517,D20X22III: 2605,1VRA170V3L1002605
279518,D20X22III: 2606,1VRA170V5L1002606
279519,D20X22III: 2607,1VRA170V7L1002607
279520,D20X22III: 2608,1VRA170V9L1002608
279521,D20X22III: 2609,1VRA170V0L1002609
279522,D20X22III: 2610,1VRA170V7L1002610
279523,D20X22III: 2611,1VRA170V9L1002611
279524,D20X22III: 2612,1VRA170V0L1002612
279525,D20X22III: 2613,1VRA170V2L1002613
279526,D20X22III: 2614,1VRA170V4L1002614
279527,D20X22III: 2615,1VRA170V6L1002615
279528,D20X22III: 2616,1VRA170V8L1002616
279529,D20X22III: 2617,1VRA170VXL1002617
279530,D20X22III: 2618,1VRA170V1L1002618
279531,D20X22III: 2619,1VRA170V3L1002619
279532,D20X22III: 2620,1VRA170VXL1002620
279533,D20X22III: 2621,1VRA170V1L1002621
279534,D20X22III: 2622,1VRA170V3L1002622
279535,D20X22III: 2623,1VRA170V5L1002623
279536,D20X22III: 2624,1VRA170V7L1002624
279537,D20X22III: 2625,1VRA170V9L1002625
279538,D20X22III: 2626,1VRA170V0L1002626
279539,D20X22III: 2627,1VRA170V2L1002627
279540,D20X22III: 2628,1VRA170V4L1002628
279541,D20X22III: 2629,1VRA170V6L1002629
279542,D20X22III: 2630,1VRA170V2L1002630
279543,D20X22III: 2631,1VRA170V4L1002631
279544,D20X22III: 2632,1VRA170V6L1002632
279545,D20X22III: 2633,1VRA170V8L1002633
279546,D20X22III: 2634,1VRA170VXL1002634
279547,D20X22III: 2635,1VRA170V1L1002635
279548,D20X22III: 2637,1VRA170V5L1002637
279549,D20X22III: 2638,1VRA170V7L1002638
279550,D20X22III: 2639,1VRA170V9L1002639
279551,D20X22III: 2640,1VRA170V5L1002640
279552,D20X22III: 2641,1VRA170V7L1002641
279553,D20X22III: 2642,1VRA170V9L1002642
279554,D20X22III: 2643,1VRA170V0L1002643
279555,D20X22III: 2644,1VRA170VVL1002644
279556,D20X22III: 2645,1VRA170VAL1002645
279557,D20X22III: 2646,1VRA170VLL1002646
279558,D20X22III: 2647,1VRA170VHL1002647
279559,D20X22III: 2648,1VRA170VEL1002648
279560,D20X22III: 2649,1VRA170VCL1002649
279561,D20X22III: 2650,1VRA170VHL1002650
279562,D20X22III: 2651,1VRA170VEL1002651
279563,D20X22III: 2652,1VRA170VCL1002652
279564,D20X22III: 2653,1VRA170VTL1002653
279565,D20X22III: 2654,1VRA170VPL1002654
279566,D20X22III: 2655,1VRA170VKL1002655
279567,D20X22III: 2656,1VRA170VJL1002656
279568,D20X22III: 2657,1VRA170VCL1002657
279569,D20X22III: 2658,1VRA170VVL1002658
279570,D20X22III: 2659,1VRA170VVM1002659
279571,D20X22III: 2660,1VRA170VJM1002660
279572,D20X22III: 2661,1VRA170VCM1002661
279573,D20X22III: 2662,1VRA170VVM1002662
279574,D20X22III: 2663,1VRA170VAM1002663
279575,D20X22III: 2664,1VRA170VLM1002664
279576,D20X22III: 2665,1VRA170VHM1002665
279577,D20X22III: 2666,1VRA170VEM1002666
279578,D20X22III: 2667,1VRA170VVM1002667
279579,D20X22III: 2668,1VRA170VAM1002668
279580,D20X22III: 2669,1VRA170VLM1002669
279581,D20X22III: 2670,1VRA170VCM1002670
279582,D20X22III: 2671,1VRA170VTM1002671
279583,D20X22III: 2672,1VRA170VPM1002672
279584,D20X22III: 2673,1VRA170VKM1002673
279585,D20X22III: 2674,1VRA170VJM1002674
279586,D20X22III: 2675,1VRA170VCM1002675
279587,D20X22III: 2676,1VRA170VVM1002676
279588,D20X22III: 2678,1VRA170VLM1002678
279589,D20X22III: 2679,1VRA170VHM1002679
279590,D20X22III: 2680,1VRA170VAM1002680
279591,D20X22III: 2681,1VRA170VLM1002681
279592,D20X22III: 2682,1VRA170VHM1002682
279593,D20X22III: 2683,1VRA170VEM1002683
279594,D20X22III: 2684,1VRA170VCM1002684
279595,D20X22III: 2685,1VRA170VTM1002685
279596,D20X22III: 2686,1VRA170VPM1002686
279597,D20X22III: 2687,1VRA170VKM1002687
279598,D20X22III: 2688,1VRA170VJM1002688
279599,D20X22III: 2689,1VRA170VCM1002689
279600,D20X22III: 2690,1VRA170VKM1002690
279601,D20X22III: 2691,1VRA170VJM1002691
279602,D20X22III: 2692,1VRA170VCM1002692
279603,D20X22III: 2693,1VRA170VVM1002693
279604,D20X22III: 2694,1VRA170VAM1002694
279605,D20X22III: 2695,1VRA170VLM1002695
279606,D20X22III: 2696,1VRA170VHM1002696
279607,D20X22III: 2697,1VRA170VEM1002697
279608,D20X22III: 2698,1VRA170VCM1002698
279609,D20X22III: 2699,1VRA170VTM1002699
279610,D20X22III: 2700,1VRA170VLM1002700
279611,D20X22III: 2701,1VRA170VHM1002701
279612,D20X22III: 2702,1VRA170VEM1002702
279613,D20X22III: 2703,1VRA170VCM1002703
279614,D20X22III: 2704,1VRA170VTM1002704
279615,D20X22III: 2705,1VRA170VPM1002705
279616,D20X22III: 2706,1VRA170VKM1002706
279617,D20X22III: 2707,1VRA170VJM1002707
279618,D20X22III: 2708,1VRA170VCM1002708
279619,D20X22III: 2709,1VRA170VVM1002709
279620,D20X22III: 2710,1VRA170VJM1002710
279621,D20X22III: 2711,1VRA170VCM1002711
279622,D20X22III: 2712,1VRA170VVM1002712
279623,D20X22III: 2713,1VRA170VAM1002713
279624,D20X22III: 2714,1VRA170VLM1002714
279625,D20X22III: 2715,1VRA170VHM1002715
279626,D20X22III: 2716,1VRA170VEM1002716
279627,D20X22III: 2717,1VRA170VCM1002717
279628,D20X22III: 2718,1VRA170VTM1002718
279629,D20X22III: 2719,1VRA170VPM1002719
279630,D20X22III: 2720,1VRA170VCM1002720
279631,D20X22III: 2721,1VRA170VTM1002721
279632,D20X22III: 2722,1VRA170VPM1002722
279633,D20X22III: 2723,1VRA170VKM1002723
279634,D20X22III: 2724,1VRA170VJM1002724
279635,D20X22III: 2725,1VRA170VCM1002725
279636,D20X22III: 2726,1VRA170VVM1002726
279637,D20X22III: 2727,1VRA170VAM1002727
279638,D20X22III: 2728,1VRA170VLM1002728
279639,D20X22III: 2729,1VRA170VHM1002729
279640,D20X22III: 2730,1VRA170VAM1002730
279641,D20X22III: 2731,1VRA170VLM1002731
279642,D20X22III: 2732,1VRA170VHM1002732
279643,D20X22III: 2734,1VRA170VCM1002734
279644,D20X22III: 2735,1VRA170VTM1002735
279645,D20X22III: 2736,1VRA170VPM1002736
279646,D20X22III: 2737,1VRA170VKM1002737
279647,D20X22III: 2738,1VRA170VJM1002738
279648,D20X22III: 2739,1VRA170VCM1002739
279649,D20X22III: 2740,1VRA170VKM1002740
279650,D20X22III: 2741,1VRA170VJM1002741
279651,D20X22III: 2742,1VRA170VCM1002742
279652,D20X22III: 2743,1VRA170VVM1002743
279653,D20X22III: 2745,1VRA170VLM1002745
279654,D20X22III: 2747,1VRA170VEM1002747
279655,D20X22III: 2748,1VRA170VCM1002748
279656,D20X22III: 2749,1VRA170VTM1002749
279657,D20X22III: 2750,1VRA170VEM1002750
279658,D20X22III: 2751,1VRA170VCM1002751
279659,D20X22III: 2752,1VRA170VTM1002752
279660,D20X22III: 2753,1VRA170VPM1002753
279661,D20X22III: 2754,1VRA170VKM1002754
279662,D20X22III: 2755,1VRA170VJM1002755
279663,D20X22III: 2756,1VRA170VCM1002756
279664,D20X22III: 2757,1VRA170VVM1002757
279665,D20X22III: 2758,1VRA170VAM1002758
279666,D20X22III: 2759,1VRA170VLM1002759
279667,D20X22III: 2760,1VRA170VVM1002760
279668,D20X22III: 2761,1VRA170VAM1002761
279669,D20X22III: 2762,1VRA170VLM1002762
279670,D20X22III: 2763,1VRA170VHM1002763
279671,D20X22III: 2764,1VRA170VEM1002764
279672,D20X22III: 2765,1VRA170VCM1002765
279673,D20X22III: 2766,1VRA170VTM1002766
279674,D20X22III: 2767,1VRA170VPM1002767
279675,D20X22III: 2768,1VRA170VKM1002768
279676,D20X22III: 2769,1VRA170VJM1002769
279677,D20X22III: 2770,1VRA170VPM1002770
279678,D20X22III: 2771,1VRA170VKM1002771
279679,D20X22III: 2772,1VRA170VJM1002772
279680,D20X22III: 2773,1VRA170VCM1002773
279681,D20X22III: 2774,1VRA170VVM1002774
279682,D20X22III: 2775,1VRA170VAM1002775
279683,D20X22III: 2776,1VRA170VLM1002776
279684,D20X22III: 2777,1VRA170VHM1002777
279685,D20X22III: 2778,1VRA170VEM1002778
279686,D20X22III: 2779,1VRA170VCM1002779
279687,D20X22III: 2780,1VRA170VHM1002780
279688,D20X22III: 2781,1VRA170VEM1002781
279689,D23X30DRS3: 1032,1VRJ21039L1001032
279690,D23X30DRS3: 1033,1VRJ21030L1001033
279691,D23X30DRS3: 1034,1VRJ21032L1001034
279692,D23X30DRS3: 1035,1VRJ21034L1001035
279693,D23X30DRS3: 1036,1VRJ21036L1001036
279694,D23X30DRS3: 1037,1VRJ21038L1001037
279695,D23X30DRS3: 1038,1VRJ2103XL1001038
279696,D23X30DRS3: 1039,1VRJ21031L1001039
279697,D23X30DRS3: 1040,1VRJ21038L1001040
279698,D23X30DRS3: 1041,1VRJ2103XL1001041
279699,D23X30DRS3: 1042,1VRJ21031L1001042
279700,D23X30DRS3: 1043,1VRJ21033L1001043
279701,D23X30DRS3: 1044,1VRJ21035L1001044
279702,D23X30DRS3: 1045,1VRJ21037L1001045
279703,D23X30DRS3: 1046,1VRJ21039L1001046
279704,D23X30DRS3: 1047,1VRJ21030L1001047
279705,D23X30DRS3: 1048,1VRJ21032L1001048
279706,D23X30DRS3: 1049,1VRJ21034L1001049
279707,D23X30DRS3: 1050,1VRJ21030L1001050
279708,D23X30DRS3: 1051,1VRJ21032L1001051
279709,D23X30DRS3: 1052,1VRJ21034L1001052
279710,D23X30DRS3: 1053,1VRJ21036L1001053
279711,D23X30DRS3: 1054,1VRJ21038L1001054
279712,D23X30DRS3: 1055,1VRJ2103XL1001055
279713,D23X30DRS3: 1056,1VRJ21031L1001056
279714,D23X30DRS3: 1057,1VRJ21033L1001057
279715,D23X30DRS3: 1058,1VRJ2103PL1001058
279716,D23X30DRS3: 1059,1VRJ2103KL1001059
279717,D23X30DRS3: 1060,1VRJ2103TL1001060
279718,D23X30DRS3: 1061,1VRJ2103PL1001061
279719,D23X30DRS3: 1062,1VRJ2103KL1001062
279720,D23X30DRS3: 1063,1VRJ2103KM1001063
279721,D23X30DRS3: 1064,1VRJ2103JM1001064
279722,D23X30DRS3: 1065,1VRJ2103CM1001065
279723,D23X30DRS3: 1066,1VRJ2103VM1001066
279724,D23X30DRS3: 1067,1VRJ2103AM1001067
279725,D23X30III: 2036,1VRN20072L1002036
279726,D23X30III: 2085,1VRN20074L1002085
279727,D23X30III: 2086,1VRN20076L1002086
279728,D23X30III: 2087,1VRN20078L1002087
279729,D23X30III: 2088,1VRN2007XL1002088
279730,D23X30III: 2089,1VRN20071L1002089
279731,D23X30III: 2090,1VRN20078L1002090
279732,D23X30III: 2091,1VRN2007XL1002091
279733,D23X30III: 2092,1VRN20071L1002092
279734,D23X30III: 2093,1VRN20073L1002093
279735,D23X30III: 2094,1VRN20075L1002094
279736,D23X30III: 2095,1VRN20077L1002095
279737,D23X30III: 2096,1VRN20079L1002096
279738,D23X30III: 2097,1VRN20070L1002097
279739,D23X30III: 2098,1VRN20072L1002098
279740,D23X30III: 2099,1VRN20074L1002099
279741,D23X30III: 2100,1VRN20077L1002100
279742,D23X30III: 2101,1VRN20079L1002101
279743,D23X30III: 2102,1VRN20070L1002102
279744,D23X30III: 2103,1VRN20072L1002103
279745,D23X30III: 2104,1VRN20074L1002104
279746,D23X30III: 2105,1VRN20076L1002105
279747,D23X30III: 2106,1VRN20078L1002106
279748,D23X30III: 2107,1VRN2007XL1002107
279749,D23X30III: 2108,1VRN20071L1002108
279750,D23X30 S3 SN002109,1VRN20073L1002109BAD
279751,D23X30III: 2110,1VRN2007XL1002110
279752,D23X30III: 2111,1VRN20071L1002111
279753,D23X30III: 2113,1VRN20075L1002113
279754,D23X30III: 2114,1VRN20077L1002114
279755,D23X30III: 2115,1VRN20079L1002115
279756,D23X30III: 2116,1VRN20070L1002116
279757,D23X30III: 2117,1VRN20072L1002117
279758,D23X30III: 2118,1VRN20074L1002118
279759,D23X30III: 2119,1VRN20076L1002119
279760,D23X30III: 2120,1VRN20072L1002120
279761,D23X30III: 2121,1VRN20074L1002121
279762,D23X30III: 2122,1VRN20076L1002122
279763,D23X30III: 2123,1VRN20078L1002123
279764,D23X30III: 2124,1VRN2007XL1002124
279765,D23X30III: 2125,1VRN20071L1002125
279766,D23X30III: 2126,1VRN20073L1002126
279767,D23X30III: 2127,1VRN20075L1002127
279768,D23X30III: 2128,1VRN20077L1002128
279769,D23X30III: 2129,1VRN20079L1002129
279770,D23X30III: 2130,1VRN20075L1002130
279771,D23X30III: 2131,1VRN20077L1002131
279772,D23X30III: 2132,1VRN20079L1002132
279773,D23X30III: 2133,1VRN20070L1002133
279774,D23X30III: 2134,1VRN20072L1002134
279775,D23X30III: 2135,1VRN20074L1002135
279776,D23X30III: 2136,1VRN20076L1002136
279777,D23X30III: 2137,1VRN20078L1002137
279778,D23X30III: 2138,1VRN2007XL1002138
279779,D23X30III: 2139,1VRN20071L1002139
279780,D23X30III: 2140,1VRN20078L1002140
279781,D23X30III: 2141,1VRN2007XL1002141
279782,D23X30III: 2142,1VRN20071L1002142
279783,D23X30III: 2143,1VRN20073L1002143
279784,D23X30III: 2144,1VRN20075L1002144
279785,D23X30III: 2145,1VRN20077L1002145
279786,D23X30III: 2146,1VRN20079L1002146
279787,D23X30III: 2147,1VRN20070L1002147
279788,D23X30III: 2148,1VRN20072L1002148
279789,D23X30III: 2149,1VRN20074L1002149
279790,D23X30III: 2150,1VRN20070L1002150
279791,D23X30III: 2151,1VRN20072L1002151
279792,D23X30III: 2152,1VRN20074L1002152
279793,D23X30III: 2153,1VRN20076L1002153
279794,D23X30III: 2154,1VRN20078L1002154
279795,D23X30III: 2155,1VRN2007XL1002155
279796,D23X30III: 2156,1VRN20071L1002156
279797,D23X30III: 2157,1VRN20073L1002157
279798,D23X30III: 2158,1VRN20075L1002158
279799,D23X30III: 2159,1VRN20077L1002159
279800,D23X30III: 2160,1VRN20073L1002160
279801,D23X30III: 2161,1VRN2007PL1002161
279802,D23X30III: 2162,1VRN2007KL1002162
279803,D23X30III: 2163,1VRN2007JL1002163
279804,Duplicate Machine,0505
279805,D23X30III: 2164,1VRN2007CL1002164
279806,D23X30III: 2165,1VRN2007VL1002165
279807,D23X30III: 2166,1VRN2007AL1002166
279808,D23X30III: 2167,1VRN2007LL1002167
279809,D23X30III: 2168,1VRN2007LM1002168
279810,D23X30III: 2170,1VRN2007AM1002170
279811,D23X30III: 2171,1VRN2007LM1002171
279812,D23X30III: 2172,1VRN2007HM1002172
279813,D23X30III: 2173,1VRN2007EM1002173
279814,D23X30 S3 SN002173,1VRN2007M1002173
279815,D23X30III: 2174,1VRN2007VM1002174
279816,D23X30III: 2175,1VRN2007AM1002175
279817,D23X30III: 2176,1VRN2007LM1002176
279818,D23X30III: 2177,1VRN2007HM1002177
279819,D23X30III: 2178,1VRN2007EM1002178
279820,D23X30III: 2179,1VRN2007CM1002179
279821,D23X30III: 2180,1VRN2007KM1002180
279822,D23X30III: 2181,1VRN2007JM1002181
279823,D23X30III: 2182,1VRN2007CM1002182
279824,D23X30III: 2183,1VRN2007VM1002183
279825,D23X30III: 2184,1VRN2007AM1002184
279826,D23X30III: 2185,1VRN2007LM1002185
279827,D23X30III: 2186,1VRN2007HM1002186
279828,D23X30III: 2187,1VRN2007EM1002187
279829,D23X30III: 2188,1VRN2007CM1002188
279830,D23X30III: 2189,1VRN2007TM1002189
279831,D23X30III: 2190,1VRN2007EM1002190
279832,D23X30III: 2191,1VRN2007CM1002191
279833,D23X30III: 2192,1VRN2007TM1002192
279834,D23X30III: 2193,1VRN2007PM1002193
279835,D23X30III: 2194,1VRN2007KM1002194
279836,D23X30III: 2195,1VRN2007JM1002195
279837,D23X30III: 2196,1VRN2007CM1002196
279838,D23X30III: 2197,1VRN2007VM1002197
279839,D23X30III: 2198,1VRN2007AM1002198
279840,D23X30III: 2199,1VRN2007LM1002199
279841,D23X30III: 2200,1VRN2007JM1002200
279842,D23X30III: 2201,1VRN2007CM1002201
279843,D23X30III: 2202,1VRN2007VM1002202
279844,D23X30III: 2203,1VRN2007AM1002203
279845,D23X30III: 2204,1VRN2007LM1002204
279846,D23X30III: 2205,1VRN2007HM1002205
279847,D23X30III: 2206,1VRN2007EM1002206
279848,D23X30III: 2207,1VRN2007CM1002207
279849,D23X30III: 2208,1VRN2007TM1002208
279850,D23X30III: 2209,1VRN2007PM1002209
279851,D23X30III: 2212,1VRN2007PM1002212
279852,D23X30III: 2213,1VRN2007KM1002213
279853,D23X30III: 2214,1VRN2007JM1002214
279854,D23X30III: 2215,1VRN2007CM1002215
279855,D23X30III: 2216,1VRN2007VM1002216
279856,D23X30III: 2217,1VRN2007AM1002217
279857,D23X30III: 2218,1VRN2007LM1002218
279858,D23X30III: 2219,1VRN2007HM1002219
279859,D23X30III: 2220,1VRN2007AM1002220
279860,D23X30III: 2221,1VRN2007LM1002221
279861,D23X30III: 2222,1VRN2007HM1002222
279862,D23X30III: 2223,1VRN2007EM1002223
279863,D23X30III: 2224,1VRN2007CM1002224
279864,D23X30III: 2225,1VRN2007TM1002225
279865,D23X30III: 2226,1VRN2007PM1002226
279866,D23X30III: 2227,1VRN2007KM1002227
279867,D23X30III: 2228,1VRN2007JM1002228
279868,D23X30III: 2229,1VRN2007CM1002229
279869,D23X30III: 2230,1VRN2007KM1002230
279870,D23X30III: 2231,1VRN2007JM1002231
279871,D23X30III: 2232,1VRN2007CM1002232
279872,D23X30III: 2233,1VRN2007VM1002233
279873,D23X30III: 2234,1VRN2007AM1002234
279874,D23X30III: 2235,1VRN2007LM1002235
279875,D23X30III: 2236,1VRN2007HM1002236
279876,D23X30III: 2237,1VRN2007EM1002237
279877,D24X40III: 2025,1VRX200FHL1002025
279878,D24X40III: 2092,1VRX200F1L1002092
279879,D24X40III: 2093,1VRX200F3L1002093
279880,D24X40III: 2096,1VRX200F9L1002096
279881,D24X40III: 2097,1VRX200F0L1002097
279882,D24X40III: 2098,1VRX200F2L1002098
279883,D24X40III: 2099,1VRX200F4L1002099
279884,D24X40III: 2100,1VRX200F7L1002100
279885,D24X40III: 2101,1VRX200F9L1002101
279886,D24X40III: 2102,1VRX200F0L1002102
279887,D24X40III: 2103,1VRX200F2L1002103
279888,D24X40III: 2104,1VRX200F4L1002104
279889,D24X40III: 2105,1VRX200F6L1002105
279890,D24X40III: 2106,1VRX200F8L1002106
279891,D24X40III: 2107,1VRX200FXL1002107
279892,D24X40III: 2109,1VRX200F3L1002109
279893,D24X40III: 2110,1VRX200FXL1002110
279894,D24X40III: 2111,1VRX200F1L1002111
279895,D24X40III: 2112,1VRX200F3L1002112
279896,D24X40III: 2113,1VRX200F5L1002113
279897,D24X40III: 2114,1VRX200F7L1002114
279898,D24X40III: 2115,1VRX200F9L1002115
279899,D24X40III: 2116,1VRX200F0L1002116
279900,D24X40III: 2117,1VRX200F2L1002117
279901,D24X40III: 2118,1VRX200F4L1002118
279902,D24X40III: 2119,1VRX200F6L1002119
279903,D24X40III: 2120,1VRX200F2L1002120
279904,D24X40III: 2121,1VRX200F4L1002121
279905,D24X40III: 2122,1VRX200F6L1002122
279906,D24X40III: 2123,1VRX200F8L1002123
279907,D24X40III: 2124,1VRX200FXL1002124
279908,D24X40III: 2125,1VRX200F1L1002125
279909,D24X40III: 2126,1VRX200F3L1002126
279910,D24X40III: 2127,1VRX200F5L1002127
279911,D24X40III: 2128,1VRX200F7L1002128
279912,D24X40III: 2129,1VRX200F9L1002129
279913,D24X40III: 2130,1VRX200F5L1002130
279914,D24X40III: 2131,1VRX200F7L1002131
279915,D24X40III: 2132,1VRX200F9L1002132
279916,D24X40III: 2133,1VRX200F0L1002133
279917,D24X40III: 2135,1VRX200F4L1002135
279918,D24X40III: 2136,1VRX200F6L1002136
279919,D24X40III: 2137,1VRX200F8L1002137
279920,D24X40III: 2138,1VRX200FXL1002138
279921,D24X40III: 2139,1VRX200F1L1002139
279922,D24X40III: 2140,1VRX200F8L1002140
279923,D24X40III: 2141,1VRX200FXL1002141
279924,D24X40III: 2142,1VRX200F1L1002142
279925,D24X40III: 2143,1VRX200F3L1002143
279926,D24X40III: 2144,1VRX200F5L1002144
279927,D24X40III: 2145,1VRX200F7L1002145
279928,D24X40III: 2146,1VRX200F9L1002146
279929,D24X40III: 2147,1VRX200F0L1002147
279930,D24X40III: 2148,1VRX200F2L1002148
279931,D24X40III: 2149,1VRX200F4L1002149
279932,D24X40III: 2150,1VRX200F0L1002150
279933,D24X40III: 2151,1VRX200F2L1002151
279934,D24X40III: 2152,1VRX200F4L1002152
279935,D24X40III: 2153,1VRX200F6L1002153
279936,D24X40III: 2154,1VRX200F8L1002154
279937,D24X40III: 2155,1VRX200FXL1002155
279938,D24X40III: 2156,1VRX200F1L1002156
279939,D24X40III: 2157,1VRX200F3L1002157
279940,D24X40III: 2158,1VRX200F5L1002158
279941,D24X40III: 2159,1VRX200F7L1002159
279942,D24X40III: 2160,1VRX200F3L1002160
279943,D24X40III: 2161,1VRX200F5L1002161
279944,D24X40III: 2162,1VRX200F7L1002162
279945,D24X40III: 2163,1VRX200F9L1002163
279946,D24X40III: 2164,1VRX200F0L1002164
279947,D24X40III: 2165,1VRX200F2L1002165
279948,D24X40III: 2166,1VRX200F4L1002166
279949,D24X40III: 2167,1VRX200F6L1002167
279950,D24X40III: 2168,1VRX200F8L1002168
279951,D24X40III: 2169,1VRX200FXL1002169
279952,D24X40III: 2170,1VRX200F6L1002170
279953,D24X40III: 2171,1VRX200F8L1002171
279954,D24X40III: 2172,1VRX200FXL1002172
279955,D24X40III: 2173,1VRX200F1L1002173
279956,D24X40III: 2174,1VRX200F3L1002174
279957,D24X40III: 2175,1VRX200F5L1002175
279958,D24X40III: 2176,1VRX200F7L1002176
279959,D24X40III: 2177,1VRX200F9L1002177
279960,D24X40III: 2178,1VRX200F0L1002178
279961,D24X40III: 2179,1VRX200F2L1002179
279962,D24X40III: 2180,1VRX200F9L1002180
279963,D24X40III: 2181,1VRX200F0L1002181
279964,D24X40III: 2182,1VRX200F2L1002182
279965,D24X40III: 2183,1VRX200F4L1002183
279966,D24X40III: 2184,1VRX200F6L1002184
279967,D24X40III: 2185,1VRX200F8L1002185
279968,D24X40III: 2186,1VRX200FXL1002186
279969,D24X40III: 2187,1VRX200F1L1002187
279970,D24X40III: 2188,1VRX200F3L1002188
279971,D24X40III: 2189,1VRX200F5L1002189
279972,D24X40III: 2190,1VRX200F1L1002190
279973,D24X40III: 2191,1VRX200F3L1002191
279974,D24X40III: 2192,1VRX200F5L1002192
279975,D24X40III: 2193,1VRX200F7L1002193
279976,D24X40III: 2194,1VRX200F9L1002194
279977,D24X40III: 2196,1VRX200F2L1002196
279978,D24X40III: 2197,1VRX200F4L1002197
279979,D24X40III: 2198,1VRX200F6L1002198
279980,D24X40III: 2200,1VRX200F0L1002200
279981,D24X40III: 2201,1VRX200F2L1002201
279982,D24X40III: 2202,1VRX200F4L1002202
279983,D24X40III: 2203,1VRX200F6L1002203
279984,D24X40III: 2204,1VRX200F8L1002204
279985,D24X40III: 2205,1VRX200FXL1002205
279986,D24X40III: 2206,1VRX200F1L1002206
279987,D24X40III: 2207,1VRX200F3L1002207
279988,D24X40III: 2208,1VRX200F5L1002208
279989,D24X40III: 2209,1VRX200F7L1002209
279990,D24X40III: 2210,1VRX200F3L1002210
279991,D24X40III: 2211,1VRX200F5L1002211
279992,D24X40III: 2212,1VRX200F7L1002212
279993,D24X40III: 2214,1VRX200F0L1002214
279994,D24X40III: 2215,1VRX200F2L1002215
279995,D24X40III: 2216,1VRX200F4L1002216
279996,D24X40III: 2217,1VRX200F6L1002217
279997,D24X40III: 2218,1VRX200F8L1002218
279998,D24X40III: 2219,1VRX200FEL1002219
279999,D24X40III: 2220,1VRX200FLL1002220
280000,D24X40III: 2221,1VRX200FHL1002221
280001,D24X40III: 2222,1VRX200FEL1002222
280002,D24X40III: 2223,1VRX200FCL1002223
280003,D24X40III: 2224,1VRX200FTL1002224
280004,D24X40III: 2225,1VRX200FPL1002225
280005,D24X40III: 2226,1VRX200FKL1002226
280006,D24X40III: 2227,1VRX200FJL1002227
280007,D24X40III: 2229,1VRX200FVL1002229
280008,D24X40III: 2231,1VRX200FCL1002231
280009,D24X40III: 2232,1VRX200FVL1002232
280010,D24X40III: 2233,1VRX200FAL1002233
280011,D24X40III: 2234,1VRX200FLL1002234
280012,D24X40III: 2235,1VRX200FHL1002235
280013,D24X40III: 2236,1VRX200FEL1002236
280014,D24X40III: 2237,1VRX200FCL1002237
280015,D24X40III: 2239,1VRX200FTM1002239
280016,D24X40III: 2240,1VRX200FEM1002240
280017,D24X40III: 2242,1VRX200FTM1002242
280018,D24X40III: 2243,1VRX200FPM1002243
280019,D24X40III: 2244,1VRX200FKM1002244
280020,D24X40III: 2245,1VRX200FJM1002245
280021,D24X40III: 2246,1VRX200FCM1002246
280022,D24X40III: 2247,1VRX200FVM1002247
280023,D24X40III: 2248,1VRX200FPM1002248
280024,D24X40III: 2249,1VRX200FKM1002249
280025,D24X40III: 2250,1VRX200FTM1002250
280026,D24X40III: 2251,1VRX200FPM1002251
280027,D24X40III: 2252,1VRX200FKM1002252
280028,D24X40III: 2253,1VRX200FHM1002253
280029,D24X40III: 2254,1VRX200FEM1002254
280030,D24X40III: 2255,1VRX200FCM1002255
280031,D24X40III: 2256,1VRX200FTM1002256
280032,D24X40III: 2257,1VRX200FPM1002257
280033,D24X40III: 2258,1VRX200FKM1002258
280034,D24X40III: 2259,1VRX200FJM1002259
280035,D24X40III: 2260,1VRX200FPM1002260
280036,D24X40III: 2261,1VRX200FKM1002261
280037,D24X40III: 2262,1VRX200FJM1002262
280038,D24X40III: 2264,1VRX200FVM1002264
280039,D24X40III: 2266,1VRX200FLM1002266
280040,D24X40III: 2267,1VRX200FHM1002267
280041,D24X40III: 2268,1VRX200FEM1002268
280042,D24X40III: 2269,1VRX200FCM1002269
280043,D24X40III: 2270,1VRX200FHM1002270
280044,D24X40III: 2272,1VRX200FCM1002272
280045,D24X40III: 2273,1VRX200FTM1002273
280046,D24X40III: 2274,1VRX200FPM1002274
280047,D24X40III: 2275,1VRX200FKM1002275
280048,D24X40III: 2276,1VRX200FJM1002276
280049,D24X40III: 2277,1VRX200FCM1002277
280050,D24X40III: 2279,1VRX200FAM1002279
280051,D24X40III: 2281,1VRX200FVM1002281
280052,D24X40III: 2283,1VRX200FLM1002283
280053,D24X40III: 2284,1VRX200FHM1002284
280054,D24X40III: 2285,1VRX200FEM1002285
280055,D24X40III: 2287,1VRX200FTM1002287
280056,D24X40III: 2288,1VRX200FPM1002288
280057,D24X40III: 2289,1VRX200FKM1002289
280058,D24X40III: 2290,1VRX200FTM1002290
280059,D24X40III: 2291,1VRX200FPM1002291
280060,D24X40III: 2292,1VRX200FKM1002292
280061,D24X40III: 2293,1VRX200FJM1002293
280062,D24X40III: 2294,1VRX200FCM1002294
280063,D24X40III: 2295,1VRX200FVM1002295
280064,D24X40III: 2296,1VRX200FAM1002296
280065,D24X40III: 2297,1VRX200FLM1002297
280066,D24X40III: 2298,1VRX200FHM1002298
280067,D24X40III: 2299,1VRX200FEM1002299
280068,D24X40III: 2301,1VRX200FAM1002301
280069,D24X40III: 2305,1VRX200FCM1002305
280070,D24X40III: 2306,1VRX200FTM1002306
280071,D24X40III: 2308,1VRX200FKM1002308
280072,D24X40III: 2309,1VRX200FJM1002309
280073,D24X40III: 2310,1VRX200FPM1002310
280074,D24X40III: 2311,1VRX200FKM1002311
280075,D24X40III: 2312,1VRX200FJM1002312
280076,D24X40III: 2313,1VRX200FCM1002313
280077,D24X40III: 2314,1VRX200FVM1002314
280078,D24X40III: 2318,1VRX200FEM1002318
280079,D24X40III: 2319,1VRX200FCM1002319
280080,D24X40III: 2320,1VRX200FHM1002320
280081,D24X40III: 2321,1VRX200FEM1002321
280082,D24X40III: 2322,1VRX200FCM1002322
280083,D24X40III: 2323,1VRX200FTM1002323
280084,D24X40III: 2325,1VRX200FKM1002325
280085,D24X40III: 2326,1VRX200FJM1002326
280086,D24X40III: 2327,1VRX200FCM1002327
280087,D40X55DRS3: 1015,1VR3240M5L1001015
280088,D40X55III: 1541,1VRY240G4L1001541
280089,D40X55III: 1542,1VRY240G6L1001542
280090,D40X55III: 1543,1VRY200G7L1001543
280091,D40X55III: 1544,1VRY200G9L1001544
280092,D40X55III: 1545,1VRY240G1L1001545
280093,D40X55III: 1546,1VRY200G2L1001546
280094,D40X55III: 1547,1VRY240G5L1001547
280095,D40X55III: 1548,1VRY200G6L1001548
280096,D40X55III: 1550,1VRY240G5L1001550
280097,D40X55III: 1551,1VRY200G6L1001551
280098,D40X55III: 1552,1VRY240G9L1001552
280099,D40X55III: 1553,1VRY200GXL1001553
280100,D40X55III: 1554,1VRY240G2L1001554
280101,D40X55III: 1555,1VRY200G3L1001555
280103,D40X55III: 1557,1VRY200G7L1001557
280104,D40X55III: 1558,1VRY200G9L1001558
280105,D40X55III: 1560,1VRY200G7L1001560
280106,D40X55III: 1561,1VRY200G9L1001561
280107,D40X55III: 1562,1VRY200G0L1001562
280108,D40X55III: 1563,1VRY200G2L1001563
280109,D40X55III: 1564,1VRY240G5L1001564
280110,D40X55III: 1565,1VRY240G7L1001565
280111,D40X55III: 1566,1VRY200G8L1001566
280112,D40X55III: 1567,1VRY200GXL1001567
280113,D40X55III: 1568,1VRY240G2L1001568
280114,D40X55III: 1569,1VRY240G4L1001569
280115,D40X55III: 1570,1VRY200GXL1001570
280116,D40X55III: 1571,1VRY240G2L1001571
280117,D40X55III: 1572,1VRY240G4L1001572
280118,D40X55III: 1573,1VRY200G5L1001573
280119,D40X55III: 1574,1VRY200G7L1001574
280120,D40X55III: 1575,1VRY200G9L1001575
280121,D40X55III: 1576,1VRY200G0L1001576
280122,D40X55III: 1577,1VRY200G2L1001577
280123,D40X55III: 1578,1VRY240G5L1001578
280124,D40X55III: 1579,1VRY240G7L1001579
280125,D40X55III: 1580,1VRY240G3L1001580
280126,D40X55III: 1581,1VRY240G5L1001581
280127,D40X55III: 1582,1VRY200G6L1001582
280128,D40X55III: 1583,1VRY200G8L1001583
280129,D40X55III: 1584,1VRY200GXL1001584
280130,D40X55III: 1585,1VRY240G2L1001585
280131,D40X55III: 1586,1VRY240G4L1001586
280132,D40X55III: 1588,1VRY240G8L1001588
280133,D40X55III: 1589,1VRY240GXL1001589
280134,D40X55III: 1590,1VRY200G5L1001590
280135,D40X55III: 1591,1VRY240G8L1001591
280136,D40X55III: 1593,1VRY200GCL1001593
280137,D40X55III: 1594,1VRY200GVL1001594
280139,D40X55III: 1596,1VRY240GKL1001596
280140,D40X55III: 1597,1VRY200GHL1001597
280141,D40X55III: 1598,1VRY240GJM1001598
280142,D40X55III: 1599,1VRY240GCM1001599
280143,D40X55III: 1600,1VRY240GTM1001600
280144,D40X55III: 1601,1VRY240GPM1001601
280145,D40X55III: 1603,1VRY240GJM1001603
280146,D40X55III: 1605,1VRY240GVM1001605
280147,D40X55III: 1607,1VRY240GLM1001607
280148,D40X55III: 1609,1VRY240GEM1001609
280149,D40X55III: 1610,1VRY240GLM1001610
280150,D40X55III: 1611,1VRY240GHM1001611
280151,D40X55III: 1612,1VRY240GEM1001612
280152,D40X55III: 1614,1VRY200GVM1001614
280153,D40X55III: 1615,1VRY240GPM1001615
280154,D40X55III: 1616,1VRY240GKM1001616
280155,D40X55III: 1617,1VRY240GJM1001617
280156,D40X55III: 1618,1VRY240GCM1001618
280157,D40X55III: 1619,1VRY240GVM1001619
280158,D40X55III: 1620,1VRY200GHM1001620
280159,D40X55III: 1621,1VRY240GCM1001621
280160,D40X55III: 1622,1VRY200GCM1001622
280161,D40X55III: 1623,1VRY200GTM1001623
280162,D40X55III: 1624,1VRY200GPM1001624
280163,D40X55III: 1625,1VRY240GHM1001625
280164,D60X90S3: 1009,1VRJ29035L1001009
280165,D60X90S3: 1010,1VRJ2903EM1001010
280166,D60X90S3: 1011,1VRJ2903CM1001011
280167,D8X12: 1014,1VR7130S7L1001014
280168,D8X12: 1016,1VR7130S0L1001016
280169,D8X12: 1017,1VR7130S2L1001017
280170,D8X12: 1018,1VR7130S4L1001018
280171,D8X12: 1019,1VR7130S6L1001019
280172,D8X12: 1020,1VR7130S2L1001020
280173,D8X12: 1021,1VR7130S4L1001021
280174,D8X12: 1022,1VR7130S6L1001022
280175,D8X12: 1023,1VR7130S8L1001023
280176,D8X12: 1024,1VR7130SXL1001024
280177,D8X12: 1025,1VR7130S1L1001025
280178,D8X12: 1026,1VR7130S3L1001026
280179,D8X12: 1027,1VR7130S5L1001027
280180,D8X12: 1028,1VR7130S7L1001028
280181,D8X12: 1029,1VR7130SJL1001029
280182,D8X12: 1030,1VR7130SPL1001030
280183,D8X12: 1031,1VR7130SPM1001031
280184,D8X12: 1032,1VR7130SKM1001032
280185,D8X12: 1033,1VR7130SJM1001033
280186,D8X12: 1034,1VR7130SCM1001034
280187,D8X12: 1035,1VR7130SVM1001035
280188,D8X12: 1036,1VR7130SAM1001036
280189,D8X12: 1037,1VR7130SLM1001037
280190,D8X12: 1038,1VR7130SHM1001038
280191,D8X12: 1039,1VR7130SEM1001039
280192,D8X12: 1040,1VR7130SLM1001040
280193,D8X12: 1041,1VR7130SHM1001041
280194,D8X12: 1042,1VR7130SEM1001042
280195,D8X12: 1044,1VR7130STM1001044
280196,D8X12: 1045,1VR7130SPM1001045
280197,D8X12: 1046,1VR7130SKM1001046
280198,D8X12: 1047,1VR7130SJM1001047
280199,D8X12: 1051,1VR7130SCM1001051
280200,BC1800XL: 10172,1VRY151Z8M1010172
280201,BC1000XL: 34818,1VRY11196M1034818
280202,CTX100: 3413,1VRZ080HCM1003413
280206,S925TX: 4516,1VRL0705KM1004516
280207,D23X30III: 2335,1VRN2007EM1002335
280209,BC1000XL: 34819,1VRY11198M1034819
280211,CTX100: 3414,1VRZ080HVM1003414
280212,D20X22III: 2837,1VRA170VCM1002837
280215,SC362: 4348,1VRF112YTM1004348
280216,SC362: 4349,1VRF112YPM1004349
280218,SC362: 4350,1VRF112YCM1004350
280219,BC900XL: 3603,1VR712167M1003603
280220,SC362: 4351,1VRF112YTM1004351
280227,BC1500: 12288,1VR2181V9M1012288
280229,SC30TX: 4198,1VRC070NHM1004198
280231,BC1000XL: 34820,1VRY11194M1034820
280235,SC70TX: 1575,1VRK1203PM1001575
280237,BC700XL: 4461,1VRC101V4M1004461
280239,RTX200: 1537,1VR6071RVM1001537
280242,S925TX: 4517,1VRL0705JM1004517
280243,BC1000XL: 34821,1VRY11196M1034821
280244,D20X22III: 2838,1VRA170VVM1002838
280245,D40X55III: 1664,1VRY200GLM1001664
280246,BC1000XL: 34822,1VRY11198M1034822
280247,BC1800XL: 10174,1VRY151Z1M1010174
280248,BC1500: 12289,1VR2181V0M1012289
280249,RTX250: 2606,1VRD070DAM1002606
280250,D8X12: 177,1VR7130S1J1000177
280252,SPX25: 1535,1VR9070UPM1001535
280253,S925TX: 4518,1VRL0705CM1004518
280257,BC1000XL: 34823,1VRY1119XM1034823
280260,RTX250: 2612,1VRD070DEM1002612
280261,CTX160: 616,1VR3080MLM1000616
280269,BC1000XL: 34824,1VRY11191M1034824
280270,PD10: 3094,1VRB100ZJM1003094
280271,D20X22III: 2839,1VRA170VAM1002839
280272,BC1000XL: 34825,1VRY11193M1034825
280273,S925TX: 4519,1VRL0705VM1004519
280274,SC552: 1076,1VR9132ULM1001076
280275,BC1500: 12290,1VR2181V7M1012290
280276,D23X30DRS3: 153,1VRJ21035L1000153
280277,D40X55III: 500,1VRY240G9K1000500
280278,BC1000XL: 34826,1VRY11195M1034826
280281,S925TX: 4520,1VRL0705JM1004520
280282,D23X30III: 2336,1VRN2007CM1002336
280283,SC70TX: 1576,1VRK1203KM1001576
280284,BC700XL: 4462,1VRC101V6M1004462
280285,BC1800XL: 10175,1VRY151Z3M1010175
280287,BC1000XL: 34827,1VRY11197M1034827
280288,SC362: 4352,1VRF112YPM1004352
280289,CTX100: 3415,1VRZ080HAM1003415
280290,SC362: 4353,1VRF112YKM1004353
280291,D20X22III: 2840,1VRA170VCM1002840
280293,SC362: 4354,1VRF112YJM1004354
280295,S925TX: 4521,1VRL0705CM1004521
280296,SC362: 4355,1VRF112YCM1004355
280298,BC900XL: 3604,1VR712169M1003604
280299,SC30TX: 4201,1VRC070NAM1004201
280301,D24X40III: 2440,1VRX200FKM1002440
280302,CTX160: 617,1VR3080MHM1000617
280303,BC1500: 12291,1VR2181V9M1012291
280304,BC1000XL: 34828,1VRY11199M1034828
280305,PTX44: 1567,1VR8072SHM1001567
280308,S925TX: 4522,1VRL0705VM1004522
280310,SPX25: 1536,1VR9070UKM1001536
280311,SC30TX: 4200,1VRC070NVM1004200
280312,D20X22III: 2841,1VRA170VVM1002841
280313,BC1800XL: 10176,1VRY151Z5M1010176
280314,D23X30III: 2337,1VRN2007TM1002337
280315,BC1000XL: 34829,1VRY11190M1034829
280316,BC700XL: 4463,1VRC101V8M1004463
280317,S925TX: 4523,1VRL0705AM1004523
280318,SC70TX: 1577,1VRK1203JM1001577
280324,SC382: 1254,1VRU112BHM1001254
280325,SC382: 1255,1VRU112BEM1001255
280326,SC382: 1256,1VRU112BCM1001256
280327,SC382: 1257,1VRU112BTM1001257
280328,RTX1250I2: 449,1VRR1329JM1000449
280329,RTX1250I2: 450,1VRR1329PM1000450
280330,RTX1250I2: 451,1VRR1329KM1000451
280331,RTX1250I2: 453,1VRR1329CM1000453
280332,RTX1250I2: 454,1VRR1329VM1000454
280333,RTX1250I2: 457,1VRR1329HM1000457
280334,RTX1250I2: 458,1VRR1329EM1000458
280335,CTX100: 3416,1VRZ080HLM1003416
280343,BC1000XL: 34831,1VRY11199M1034831
280347,S925TX: 4524,1VRL0705LM1004524
280348,D24X40III: 2441,1VRX200FJM1002441
280349,CTX100: 3405,1VRZ080HCM1003405
280350,SC30TX: 4202,1VRC070NLM1004202
280351,D23X30III: 2338,1VRN2007PM1002338
280352,SC30TX: 4203,1VRC070NHM1004203
280353,PTX40: 1039,1VR8072TAM1001039
280354,SC30TX: 4199,1VRC070NEM1004199
280355,D40X55III: 1665,1VRY240GJM1001665
280356,SC30TX: 4204,1VRC070NEM1004204
280357,CTX160: 615,1VR3080MAM1000615
280358,BC700XL: 4464,1VRC101VXM1004464
280359,CTX160: 618,1VR3080MEM1000618
280360,SC802: 4014,1VR2151J4M1004014
280361,BC1000XL: 34832,1VRY11190M1034832
280362,SC362: 4356,1VRF112YVM1004356
280363,SC362: 4357,1VRF112YAM1004357
280364,BC1000XL: 34833,1VRY11192M1034833
280365,SC362: 4358,1VRF112YLM1004358
280366,SC362: 4359,1VRF112YHM1004359
280368,S925TX: 4525,1VRL0705HM1004525
280369,BC700XL: 4465,1VRC101V1M1004465
280370,PD10R: 1073,1VRR1008PM1001073
280373,PD10: 3095,1VRB100ZCM1003095
280374,BC1000XL: 34834,1VRY11194M1034834
280377,truck-8395 KY Marvin,1fdox5htxjec38395
280378,S925TX: 4526,1VRL0705EM1004526
280379,BC1000XL: 34835,1VRY11196M1034835
280381,BC1500: 12293,1VR2181V2M1012293
280382,SC30TX: 4205,1VRC070NCM1004205
280383,D20X22III: 2842,1VRA170VAM1002842
280384,BC900XL: 3605,1VR712160M1003605
280385,S925TX: 4527,1VRL0705CM1004527
280387,CTX100: 3417,1VRZ080HHM1003417
280388,BC1800XL: 10178,1VRY151Z9M1010178
280389,CTX160: 619,1VR3080MCM1000619
280390,BC1000XL: 34836,1VRY11198M1034836
280394,SC30TX: 4206,1VRC070NTM1004206
280396,D23X30III: 2340,1VRN2007TM1002340
280398,D20X22III: 2843,1VRA170VLM1002843
280399,SC852: 2046,1VR7122LCM1002046
280401,BC1000XL: 34837,1VRY1119XM1034837
280403,BC1000XL: 34838,1VRY11191M1034838
280404,SC30TX: 4207,1VRC070NPM1004207
280405,S925TX: 4528,1VRL0705TM1004528
280406,PTX40: 1040,1VR8072TCM1001040
280407,BC1500: 12294,1VR2181V4M1012294
280409,BC700XL: 4466,1VRC101V3M1004466
280410,BC1000XL: 34839,1VRY11193M1034839
280414,D23X30III: 204,1VRN20071G1000204
280415,CTX100: 3418,1VRZ080HEM1003418
280417,S925TX: 4529,1VRL0705PM1004529
280418,BC1800XL: 10179,1VRY151Z0M1010179
280430,D24X40III: 2442,1VRX200FCM1002442
280431,SC70TX: 1578,1VRK1203CM1001578
280432,BC1000XL: 34840,1VRY1119XM1034840
280435,BC1500: 12295,1VR2181V6M1012295
280437,BC1000XL: 34841,1VRY11191M1034841
280438,S925TX: 4530,1VRL0705CM1004530
280439,T1255III: 632,1VR23006KM1000632
280441,CC155: 1038,1VR2152ECM1001038
280442,T555III: 1522,1VR2150WCM1001522
280443,D8X12: 1064,1VR7130SJM1001064
280444,RTX250: 2613,1VRD070DCM1002613
280445,BC1000XL: 34842,1VRY11193M1034842
280446,PD10R: 1074,1VRR1008KM1001074
280447,D23X30III: 2339,1VRN2007KM1002339
280448,PTX40: 1041,1VR8072TVM1001041
280449,D100X140S3: 303,1VRB360WLM1000303
280452,SC30TX: 4208,1VRC070NKM1004208
280453,CTX100: 3419,1VRZ080HCM1003419
280458,BC1000XL: 34843,1VRY11195M1034843
280460,D23X30III: 2341,1VRN2007PM1002341
280461,BC900XL: 3606,1VR712162M1003606
280462,S925TX: 4532,1VRL0705PM1004532
280463,SC70TX: 1579,1VRK1203VM1001579
280464,D10X15III: 2403,1VRA130VEM1002403
280465,SC30TX: 4209,1VRC070NJM1004209
280468,S925TX: 4531,1VRL0705TM1004531
280469,BC1000XL: 34844,1VRY11197M1034844
280470,CTX160: 621,1VR3080MEM1000621
280471,BC1500: 12296,1VR2181V8M1012296
280477,SC292: 2065,1VRF102YCM1002065
280479,SC292: 2066,1VRF102YVM1002066
280480,SC292: 2067,1VRF102YAM1002067
280481,CTX160: 620,1VR3080MHM1000620
280482,SC292: 2068,1VRF102YLM1002068
280484,SC30TX: 4210,1VRC070NPM1004210
280486,D24X40III: 2443,1VRX200FVM1002443
280488,BC1000XL: 34845,1VRY11199M1034845
280490,D10X15III: 2404,1VRA130VCM1002404
280492,BC1000XL: 34846,1VRY11190M1034846
280494,S925TX: 4533,1VRL0705KM1004533
280495,PTX40: 1042,1VR8072TAM1001042
280496,BC1800XL: 10181,1VRY151Z9M1010181
280497,CTX100: 3420,1VRZ080HHM1003420
280498,RTX250: 2614,1VRD070DTM1002614
280499,BC1000XL: 34847,1VRY11192M1034847
280500,S925TX: 4534,1VRL0705JM1004534
280501,BC1500: 12297,1VR2181VXM1012297
280503,D40X55III: 1666,1VRY240GCM1001666
280504,CTX160: 622,1VR3080MCM1000622
280505,S925TX: 4535,1VRL0705CM1004535
280510,D40X55DRS3: 1037,1VR3240MVM1001037
280511,BC700XL: 4467,1VRC101V5M1004467
280513,SC292: 2069,1VRF102YHM1002069
280514,BC1000XL: 34848,1VRY11194M1034848
280515,RTX1250I2: 459,1VRR1329CM1000459
280516,SC362: 4361,1VRF112YLM1004361
280517,D10X15III: 2405,1VRA130VTM1002405
280518,SC362: 4360,1VRF112YAM1004360
280519,BC1000XL: 34849,1VRY11196M1034849
280520,BC1800XL: 10182,1VRY151Z0M1010182
280521,SC382: 1262,1VRU112BKM1001262
280523,PD10: 3096,1VRB100ZVM1003096
280524,SC30TX: 4211,1VRC070NKM1004211
280525,D100X140S3: 305,1VRB360WEM1000305
280526,D10X15III: 2406,1VRA130VPM1002406
280527,BC1000XL: 34850,1VRY11192M1034850
280532,BC1500: 12298,1VR2181V1M1012298
280536,BC900XL: 3607,1VR712164M1003607
280537,D23X30III: 2342,1VRN2007KM1002342
280539,SC30TX: 4212,1VRC070NJM1004212
280540,SC552: 1077,1VR9132UHM1001077
280543,D10X15III: 2407,1VRA130VKM1002407
280544,BC1000XL: 34851,1VRY11194M1034851
280546,truck-0236 KY Timmy,3frxx7fl7fv730236
280547,S925TX: 4536,1VRL0705VM1004536
280548,BC1000XL: 34852,1VRY11196M1034852
280549,BC1200XL: 6057,1VR7141Y3M1006057
280550,BC700XL: 4468,1VRC101V7M1004468
280551,BC1000XL: 34853,1VRY11198M1034853
280552,S925TX: 4537,1VRL0705AM1004537
280556,BC1500: 12299,1VR2181V3M1012299
280557,SC70TX: 1580,1VRK1203JM1001580
280558,S925TX: 4538,1VRL0705LM1004538
280559,BC1000XL: 34854,1VRY1119XM1034854
280566,BC1000XL: 34273,1VRY11191M1034273
280568,D24X40III: 2444,1VRX200FAM1002444
280569,BC1000XL: 34855,1VRY11191M1034855
280571,SPX25: 1539,1VR9070UVM1001539
280572,BC1800XL: 10183,1VRY151Z2M1010183
280573,S925TX: 4539,1VRL0705HM1004539
280574,BC1000XL: 34856,1VRY11193M1034856
280575,D10X15III: 2408,1VRA130VJM1002408
280576,CTX160: 623,1VR3080MTM1000623
280577,CTX160: 624,1VR3080MPM1000624
280578,SC382: 1263,1VRU112BJM1001263
280580,BC1500: 12300,1VR2181V6M1012300
280582,SC382: 1264,1VRU112BCM1001264
280583,BC1000XL: 34857,1VRY11195M1034857
280585,SC382: 1265,1VRU112BVM1001265
280586,PTX40: 1043,1VR8072TLM1001043
280587,D40X55III: 1667,1VRY240GVM1001667
280588,SC382: 1266,1VRU112BAM1001266
280589,BC700XL: 4470,1VRC101V5M1004470
280590,S925TX: 4542,1VRL0705HM1004542
280591,D20X22III: 2844,1VRA170VHM1002844
280592,CTX100: 3422,1VRZ080HCM1003422
280593,BC1000XL: 34858,1VRY11197M1034858
280595,CTX100: 3423,1VRZ080HTM1003423
280596,BC1800XL: 10184,1VRY151Z4M1010184
280597,BC900XL: 3608,1VR712166M1003608
280599,D24X40III: 2445,1VRX200FLM1002445
280602,TR626: 10003,1VR8552N3MF010003
280603,BC1000XL: 34859,1VRY11199M1034859
280605,BC1500: 12301,1VR2181V8M1012301
280606,SC802: 4015,1VR2151J6M1004015
280607,S925TX: 4543,1VRL0705EM1004543
280608,TR5300: 153,56SM39165MF000153
280609,D10X15III: 2409,1VRA130VCM1002409
280610,BC1000XL: 34860,1VRY11195M1034860
280611,D23X30III: 2343,1VRN2007JM1002343
280619,PTX42: 230,1VRK0724VM1000230
280621,S925TX: 4544,1VRL0705CM1004544
280622,BC1000XL: 34861,1VRY11197M1034861
280623,BC1800XL: 10185,1VRY151Z6M1010185
280625,CTX160: 626,1VR3080MJM1000626
280626,SC30TX: 4214,1VRC070NVM1004214
280627,BC1000XL: 34862,1VRY11199M1034862
280628,D24X40III: 2446,1VRX200FHM1002446
280629,S925TX: 4545,1VRL0705TM1004545
280630,SC382: 1267,1VRU112BLM1001267
280631,D10X15III: 2410,1VRA130VKM1002410
280632,BC1000XL: 34863,1VRY11190M1034863
280633,SC382: 1268,1VRU112BHM1001268
280634,SC382: 1269,1VRU112BEM1001269
280635,BC1500: 12302,1VR2181VXM1012302
280636,SC382: 1270,1VRU112BLM1001270
280637,RTX1250I2: 460,1VRR1329HM1000460
280640,PD10: 3097,1VRB100ZAM1003097
280641,BC1000XL: 34864,1VRY11192M1034864
280644,BC1000XL: 34830,1VRY11197M1034830
280647,CTX100: 3425,1VRZ080HKM1003425
280648,SPX25: 1537,1VR9070UJM1001537
280649,BC700XL: 4472,1VRC101V9M1004472
280650,BC1000XL: 34865,1VRY11194M1034865
280651,S925TX: 4546,1VRL0705PM1004546
280652,D20X22III: 2845,1VRA170VEM1002845
280653,D23X30III: 2344,1VRN2007CM1002344
280655,SC852: 2047,1VR7122LTM1002047
280660,BC1000XL: 34866,1VRY11196M1034866
280661,CTX100: 3424,1VRZ080HPM1003424
280663,S925TX: 4547,1VRL0705KM1004547
280664,BC1500: 12303,1VR2181V1M1012303
280665,BC1000XL: 34867,1VRY11198M1034867
280666,CTX160: 627,1VR3080MCM1000627
280667,BC1000XL: 34868,1VRY1119XM1034868
280668,BC700XL: 4473,1VRC101V0M1004473
280669,S925TX: 4548,1VRL0705JM1004548
280670,D10X15III: 2411,1VRA130VJM1002411
280671,BC1000XL: 34869,1VRY11191M1034869
280672,BC700XL: 4474,1VRC101V2M1004474
280673,CTX160: 628,1VR3080MVM1000628
280676,SC552: 1078,1VR9132UEM1001078
280677,SPX25: 1542,1VR9070UVM1001542
280678,BC1800XL: 10187,1VRY151ZXM1010187
280679,D24X40III: 2447,1VRX200FEM1002447
280681,SC382: 1271,1VRU112BHM1001271
280682,D10X15III: 2412,1VRA130VCM1002412
280683,SC382: 1272,1VRU112BEM1001272
280684,BC1000XL: 34871,1VRY1119XM1034871
280685,SC382: 1273,1VRU112BCM1001273
280686,S925TX: 4549,1VRL0705CM1004549
280688,SC382: 1274,1VRU112BTM1001274
280689,AX19: 1032,1VRL19256M1001032
280690,BC1500: 12304,1VR2181V3M1012304
280691,PTX44: 1568,1VR8072SEM1001568
280694,D24X40III: 2448,1VRX200FCM1002448
280695,SC70TX: 1581,1VRK1203CM1001581
280696,BC1000XL: 34872,1VRY11191M1034872
280697,S925TX: 4550,1VRL0705KM1004550
280706,SC30TX: 4216,1VRC070NLM1004216
280707,D10X15III: 2413,1VRA130VVM1002413
280708,RTX1250I2: 461,1VRR1329EM1000461
280709,S925TX: 4551,1VRL0705JM1004551
280710,SC30TX: 4218,1VRC070NEM1004218
280711,SC30TX: 4219,1VRC070NCM1004219
280712,D40X55III: 1668,1VRY240GAM1001668
280713,PTX44: 1569,1VR8072SCM1001569
280714,CTX100: 3421,1VRZ080HEM1003421
280715,CTX160: 629,1VR3080MAM1000629
280716,SC70TX: 1582,1VRK1203VM1001582
280717,RTX250: 2615,1VRD070DPM1002615
280718,D23X30III: 2345,1VRN2007VM1002345
280719,D20X22III: 2847,1VRA170VTM1002847
280720,CTX160: 630,1VR3080MCM1000630
280721,BC1000XL: 34873,1VRY11193M1034873
280722,S925TX: 4552,1VRL0705CM1004552
280724,BC700XL: 4476,1VRC101V6M1004476
280726,BC1000XL: 34874,1VRY11195M1034874
280727,D10X15III: 2414,1VRA130VAM1002414
280728,CTX100: 3427,1VRZ080HCM1003427
280729,D20X22III: 2846,1VRA170VCM1002846
280730,BC1800XL: 10188,1VRY151Z1M1010188
280731,D24X40III: 2450,1VRX200FEM1002450
280732,SC30TX: 4220,1VRC070NHM1004220
280733,S925TX: 4554,1VRL0705AM1004554
280734,BC1000XL: 34875,1VRY11197M1034875
280735,BC1500: 12305,1VR2181V5M1012305
280739,SC30TX: 4221,1VRC070NEM1004221
280740,BC900XL: 3609,1VR712168M1003609
280741,D10X15III: 2415,1VRA130VLM1002415
280742,S450TX: 2114,1VRD060BAM1002114
280743,SC802: 4016,1VR2151J8M1004016
280745,S925TX: 4555,1VRL0705LM1004555
280747,BC1000XL: 34876,1VRY11199M1034876
280748,SC30TX: 4222,1VRC070NCM1004222
280749,SC382: 1275,1VRU112BPM1001275
280750,SC382: 1276,1VRU112BKM1001276
280755,SC382: 1277,1VRU112BJM1001277
280759,SC382: 1278,1VRU112BCM1001278
280761,S925TX: 4553,1VRL0705VM1004553
280762,D23X30III: 2346,1VRN2007AM1002346
280763,BC1000XL: 34877,1VRY11190M1034877
280764,BC1000XL: 34878,1VRY11192M1034878
280765,SC30TX: 4223,1VRC070NTM1004223
280766,PTX44: 1570,1VR8072SHM1001570
280767,CTX100: 3428,1VRZ080HVM1003428
280768,S925TX: 4556,1VRL0705HM1004556
280769,BC1000XL: 34879,1VRY11194M1034879
280772,AX19: 1033,1VRL19258M1001033
280773,SC852: 2048,1VR7122LPM1002048
280774,BC700XL: 4477,1VRC101V8M1004477
280775,PD10: 3091,1VRB100ZTM1003091
280776,CTX160: 631,1VR3080MVM1000631
280777,S925TX: 4557,1VRL0705EM1004557
280780,D20X22III: 2848,1VRA170VPM1002848
280781,BC1000XL: 34880,1VRY11190M1034880
280784,CTX100: 3426,1VRZ080HJM1003426
280785,D40X55DRS3: 1038,1VR3240MAM1001038
280787,SC70TX: 1583,1VRK1203AM1001583
280788,BC1000XL: 34881,1VRY11192M1034881
280789,D24X40III: 2451,1VRX200FCM1002451
280791,CTX160: 633,1VR3080MLM1000633
280793,BC1000XL: 34882,1VRY11194M1034882
280794,D10X15III: 2416,1VRA130VHM1002416
280795,BC700XL: 4478,1VRC101VXM1004478
280796,BC1000XL: 34883,1VRY11196M1034883
280797,BC1500: 12308,1VR2181V0M1012308
280800,CTX160: 625,1VR3080MKM1000625
280801,BC900XL: 3610,1VR712164M1003610
280802,S925TX: 4559,1VRL0705TM1004559
280803,BC1800XL: 10192,1VRY151Z3M1010192
280804,SC30TX: 4224,1VRC070NPM1004224
280805,BC1000XL: 34884,1VRY11198M1034884
280806,CTX100: 3429,1VRZ080HAM1003429
280807,SC382: 1279,1VRU112BVM1001279
280808,SC382: 1280,1VRU112BJM1001280
280809,SC382: 1281,1VRU112BCM1001281
280810,BC1000XL: 34885,1VRY1119XM1034885
280813,CTX160: 634,1VR3080MHM1000634
280814,SC70TX: 1584,1VRK1203LM1001584
280815,BC1500: 12309,1VR2181V2M1012309
280816,BC1000XL: 34886,1VRY11191M1034886
280818,D10X15III: 2417,1VRA130VEM1002417
280819,SC30TX: 4226,1VRC070NJM1004226
280820,BC1000XL: 34887,1VRY11193M1034887
280821,D23X30III: 2349,1VRN2007EM1002349
280822,D24X40III: 2453,1VRX200FPM1002453
280823,CTX100: 3430,1VRZ080HCM1003430
280825,SC30TX: 4225,1VRC070NKM1004225
280826,CTX160: 635,1VR3080MEM1000635
280827,BC1000XL: 34888,1VRY11195M1034888
280828,BC1200XL: 6059,1VR7141Y7M1006059
280829,PTX44: 1571,1VR8072SEM1001571
280830,SC30TX: 4227,1VRC070NCM1004227
280831,D23X30III: 2347,1VRN2007LM1002347
280832,BC1500: 12310,1VR2181V9M1012310
280834,CTX160: 632,1VR3080MAM1000632
280836,BC1000XL: 34889,1VRY11197M1034889
280838,D8X12: 1065,1VR7130SCM1001065
280840,SPX25: 1543,1VR9070UAM1001543
280841,BC1800XL: 10193,1VRY151Z5M1010193
280842,CTX100: 3431,1VRZ080HVM1003431
280843,BC1000XL: 34890,1VRY11193M1034890
280844,S925TX: 4563,1VRL0705PM1004563
280848,D24X40III: 2454,1VRX200FKM1002454
280849,BC700XL: 4479,1VRC101V1M1004479
280850,S925TX: 4564,1VRL0705KM1004564
280851,BC900XL: 3611,1VR712166M1003611
280852,BC1500: 12311,1VR2181V0M1012311
280853,SC382: 1283,1VRU112BAM1001283
280855,CTX160: 636,1VR3080MCM1000636
280858,SC382: 1284,1VRU112BLM1001284
280859,BC1000XL: 34891,1VRY11195M1034891
280862,SC382: 1285,1VRU112BHM1001285
280863,D20X22III: 2849,1VRA170VKM1002849
280864,BC700XL: 4480,1VRC101V8M1004480
280865,SC382: 1286,1VRU112BEM1001286
280866,SC852: 2049,1VR7122LKM1002049
280867,BC1800XL: 10194,1VRY151Z7M1010194
280869,BC1000XL: 34892,1VRY11197M1034892
280870,S925TX: 4565,1VRL0705JM1004565
280871,PD10R: 1075,1VRR1008JM1001075
280872,RTX1250I2: 462,1VRR1329CM1000462
280873,RTX1250I2: 464,1VRR1329PM1000464
280874,D23X30III: 2348,1VRN2007HM1002348
280877,BC1000XL: 34894,1VRY11190M1034894
280880,SC30TX: 4228,1VRC070NVM1004228
280883,BC1000XL: 34895,1VRY11192M1034895
280884,CTX160: 637,1VR3080MTM1000637
280885,D24X40III: 2455,1VRX200FJM1002455
280887,S925TX: 4567,1VRL0705VM1004567
280888,D10X15III: 2418,1VRA130VCM1002418
280889,BC1000XL: 34896,1VRY11194M1034896
280890,BC1500: 12313,1VR2181V4M1012313
280891,PD10: 3098,1VRB100ZLM1003098
280892,SC802: 4017,1VR2151JXM1004017
280894,PTX40: 1044,1VR8072THM1001044
280895,PD10R: 1076,1VRR1008CM1001076
280896,BC1800XL: 10195,1VRY151Z9M1010195
280898,RTX250: 2616,1VRD070DKM1002616
280899,S925TX: 4566,1VRL0705CM1004566
280905,BC1000XL: 34897,1VRY11196M1034897
280906,SC30TX: 4229,1VRC070NAM1004229
280907,HG6800TX: 1018,1VRK4804VM1001018
280909,S925TX: 4568,1VRL0705AM1004568
280910,D24X40III: 2449,1VRX200FTM1002449
280911,D10X15III: 2419,1VRA130VTM1002419
280912,SC30TX: 4231,1VRC070NVM1004231
280913,SC70TX: 1585,1VRK1203HM1001585
280914,BC1000XL: 34898,1VRY11198M1034898
280915,BC1800XL: 10196,1VRY151Z0M1010196
280919,BC900XL: 3612,1VR712168M1003612
280922,BC1500: 12314,1VR2181V6M1012314
280924,CTX160: 638,1VR3080MPM1000638
280925,BC1000XL: 34899,1VRY1119XM1034899
280926,SPX25: 1546,1VR9070UEM1001546
280927,D24X40III: 2456,1VRX200FCM1002456
280928,BC700XL: 4481,1VRC101VXM1004481
280929,BC1000XL: 34900,1VRY11192M1034900
280930,S925TX: 4569,1VRL0705LM1004569
280931,BC1500: 12315,1VR2181V8M1012315
280935,BC1000XL: 34901,1VRY11194M1034901
280938,CTX100: 3433,1VRZ080HLM1003433
280939,BC700XL: 4482,1VRC101V1M1004482
280940,D40X55III: 1669,1VRY240GLM1001669
280941,S925TX: 4570,1VRL0705VM1004570
280943,BC1000XL: 34902,1VRY11196M1034902
280944,BC1000XL: 34903,1VRY11198M1034903
280945,RTX1250I2: 465,1VRR1329KM1000465
280948,D20X22III: 2850,1VRA170VTM1002850
280949,CTX160: 639,1VR3080MKM1000639
280950,PTX40: 1045,1VR8072TEM1001045
280951,BC1000XL: 34904,1VRY1119XM1034904
280954,S925TX: 4571,1VRL0705AM1004571
280958,SC70TX: 1586,1VRK1203EM1001586
280968,BC1000XL: 34905,1VRY11191M1034905
280970,D23X30III: 2350,1VRN2007LM1002350
280971,BC1500: 12316,1VR2181VXM1012316
280973,BC1000XL: 34906,1VRY11193M1034906
280974,D10X15III: 2420,1VRA130VEM1002420
280976,BC1000XL: 34907,1VRY11195M1034907
280977,SC852: 2050,1VR7122LTM1002050
280978,RTX200: 1541,1VR6071RAM1001541
280980,SC30TX: 4232,1VRC070NAM1004232
280981,BC1000XL: 34908,1VRY11197M1034908
280982,S925TX: 4573,1VRL0705HM1004573
280983,HG6000TX: 3005,1VR2390APM1003005
280984,CTX100: 3434,1VRZ080HHM1003434
280985,RTX1250I2: 466,1VRR1329JM1000466
280986,D24X40III: 2452,1VRX200FTM1002452
280987,CTX100: 3435,1VRZ080HEM1003435
280989,BC1000XL: 34909,1VRY11199M1034909
280991,S925TX: 4574,1VRL0705EM1004574
280992,S925TX: 4572,1VRL0705LM1004572
280993,BC1000XL: 34910,1VRY11195M1034910
280994,T1055III: 588,1VR2210TEM1000588
280995,BC1500: 12317,1VR2181V1M1012317
280996,T655III: 640,1VR7260GVL1000640
280999,BC1000XL: 34911,1VRY11197M1034911
281002,D10X15III: 2421,1VRA130VCM1002421
281003,SC292: 2070,1VRF102YAM1002070
281004,PTX40: 1046,1VR8072TCM1001046
281005,SC362: 4364,1VRF112YCM1004364
281006,PD10R: 1077,1VRR1008VM1001077
281007,BC1800XL: 10200,1VRY151Z9M1010200
281008,SC382: 1288,1VRU112BTM1001288
281009,BC700XL: 4483,1VRC101V3M1004483
281010,SC382: 1289,1VRU112BPM1001289
281011,D24X40III: 2457,1VRX200FVM1002457
281012,SC382: 1290,1VRU112BCM1001290
281013,BC1000XL: 34912,1VRY11199M1034912
281014,CTX160: 640,1VR3080MTM1000640
281015,BC1500: 12318,1VR2181V3M1012318
281016,S925TX: 4576,1VRL0705TM1004576
281017,S925TX: 4575,1VRL0705CM1004575
281018,S925TX: 4558,1VRL0705CM1004558
281019,BC700XL: 4484,1VRC101V5M1004484
281021,D40X55III: 1670,1VRY240GVM1001670
281022,D8X12: 1066,1VR7130SVM1001066
281023,SPX25: 1547,1VR9070UCM1001547
281024,D20X22III: 2851,1VRA170VPM1002851
281025,CTX100: 3436,1VRZ080HCM1003436
281026,CTX100: 3437,1VRZ080HTM1003437
281027,CTX160: 641,1VR3080MPM1000641
281028,SC802: 4018,1VR2151J1M1004018
281029,S925TX: 4578,1VRL0705KM1004578
281030,S450TX: 2115,1VRD060BLM1002115
281032,S925TX: 4579,1VRL0705JM1004579
281033,D40X55III: 1671,1VRY240GAM1001671
281034,S925TX: 4577,1VRL0705PM1004577
281035,SPX25: 1549,1VR9070UPM1001549
281036,CTX160: 643,1VR3080MJM1000643
281037,PTX42: 231,1VRK0724AM1000231
281039,D20X22III: 2852,1VRA170VKM1002852
281040,BC1000XL: 34913,1VRY11190M1034913
281041,S925TX: 4580,1VRL0705PM1004580
281042,CTX160: 642,1VR3080MKM1000642
281043,D10X15III: 2422,1VRA130VTM1002422
281044,BC1000XL: 34914,1VRY11192M1034914
281045,ATS Signal Test #1B - Pella (GPS-GSM),1VRxxxxxxxxxx3323
281046,RTX250: 2617,1VRD070DJM1002617
281047,ATS Signal Test #2B - Pella (GPS-GSM),1VRxxxxxxxxxx3273
281048,RTX1250I2: 467,1VRR1329CM1000467
281050,BC700XL: 4485,1VRC101V7M1004485
281053,CTX100: 3438,1VRZ080HPM1003438
281059,D23X30III: 2351,1VRN2007HM1002351
281060,D10X15III: 2423,1VRA130VPM1002423
281061,S925TX: 4581,1VRL0705KM1004581
281062,BC1000XL: 34915,1VRY11194M1034915
281063,SC382: 1291,1VRU112BTM1001291
281064,BC1500: 12319,1VR2181V5M1012319
281065,PD10: 3099,1VRB100ZHM1003099
281066,SC30TX: 4233,1VRC070NLM1004233
281067,SC70TX: 1587,1VRK1203CM1001587
281068,BC900XL: 3613,1VR71216XM1003613
281069,CTX100: 3432,1VRZ080HAM1003432
281070,BC700XL: 4486,1VRC101V9M1004486
281071,BC1000XL: 34916,1VRY11196M1034916
281072,D24X40III: 2458,1VRX200FAM1002458
281073,SC30TX: 4235,1VRC070NEM1004235
281076,S925TX: 4582,1VRL0705JM1004582
281078,BC1500: 12320,1VR2181V1M1012320
281080,BC1000XL: 34918,1VRY1119XM1034918
281081,D10X15III: 2424,1VRA130VKM1002424
281082,SC552: 1079,1VR9132UCM1001079
281083,CTX100: 3439,1VRZ080HKM1003439
281085,SC30TX: 4236,1VRC070NCM1004236
281086,BC1800XL: 10201,1VRY151Z0M1010201
281087,PTX44: 1572,1VR8072SCM1001572
281088,S925TX: 4583,1VRL0705CM1004583
281089,BC1000XL: 34919,1VRY11191M1034919
281090,BC700XL: 4487,1VRC101V0M1004487
281092,BC1000XL: 34920,1VRY11198M1034920
281093,D23X30III: 2352,1VRN2007EM1002352
281095,BC700XL: 4488,1VRC101V2M1004488
281096,D20X22III: 2853,1VRA170VJM1002853
281100,BC1000XL: 34922,1VRY11191M1034922
281101,CTX160: 645,1VR3080MVM1000645
281103,S925TX: 4584,1VRL0705VM1004584
281104,PD10: 3100,1VRB100ZCM1003100
281105,SC382: 1292,1VRU112BPM1001292
281106,TR626: 10004,1VR8552N5MF010004
281108,SC382: 1293,1VRU112BKM1001293
281109,SC382: 1294,1VRU112BJM1001294
281110,BC1800XL: 10204,1VRY151Z6M1010204
281111,SPX25: 1552,1VR9070UPM1001552
281112,D20X22III: 2854,1VRA170VCM1002854
281113,BC1000XL: 34923,1VRY11193M1034923
281116,AX19: 1034,1VRL1925XM1001034
281118,BC1200XL: 6060,1VR7141Y3M1006060
281119,D40X55III: 1672,1VRY240GLM1001672
281121,BC1500: 12321,1VR2181V3M1012321
281122,CTX160: 646,1VR3080MAM1000646
281123,BC1000XL: 34921,1VRY1119XM1034921
281128,S925TX: 4586,1VRL0705LM1004586
281129,D10X15III: 2425,1VRA130VJM1002425
281132,BC1800XL: 10205,1VRY151Z8M1010205
281133,BC1000XL: 34924,1VRY11195M1034924
281134,SC382: 1295,1VRU112BCM1001295
281136,PTX44: 1573,1VR8072STM1001573
281138,SC382: 1296,1VRU112BVM1001296
281139,SC382: 1297,1VRU112BAM1001297
281141,BC1500: 12322,1VR2181V5M1012322
281142,D23X30III: 2353,1VRN2007CM1002353
281143,SC70TX: 1588,1VRK1203TM1001588
281144,BC1000XL: 34925,1VRY11197M1034925
281145,CTX100: 3441,1VRZ080HPM1003441
281147,BC1000XL: 34926,1VRY11199M1034926
281148,BC1000XL: 34927,1VRY11190M1034927
281149,RTX250: 2619,1VRD070DVM1002619
281150,D8X12: 1067,1VR7130SAM1001067
281151,BC1800XL: 10206,1VRY151ZXM1010206
281152,BC1000XL: 34928,1VRY11192M1034928
281154,D24X40III: 2459,1VRX200FLM1002459
281155,SC30TX: 4237,1VRC070NTM1004237
281160,BC1000XL: 34929,1VRY11194M1034929
281161,SC852: 2051,1VR7122LPM1002051
281162,CTX100: 3443,1VRZ080HJM1003443
281163,CTX160: 649,1VR3080MEM1000649
281164,BC1000XL: 34930,1VRY11190M1034930
281165,SPX25: 1551,1VR9070UTM1001551
281166,HG6000: 3003,1VRY39314M1003003
281168,D10X15III: 2426,1VRA130VCM1002426
281169,BC1000XL: 34931,1VRY11192M1034931
281171,CTX100: 3444,1VRZ080HCM1003444
281177,SC30TX: 4238,1VRC070NPM1004238
281182,BC1800XL: 10207,1VRY151Z1M1010207
281183,CTX160: 650,1VR3080MLM1000650
281185,SC30TX: 4239,1VRC070NKM1004239
281186,BC900XL: 3615,1VR712163M1003615
281187,BC1500: 12325,1VR2181V0M1012325
281188,D23X30III: 2354,1VRN2007TM1002354
281189,BC1000XL: 34932,1VRY11194M1034932
281190,S925TX: 4540,1VRL0705AM1004540
281194,D20X22III: 2855,1VRA170VVM1002855
281195,S925TX: 4541,1VRL0705LM1004541
281196,BC1000XL: 34933,1VRY11196M1034933
281197,BC1800XL: 10208,1VRY151Z3M1010208
281198,HG6800TX: 1019,1VRK4804AM1001019
281199,D24X40III: 2460,1VRX200FVM1002460
281200,SC802: 4019,1VR2151J3M1004019
281201,S925TX: 4561,1VRL0705CM1004561
281202,RTX1250I2: 469,1VRR1329AM1000469
281204,SC382: 1298,1VRU112BLM1001298
281205,S925TX: 4562,1VRL0705TM1004562
281206,PTX44: 1574,1VR8072SPM1001574
281207,SC30TX: 4240,1VRC070NTM1004240
281208,BC1000XL: 34935,1VRY1119XM1034935
281209,SC382: 1299,1VRU112BHM1001299
281210,SC382: 1300,1VRU112BCM1001300
281211,RTX750: 4083,1VR9112MCM1004083
281213,S925TX: 4591,1VRL0705EM1004591
281214,BC1000XL: 34936,1VRY11191M1034936
281215,BC700XL: 4489,1VRC101V4M1004489
281216,RTX450: 6069,1VR4202UAM1006069
281218,BC1500: 12326,1VR2181V2M1012326
281221,D20X22III: 2856,1VRA170VAM1002856
281222,S925TX: 4592,1VRL0705CM1004592
281225,S925TX: 4593,1VRL0705TM1004593
281226,CTX160: 648,1VR3080MHM1000648
281227,D24X40III: 2461,1VRX200FAM1002461
281229,D10X15III: 2427,1VRA130VVM1002427
281230,S925TX: 4594,1VRL0705PM1004594
281231,CTX100: 3442,1VRZ080HKM1003442
281232,RTX550: 4023,1VR91125AM1004023
281233,BC700XL: 4490,1VRC101V0M1004490
281234,CTX100: 3440,1VRZ080HTM1003440
281236,SC70TX: 1589,1VRK1203PM1001589
281237,S925TX: 4595,1VRL0705KM1004595
281238,S925TX: 4585,1VRL0705AM1004585
281239,SPX25: 1555,1VR9070UCM1001555
281240,BC1500: 12323,1VR2181V7M1012323
281241,D23X30III: 2355,1VRN2007PM1002355
281243,SC382: 1301,1VRU112BVM1001301
281244,SC362: 4365,1VRF112YTM1004365
281245,S450TX: 2116,1VRD060BHM1002116
281247,D10X15III: 2428,1VRA130VAM1002428
281249,RTX450: 6070,1VR4202UCM1006070
281250,SC70TX: 1590,1VRK1203CM1001590
281251,S925TX: 4596,1VRL0705JM1004596
281252,RTX250: 2620,1VRD070DJM1002620
281258,PD5R: 125,1VR6120RPM1000125
281260,CTX160: 647,1VR3080MLM1000647
281261,D20X22III: 2857,1VRA170VLM1002857
281263,S925TX: 4597,1VRL0705CM1004597
281264,D24X40III: 2462,1VRX200FLM1002462
281265,SC30TX: 4241,1VRC070NPM1004241
281266,SC30TX: 4242,1VRC070NKM1004242
281268,S925TX: 4598,1VRL0705VM1004598
281269,CTX160: 651,1VR3080MHM1000651
281270,SC552: 1080,1VR9132UHM1001080
281271,CTX100: 3445,1VRZ080HVM1003445
281272,S450TX: 2117,1VRD060BEM1002117
281275,RTX750: 4084,1VR9112MTM1004084
281276,AX19: 1035,1VRL19251M1001035
281279,D40X55III: 1673,1VRY240GHM1001673
281280,CTX160: 652,1VR3080MEM1000652
281281,SC30TX: 4243,1VRC070NJM1004243
281292,S925TX: 4599,1VRL0705AM1004599
281295,D10X15III: 2429,1VRA130VLM1002429
281296,D10X15III: 2430,1VRA130VVM1002430
281297,BC1000XL: 34937,1VRY11193M1034937
281298,BC700XL: 4491,1VRC101V2M1004491
281299,BC1200XL: 6061,1VR7141Y5M1006061
281300,SC362: 4366,1VRF112YPM1004366
281301,BC1000XL: 34938,1VRY11195M1034938
281302,S925TX: 4600,1VRL0705KM1004600
281303,RTX450: 6071,1VR4202UVM1006071
281304,BC1800XL: 10209,1VRY151Z5M1010209
281306,HG4000G2: 101,1VRG37310M1000101
281307,SC362: 4367,1VRF112YKM1004367
281308,D24X40III: 2463,1VRX200FHM1002463
281309,BC1000XL: 34939,1VRY11197M1034939
281310,CTX100: 3447,1VRZ080HLM1003447
281311,BC700XL: 4492,1VRC101V4M1004492
281312,SC362: 4368,1VRF112YJM1004368
281313,PD5R: 126,1VR6120RKM1000126
281314,SC362: 4369,1VRF112YCM1004369
281315,BC900XL: 3616,1VR712165M1003616
281316,BC1500: 12327,1VR2181V4M1012327
281317,S925TX: 4601,1VRL0705JM1004601
281320,BC1000XL: 34940,1VRY11193M1034940
281323,D20X22III: 2858,1VRA170VHM1002858
281324,BC900XL: 3614,1VR712161M1003614
281325,D23X30III: 2356,1VRN2007KM1002356
281326,S925TX: 4560,1VRL0705EM1004560
281328,BC700XL: 4475,1VRC101V4M1004475
281329,BC1000XL: 34941,1VRY11195M1034941
281331,SC802: 4020,1VR2151JXM1004020
281332,BC1500: 12328,1VR2181V6M1012328
281337,PD10R: 1078,1VRR1008AM1001078
281338,XTS1250I2: 119,1VRY132GKM1000119
281339,RTX200: 1542,1VR6071RLM1001542
281348,BC1800XL: 10210,1VRY151Z1M1010210
281349,BC1000XL: 34942,1VRY11197M1034942
281350,D24X40III: 2464,1VRX200FEM1002464
281352,SC30TX: 4244,1VRC070NCM1004244
281363,BC1000XL: 34943,1VRY11199M1034943
281372,S925TX: 4588,1VRL0705EM1004588
281373,BC1200XL: 6062,1VR7141Y7M1006062
281375,SC552: 1081,1VR9132UEM1001081
281376,BC1000XL: 34945,1VRY11192M1034945
281377,D20X22III: 2859,1VRA170VEM1002859
281378,SC362: 4370,1VRF112YKM1004370
281379,SC362: 4362,1VRF112YHM1004362
281380,BC1000XL: 34946,1VRY11194M1034946
281381,SC362: 4371,1VRF112YJM1004371
281383,SC362: 4372,1VRF112YCM1004372
281386,S925TX: 4589,1VRL0705CM1004589
281387,SC362: 4373,1VRF112YVM1004373
281388,S925TX: 4587,1VRL0705HM1004587
281389,BC1500: 12329,1VR2181V8M1012329
281390,BC1000XL: 34947,1VRY11196M1034947
281391,S925TX: 4590,1VRL0705HM1004590
281392,BC700XL: 4493,1VRC101V6M1004493
281393,D24X40III: 2465,1VRX200FCM1002465
281394,D24X40III: 879,1VRX200F0K1000879
281395,D24X40III: 880,1VRX200F7K1000880
281396,D24X40III: 905,1VRX200F8K1000905
281397,D24X40III: 927,1VRX200F7K1000927
281398,D24X40III: 932,1VRX200F0K1000932
281399,D24X40III: 899,1VRX200F6K1000899
281400,CTX160: 654,1VR3080MTM1000654
281401,D24X40III: 967,1VRX200F8K1000967
281408,D23X30III: 737,1VRN20071H1000737
281410,D23X30III: 789,1VRN20071J1000789
281411,BC900XL: 3617,1VR712167M1003617
281412,D23X30III: 1147,1VRN20078K1001147
281413,BC700XL: 4494,1VRC101V8M1004494
281414,D23X30III: 1353,1VRN20079L1001353
281415,BC1500: 12324,1VR2181V9M1012324
281416,BC1500: 12312,1VR2181V2M1012312
281417,SC362: 4374,1VRF112YAM1004374
281418,SC362: 4375,1VRF112YLM1004375
281420,D8X12: 1068,1VR7130SLM1001068
281421,BC1000XL: 34948,1VRY11198M1034948
281422,SC362: 4376,1VRF112YHM1004376
281423,SC852: 2052,1VR7122LKM1002052
281424,D23X30III: 2357,1VRN2007JM1002357
281425,BC1800XL: 10214,1VRY151Z9M1010214
281426,SC362: 4377,1VRF112YEM1004377
281429,BC1000XL: 34949,1VRY1119XM1034949
281431,CTX100: 3446,1VRZ080HAM1003446
281432,PD10: 3101,1VRB100ZVM1003101
281434,RTX200: 1544,1VR6071REM1001544
281436,SC30TX: 4245,1VRC070NVM1004245
281438,BC1000XL: 34950,1VRY11196M1034950
281439,CTX100: 3448,1VRZ080HHM1003448
281440,PTX44: 1575,1VR8072SKM1001575
281441,Plant 4 Bench Test - Simulator,1VRxxxxxxxxxx2995
281446,BC700XL: 4495,1VRC101VXM1004495
281447,RTX750: 4085,1VR9112MPM1004085
281448,S925TX: 4605,1VRL0705LM1004605
281449,BC1000XL: 34951,1VRY11198M1034951
281451,SC70TX: 1591,1VRK1203TM1001591
281452,BC1000XL: 34452,1VRY11191M1034452
281453,BC700XL: 4496,1VRC101V1M1004496
281454,BC1800XL: 10212,1VRY151Z5M1010212
281456,D10X15III: 2431,1VRA130VAM1002431
281457,BC1000XL: 34952,1VRY1119XM1034952
281458,CTX160: 655,1VR3080MPM1000655
281459,BC1500: 12331,1VR2181V6M1012331
281460,PTX40: 1047,1VR8072TTM1001047
281461,BC1000XL: 34953,1VRY11191M1034953
281462,CTX160: 644,1VR3080MCM1000644
281464,D100X140S3: 308,1VRB360WPM1000308
281468,SC30TX: 4246,1VRC070NAM1004246
281469,BC1000XL: 34954,1VRY11193M1034954
281470,SC70TX: 1592,1VRK1203PM1001592
281471,RTX1250I2: 470,1VRR1329CM1000470
281472,D20X22III: 2860,1VRA170VLM1002860
281473,BC1000XL: 34955,1VRY11195M1034955
281474,RTX200: 1545,1VR6071RCM1001545
281476,RTX450: 6072,1VR4202UAM1006072
281480,BC1800XL: 10215,1VRY151Z0M1010215
281481,D40X55III: 1674,1VRY200GJM1001674
281482,BC700XL: 4497,1VRC101V3M1004497
281483,BC900XL: 3618,1VR712169M1003618
281484,BC1000XL: 34956,1VRY11197M1034956
281485,D20X22III: 2861,1VRA170VHM1002861
281486,HG6000TX: 3006,1VR2390AKM1003006
281488,S450TX: 2118,1VRD060BCM1002118
281489,SC362: 4378,1VRF112YCM1004378
281490,SC362: 4379,1VRF112YTM1004379
281491,S925TX: 4604,1VRL0705AM1004604
281492,BC1000XL: 34957,1VRY11199M1034957
281493,SC292: 2071,1VRF102YLM1002071
281494,SC292: 2072,1VRF102YHM1002072
281495,D24X40III: 2466,1VRX200FTM1002466
281497,S925TX: 4607,1VRL0705EM1004607
281498,BC1000XL: 34958,1VRY11190M1034958
281500,S925TX: 4603,1VRL0705VM1004603
281502,S925TX: 4606,1VRL0705HM1004606
281503,PD10R: 1079,1VRR1008LM1001079
281504,BC1800XL: 10216,1VRY151Z2M1010216
281506,BC700XL: 4498,1VRC101V5M1004498
281507,CTX160: 656,1VR3080MKM1000656
281509,S925TX: 4608,1VRL0705CM1004608
281513,BC1500: 12332,1VR2181V8M1012332
281515,D10X15III: 2432,1VRA130VLM1002432
281516,RTX200: 1546,1VR6071RTM1001546
281517,BC1000XL: 34959,1VRY11192M1034959
281518,SC552: 1082,1VR9132UCM1001082
281520,BC1000XL: 34960,1VRY11199M1034960
281521,D23X30III: 2358,1VRN2007CM1002358
281522,CTX160: 657,1VR3080MJM1000657
281523,BC1000XL: 34961,1VRY11190M1034961
281524,D8X12: 1069,1VR7130SHM1001069
281525,RTX250: 2621,1VRD070DCM1002621
281526,T755III: 607,1VR2180REM1000607
281532,BC1000XL: 34962,1VRY11192M1034962
281533,SC292: 2073,1VRF102YEM1002073
281535,RTX450: 6073,1VR4202ULM1006073
281536,SC292: 2074,1VRF102YCM1002074
281537,SC70TX: 1593,1VRK1203KM1001593
281538,SC292: 2075,1VRF102YTM1002075
281539,SC30TX: 4247,1VRC070NLM1004247
281540,RTX1250I2: 471,1VRR1329VM1000471
281541,SC292: 2076,1VRF102YPM1002076
281542,BC900XL: 3619,1VR712160M1003619
281543,TR6450: 103,1VR1402K5MF000103
281544,PTX40: 1048,1VR8072TPM1001048
281545,D24X40III: 2467,1VRX200FPM1002467
281546,BC1800XL: 10217,1VRY151Z4M1010217
281547,SC30TX: 4248,1VRC070NHM1004248
281548,BC1000XL: 34963,1VRY11194M1034963
281551,BC1500: 12333,1VR2181VXM1012333
281552,S925TX: 4611,1VRL0705CM1004611
281553,SC30TX: 4249,1VRC070NEM1004249
281555,BC1000XL: 34964,1VRY11196M1034964
281556,CTX160: 658,1VR3080MCM1000658
281557,D20X22III: 2862,1VRA170VEM1002862
281558,BC1500: 12334,1VR2181V1M1012334
281560,S925TX: 4612,1VRL0705TM1004612
281561,BC1000XL: 34965,1VRY11198M1034965
281563,D40X55DRS3: 1021,1VR3240MEM1001021
281566,PTX40: 1049,1VR8072TKM1001049
281567,D24X40III: 2468,1VRX200FKM1002468
281568,RTX750: 4086,1VR9112MKM1004086
281570,SC30TX: 4250,1VRC070NLM1004250
281571,PD10: 3102,1VRB100ZAM1003102
281572,CTX100: 3452,1VRZ080HEM1003452
281573,BC1200XL: 6065,1VR7141Y2M1006065
281576,T1255III: 633,1VR22906EM1000633
281577,BC1000XL: 34966,1VRY1119XM1034966
281579,SC802: 4021,1VR2151J1M1004021
281588,BC1000XL: 34967,1VRY11191M1034967
281591,BC1500: 12335,1VR2181V3M1012335
281592,D10X15III: 2433,1VRA130VHM1002433
281593,BC1000XL: 34968,1VRY11193M1034968
281594,SC292: 2077,1VRF102YKM1002077
281597,CTX160: 659,1VR3080MVM1000659
281598,SC292: 2078,1VRF102YJM1002078
281599,D23X30III: 2359,1VRN2007VM1002359
281600,S925TX: 4614,1VRL0705KM1004614
281601,SC292: 2079,1VRF102YCM1002079
281602,BC1000XL: 34969,1VRY11195M1034969
281603,SC292: 2080,1VRF102YKM1002080
281604,D10X15III: 2434,1VRA130VEM1002434
281609,BC1800XL: 10218,1VRY151Z6M1010218
281610,SPX25: 1560,1VR9070UAM1001560
281611,BC1000XL: 34970,1VRY11191M1034970
281612,BC1500: 12236,1VR2181V1M1012236
281613,S925TX: 4615,1VRL0705JM1004615
281617,SC552: 1083,1VR9132UTM1001083
281619,BC1000XL: 34971,1VRY11193M1034971
281620,SC30TX: 4251,1VRC070NHM1004251
281622,BC1000XL: 34972,1VRY11195M1034972
281623,D10X15III: 2435,1VRA130VCM1002435
281624,RTX550: 4024,1VR91125LM1004024
281626,BC1500: 12337,1VR2181V7M1012337
281627,D40X55III: 1675,1VRY240GCM1001675
281629,SC30TX: 4252,1VRC070NEM1004252
281634,BC900XL: 3620,1VR712167M1003620
281635,SC30TX: 4253,1VRC070NCM1004253
281636,BC1500: 12338,1VR2181V9M1012338
281637,CTX100: 3453,1VRZ080HCM1003453
281639,BC700XL: 4499,1VRC101V7M1004499
281640,BC1000XL: 34973,1VRY11197M1034973
281641,S925TX: 4610,1VRL0705EM1004610
281643,D20X22III: 2863,1VRA170VCM1002863
281644,BC1200XL: 6066,1VR7141Y4M1006066
281645,S925TX: 4618,1VRL0705AM1004618
281646,BC1000XL: 34974,1VRY11199M1034974
281647,S925TX: 4616,1VRL0705CM1004616
281648,D24X40III: 2469,1VRX200FJM1002469
281649,RTX250: 2618,1VRD070DCM1002618
281650,SC292: 2081,1VRF102YJM1002081
281651,S925TX: 4609,1VRL0705TM1004609
281653,CTX160: 661,1VR3080MCM1000661
281654,SC292: 2082,1VRF102YCM1002082
281655,PD10: 3103,1VRB100ZLM1003103
281656,CTX160: 660,1VR3080MJM1000660
281657,SC30TX: 4254,1VRC070NTM1004254
281658,SC362: 4380,1VRF112YEM1004380
281660,BC1000XL: 34975,1VRY11190M1034975
281662,SC362: 4381,1VRF112YCM1004381
281663,BC1500: 12339,1VR2181V0M1012339
281664,RTX450: 6074,1VR4202UHM1006074
281665,CTX100: 3454,1VRZ080HTM1003454
281666,D20X22III: 2864,1VRA170VTM1002864
281667,S925TX: 4619,1VRL0705LM1004619
281668,SC70TX: 1594,1VRK1203JM1001594
281669,SC30TX: 4255,1VRC070NPM1004255
281671,BC1000XL: 34976,1VRY11192M1034976
281672,BC1000XL: 34977,1VRY11194M1034977
281673,PTX42: 232,1VRK0724LM1000232
281674,BC1800XL: 10219,1VRY151Z8M1010219
281675,BC700XL: 4500,1VRC101VXM1004500
281676,D24X40III: 2470,1VRX200FPM1002470
281677,AX19: 1036,1VRL19253M1001036
281678,SPX25: 1558,1VR9070ULM1001558
281679,S925TX: 4620,1VRL0705VM1004620
281687,SC802: 4022,1VR2151J3M1004022
281688,D10X15III: 2436,1VRA130VTM1002436
281689,RTX550: 4025,1VR91125HM1004025
281690,S925TX: 4617,1VRL0705VM1004617
281691,RTX250: 2622,1VRD070DVM1002622
281692,SC30TX: 4256,1VRC070NKM1004256
281693,S925TX: 4622,1VRL0705LM1004622
281694,S925TX: 4623,1VRL0705HM1004623
281695,PD10: 3104,1VRB100ZHM1003104
281696,D23X30III: 2360,1VRN2007JM1002360
281697,CTX100: 3456,1VRZ080HKM1003456
281698,D10X15III: 2437,1VRA130VPM1002437
281699,SC30TX: 4257,1VRC070NJM1004257
281700,S925TX: 4624,1VRL0705EM1004624
281701,SC70TX: 1595,1VRK1203CM1001595
281702,SPX25: 1561,1VR9070ULM1001561
281703,CTX160: 663,1VR3080MAM1000663
281704,RTX450: 6075,1VR4202UEM1006075
281705,S925TX: 4625,1VRL0705CM1004625
281706,CTX160: 664,1VR3080MLM1000664
281707,BC700XL: 4501,1VRC101V1M1004501
281708,BC700XL: 4502,1VRC101V3M1004502
281710,BC1000XL: 34978,1VRY11196M1034978
281711,CTX160: 662,1VR3080MVM1000662
281712,HG6800TX: 1020,1VRK4804CM1001020
281713,CTX100: 3455,1VRZ080HPM1003455
281714,BC1000XL: 34979,1VRY11198M1034979
281715,D20X22III: 2865,1VRA170VPM1002865
281716,BC1500: 12340,1VR2181V7M1012340
281718,BC1000XL: 34980,1VRY11194M1034980
281719,SC852: 2053,1VR7122LJM1002053
281720,CTX100: 3457,1VRZ080HJM1003457
281721,SC30TX: 4258,1VRC070NCM1004258
281723,S925TX: 4626,1VRL0705TM1004626
281725,S925TX: 4627,1VRL0705PM1004627
281726,D40X55III: 1676,1VRY240GTM1001676
281727,BC900XL: 3621,1VR712169M1003621
281728,BC1800XL: 10220,1VRY151Z4M1010220
281729,S925TX: 4621,1VRL0705AM1004621
281730,PTX44: 1576,1VR8072SJM1001576
281731,SC30TX: 4259,1VRC070NVM1004259
281732,CTX160: 665,1VR3080MHM1000665
281733,BC1000XL: 34981,1VRY11196M1034981
281736,CTX100: 3451,1VRZ080HHM1003451
281737,BC1000XL: 34982,1VRY11198M1034982
281738,BC1200XL: 6067,1VR7141Y6M1006067
281740,S925TX: 4628,1VRL0705KM1004628
281742,BC1000XL: 34983,1VRY1119XM1034983
281743,D20X22III: 2866,1vra170vkm1002866
281744,D24X40III: 2471,1VRX200FKM1002471
281745,SC292: 2083,1VRF102YVM1002083
281746,RTX1250I2: 474,1VRR1329HM1000474
281747,SC362: 4382,1VRF112YTM1004382
281748,SC362: 4383,1VRF112YPM1004383
281749,BC1000XL: 34984,1VRY11191M1034984
281750,BC700XL: 4503,1VRC101V5M1004503
281751,SC362: 4384,1VRF112YKM1004384
281754,BC1800XL: 10221,1VRY151Z6M1010221
281755,S925TX: 4629,1VRL0705JM1004629
281756,D10X15III: 2438,1VRA130VKM1002438
281757,BC1000XL: 34985,1VRY11193M1034985
281760,RTX750: 4087,1VR9112MJM1004087
281761,BC1500: 12341,1VR2181V9M1012341
281762,PTX40: 1050,1VR8072TTM1001050
281763,BC1000XL: 34986,1VRY11195M1034986
281764,SPX25: 1562,1VR9070UHM1001562
281765,S925TX: 4630,1VRL0705PM1004630
281766,PD5R: 127,1VR6120RJM1000127
281767,CTX160: 667,1VR3080MCM1000667
281768,BC1500: 12342,1VR2181V0M1012342
281772,BC700XL: 4504,1VRC101V7M1004504
281773,D23X30III: 2361,1VRN2007CM1002361
281775,D10X15III: 2439,1VRA130VJM1002439
281776,RTX1250I2: 475,1VRR1329EM1000475
281777,CTX160: 666,1VR3080MEM1000666
281778,SC30TX: 4132,1VRC070NCM1004132
281779,BC1800XL: 10222,1VRY151Z8M1010222
281780,SC802: 4023,1VR2151J5M1004023
281782,S925TX: 4631,1VRL0705KM1004631
281783,D24X40III: 2472,1VRX200FJM1002472
281784,BC1000XL: 34987,1VRY11197M1034987
281785,CTX160: 668,1VR3080MTM1000668
281786,RTX450: 6076,1VR4202UCM1006076
281787,RTX250: 2623,1VRD070DAM1002623
281789,D20X22III: 2867,1VRA170VJM1002867
281791,BC900XL: 3622,1VR712160M1003622
281792,CTX100: 3458,1VRZ080HCM1003458
281793,WC2500TX: 1004,1VRF2700AM1001004
281794,BC1000XL: 34988,1VRY11199M1034988
281795,D24X40III: 2473,1VRX200FCM1002473
281799,BC1800XL: 10223,1VRY151ZXM1010223
281800,CTX100: 3449,1VRZ080HEM1003449
281801,BC1000XL: 34990,1VRY11197M1034990
281802,CTX100: 3450,1VRZ080HLM1003450
281803,BC700XL: 4505,1VRC101V9M1004505
281804,PTX40: 1051,1VR8072TPM1001051
281805,BC1000XL: 34991,1VRY11199M1034991
281806,BC1500: 12344,1VR2181V4M1012344
281807,S450TX: 2120,1VRD060BEM1002120
281809,SPX25: 1563,1VR9070UEM1001563
281810,D10X15III: 2440,1VRA130VPM1002440
281811,BC1500: 12345,1VR2181V6M1012345
281812,BC1000XL: 34992,1VRY11190M1034992
281813,CTX100: 3460,1VRZ080HJM1003460
281814,BC1000XL: 34993,1VRY11192M1034993
281822,D40X55III: 1677,1VRY200GAM1001677
281823,D10X15III: 2441,1VRA130VKM1002441
281824,BC1000XL: 34994,1VRY11194M1034994
281825,SC70TX: 1596,1VRK1203VM1001596
281826,SC30TX: 4262,1VRC070NVM1004262
281827,SC362: 4385,1VRF112YJM1004385
281830,SC362: 4386,1VRF112YCM1004386
281831,BC1000XL: 34995,1VRY11196M1034995
281832,SC362: 4387,1VRF112YVM1004387
281833,RTX450: 6077,1VR4202UTM1006077
281834,SC362: 4388,1VRF112YAM1004388
281836,SC30TX: 4263,1VRC070NAM1004263
281844,SC852: 2054,1VR7122LCM1002054
281851,BC1000XL: 34996,1VRY11198M1034996
281853,D20X22III: 2868,1VRA170VCM1002868
281854,BC1500: 12346,1VR2181V8M1012346
281855,D24X40III: 2474,1VRX200FVM1002474
281856,RTX1250I2: 476,1VRR1329CM1000476
281857,BC700XL: 4506,1VRC101V0M1004506
281858,BC900XL: 3623,1VR712162M1003623
281859,SC30TX: 4261,1VRC070NCM1004261
281860,CTX100: 3461,1VRZ080HCM1003461
281861,BC1000XL: 34997,1VRY1119XM1034997
281862,T555III: 1519,1VR2150W3L1001519
281863,SC30TX: 4260,1VRC070NJM1004260
281864,AX19: 1037,1VRL19255M1001037
281865,PD5R: 128,1VR6120RCM1000128
281867,BC1500: 12347,1VR2181VXM1012347
281871,SPX25: 1564,1VR9070UCM1001564
281872,BC1000XL: 34998,1VRY11191M1034998
281873,S925TX: 4638,1VRL0705EM1004638
281874,BC1000XL: 34999,1VRY11193M1034999
281877,PTX40: 1052,1VR8072TKM1001052
281878,D23X30III: 2362,1VRN2007VM1002362
281880,D20X22III: 2869,1VRA170VVM1002869
281882,CTX160: 671,1VR3080MTM1000671
281885,SC70TX: 1597,1VRK1203AM1001597
281888,SC362: 4389,1VRF112YLM1004389
281889,BC1000XL: 35000,1VRY11194M1035000
281891,SC362: 4390,1VRF112YVM1004390
281892,BC1200XL: 6068,1VR7141Y8M1006068
281893,PD10: 3105,1VRB100ZEM1003105
281894,SC362: 4391,1VRF112YAM1004391
281896,SC362: 4392,1VRF112YLM1004392
281900,SC30TX: 4264,1VRC070NLM1004264
281902,D24X40III: 2475,1VRX200FAM1002475
281903,S925TX: 4640,1VRL0705HM1004640
281904,D10X15III: 2442,1VRA130VJM1002442
281905,BC1000XL: 35003,1VRY1119XM1035003
281907,RTX750: 3293,1VR9112M2J1003293
281908,S925TX: 4641,1VRL0705EM1004641
281909,RTX750: 4088,1VR9112MCM1004088
281910,BC1000XL: 35009,1VRY11190M1035009
281911,BC1500: 12349,1VR2181V3M1012349
281912,CTX160: 672,1VR3080MPM1000672
281913,RTX250: 2624,1VRD070DLM1002624
281914,BC900XL: 3624,1VR712164M1003624
281916,S925TX: 4642,1VRL0705CM1004642
281920,RTX550: 4026,1VR91125EM1004026
281921,CTX100: 3463,1VRZ080HAM1003463
281922,BC1000XL: 35004,1VRY11191M1035004
281923,SPX25: 1565,1VR9070UTM1001565
281925,SC30TX: 4265,1VRC070NHM1004265
281926,S925TX: 4643,1VRL0705TM1004643
281927,BC1200XL: 6069,1VR7141YXM1006069
281928,CTX160: 653,1VR3080MCM1000653
281929,RTX1250I2: 477,1VRR1329TM1000477
281930,CTX160: 669,1VR3080MPM1000669
281931,RTX1250I2: 478,1VRR1329PM1000478
281932,D24X40III: 2476,1VRX200FLM1002476
281933,SC362: 4393,1VRF112YHM1004393
281935,CTX160: 673,1VR3080MKM1000673
281936,SC362: 4394,1VRF112YEM1004394
281938,BC700XL: 4507,1VRC101V2M1004507
281939,SC552: 1084,1VR9132UPM1001084
281941,BC1000XL: 35006,1VRY11195M1035006
281942,SC362: 4395,1VRF112YCM1004395
281943,D10X15III: 2443,1VRA130VCM1002443
281944,BC1800XL: 10229,1VRY151Z0M1010229
281945,SC362: 4396,1VRF112YTM1004396
281946,S925TX: 4644,1VRL0705PM1004644
281949,SPX25: 1566,1VR9070UPM1001566
281950,S925TX: 4639,1VRL0705CM1004639
281952,PTX42: 233,1VRK0724HM1000233
281953,BC1500: 12350,1VR2181VXM1012350
281954,BC1000XL: 35008,1VRY11199M1035008
281957,CTX100: 3462,1VRZ080HVM1003462
281958,RTX450: 6078,1VR4202UPM1006078
281959,S925TX: 4645,1VRL0705KM1004645
281960,D40X55III: 1678,1VRY240GKM1001678
281964,RTX250: 2625,1VRD070DHM1002625
281972,S925TX: 4646,1VRL0705JM1004646
281985,BC1000XL: 35010,1VRY11197M1035010
281986,D20X22III: 2870,1VRA170VJM1002870
281988,CTX160: 674,1VR3080MJM1000674
281989,BC1000XL: 35011,1VRY11199M1035011
281990,BC1000XL: 35012,1VRY11190M1035012
281991,S925TX: 4647,1VRL0705CM1004647
281992,SC802: 4024,1VR2151J7M1004024
281993,PD10: 3106,1VRB100ZCM1003106
281994,CTX100: 3465,1VRZ080HHM1003465
281995,D24X40III: 2477,1VRX200FHM1002477
282000,S925TX: 4632,1VRL0705JM1004632
282001,BC900XL: 3625,1VR712166M1003625
282003,SC362: 4397,1VRF112YPM1004397
282004,D20X22III: 2871,1VRA170VCM1002871
282005,SC362: 4398,1VRF112YKM1004398
282006,BC1800XL: 10230,1VRY151Z7M1010230
282007,SC382: 1303,1VRU112BLM1001303
282008,CTX160: 670,1VR3080MCM1000670
282010,SC382: 1302,1VRU112BAM1001302
282012,BC1000XL: 35013,1VRY11192M1035013
282016,CTX100: 3464,1VRZ080HLM1003464
282017,BC1000XL: 35014,1VRY11194M1035014
282018,S925TX: 4649,1VRL0705AM1004649
282020,S450TX: 2122,1VRD060BTM1002122
282022,RTX450: 6079,1VR4202UKM1006079
282023,BC1200XL: 6070,1VR7141Y6M1006070
282024,CTX100: 3466,1VRZ080HEM1003466
282025,BC1000XL: 35015,1VRY11196M1035015
282026,SC552: 1085,1VR9132UKM1001085
282027,BC1000XL: 35016,1VRY11198M1035016
282029,S925TX: 4650,1VRL0705CM1004650
282030,D23X30III: 2363,1VRN2007AM1002363
282031,RTX1250I2: 480,1VRR1329TM1000480
282032,D10X15III: 2444,1VRA130VVM1002444
282033,SPX25: 1567,1VR9070UKM1001567
282034,BC700XL: 4508,1VRC101V4M1004508
282035,BC1000XL: 35017,1VRY1119XM1035017
282036,CTX160: 676,1VR3080MVM1000676
282038,SC70TX: 1598,1VRK1203LM1001598
282039,D8X12: 1070,1VR7130SAM1001070
282040,BC1500: 12353,1VR2181V5M1012353
282041,PD10R: 1080,1VRR1008VM1001080
282043,S925TX: 4648,1VRL0705VM1004648
282044,D100X140S3: 309,1VRB360WKM1000309
282045,D24X40III: 2478,1VRX200FEM1002478
282046,SC852: 2055,1VR7122LVM1002055
282047,PTX44: 1577,1VR8072SCM1001577
282048,SC30TX: 4266,1VRC070NEM1004266
282049,SC30TX: 4267,1VRC070NCM1004267
282050,D8X12: 1071,1VR7130SLM1001071
282051,D24X40III: 2479,1VRX200FCM1002479
282052,PTX44: 1578,1VR8072SVM1001578
282053,RTX200: 1547,1VR6071RPM1001547
282054,RTX450: 6080,1VR4202UTM1006080
282055,SPX25: 1568,1VR9070UJM1001568
282056,SC552: 1086,1VR9132UJM1001086
282057,PD10: 3107,1VRB100ZTM1003107
282058,D10X15III: 2445,1VRA130VAM1002445
282059,RTX450: 6081,1VR4202UPM1006081
282060,BC700XL: 4509,1VRC101V6M1004509
282061,BC900XL: 3626,1VR712168M1003626
282062,S925TX: 4652,1VRL0705AM1004652
282063,SC382: 1304,1VRU112BHM1001304
282064,SC382: 1307,1VRU112BTM1001307
282066,D20X22III: 2872,1VRA170VVM1002872
282067,BC700XL: 4510,1VRC101V2M1004510
282068,D23X30III: 2364,1VRN2007LM1002364
282069,CTX100: 3467,1VRZ080HCM1003467
282070,SC382: 1306,1VRU112BCM1001306
282071,HG6800TX: 1021,1VRK4804VM1001021
282072,SC382: 1305,1VRU112BEM1001305
282073,BC1000XL: 35018,1VRY11191M1035018
282074,HG4000: 1116,1VRC312H6L1001116
282078,S925TX: 4653,1VRL0705LM1004653
282079,BC1800XL: 10232,1VRY151Z0M1010232
282084,SC30TX: 4268,1VRC070NTM1004268
282085,BC1000XL: 35019,1VRY11193M1035019
282088,TR626: 10005,1VR8552N7MF010005
282089,CTX160: 677,1VR3080MAM1000677
282090,BC1000XL: 35020,1VRY1119XM1035020
282091,D40X55III: 1679,1VRY200GHM1001679
282092,BC1500: 12354,1VR2181V7M1012354
282093,S925TX: 4654,1VRL0705HM1004654
282094,SC30TX: 4269,1VRC070NPM1004269
282096,D20X22III: 2873,1VRA170VAM1002873
282099,BC1000XL: 35021,1VRY11191M1035021
282100,CTX100: 3468,1VRZ080HTM1003468
282101,BC1000XL: 35022,1VRY11193M1035022
282103,BC1000XL: 35023,1VRY11195M1035023
282104,S925TX: 4655,1VRL0705EM1004655
282106,D24X40III: 2480,1VRX200FHM1002480
282107,BC1800XL: 10233,1VRY151Z2M1010233
282115,SC30TX: 4270,1VRC070NCM1004270
282125,CTX100: 3469,1VRZ080HPM1003469
282127,BC1000XL: 35024,1VRY11197M1035024
282130,PD10: 3108,1VRB100ZPM1003108
282132,RTX250: 2626,1VRD070DEM1002626
282133,BC1000XL: 35025,1VRY11199M1035025
282134,BC1200XL: 6071,1VR7141Y8M1006071
282135,SC382: 1311,1VRU112BPM1001311
282137,CTX160: 678,1VR3080MLM1000678
282138,SC382: 1310,1VRU112BTM1001310
282139,HG6000: 3006,1VRY3931XM1003006
282140,SC382: 1309,1VRU112BKM1001309
282141,S925TX: 4656,1VRL0705CM1004656
282142,SC382: 1308,1VRU112BPM1001308
282144,SPX25: 1569,1VR9070UCM1001569
282145,S925TX: 4658,1VRL0705PM1004658
282146,BC1000XL: 35026,1VRY11190M1035026
282147,S925TX: 4657,1VRL0705TM1004657
282148,BC900XL: 3627,1VR71216XM1003627
282151,D23X30III: 2365,1VRN2007HM1002365
282152,BC1000XL: 35027,1VRY11192M1035027
282153,RTX750: 4089,1VR9112MVM1004089
282154,D10X15III: 2446,1VRA130VLM1002446
282155,BC1000XL: 35028,1VRY11194M1035028
282156,SC802: 4025,1VR2151J9M1004025
282157,AX19: 1038,1VRL19257M1001038
282159,BC700XL: 4511,1VRC101V4M1004511
282161,CTX160: 679,1VR3080MHM1000679
282162,S925TX: 4659,1VRL0705KM1004659
282163,BC1000XL: 35029,1VRY11196M1035029
282164,RTX1250I2: 409,1VRR1329HM1000409
282165,CTX100: 3470,1VRZ080HCM1003470
282166,CC155: 1039,1VR2152ETM1001039
282167,RTX450: 6082,1VR4202UKM1006082
282168,BC700XL: 4512,1VRC101V6M1004512
282169,S925TX: 4660,1VRL0705TM1004660
282170,BC1500: 12357,1VR2181V2M1012357
282171,SC70TX: 1599,1VRK1203HM1001599
282172,BC1000XL: 35030,1VRY11192M1035030
282173,D24X40III: 2481,1VRX200FEM1002481
282174,PD10: 3109,1VRB100ZKM1003109
282175,BC700XL: 4513,1VRC101V8M1004513
282176,BC1000XL: 35031,1VRY11194M1035031
282177,SC852: 2056,1VR7122LAM1002056
282178,CTX160: 680,1VR3080MAM1000680
282180,PTX44: 1579,1VR8072SAM1001579
282181,BC1800XL: 10236,1VRY151Z8M1010236
282182,BC1000XL: 35032,1VRY11196M1035032
282183,S925TX: 4661,1VRL0705PM1004661
282184,RTX1250I2: 481,1VRR1329PM1000481
282185,CTX160: 681,1VR3080MLM1000681
282186,BC1000XL: 35033,1VRY11198M1035033
282187,D10X15III: 2447,1VRA130VHM1002447
282188,BC1200XL: 6072,1VR7141YXM1006072
282189,RTX450: 6083,1VR4202UJM1006083
282190,BC1000XL: 35034,1VRY1119XM1035034
282191,BC700XL: 4514,1VRC101VXM1004514
282192,D23X30III: 2366,1VRN2007EM1002366
282196,SC70TX: 1600,1VRK1203CM1001600
282197,CTX100: 3471,1VRZ080HTM1003471
282198,D20X22III: 2874,1VRA170VLM1002874
282199,BC1000XL: 35035,1VRY11191M1035035
282200,BC700XL: 4515,1VRC101V1M1004515
282201,BC1800XL: 10238,1VRY151Z1M1010238
282202,PTX44: 1580,1VR8072SCM1001580
282204,BC1500: 12360,1VR2181V2M1012360
282205,BC900XL: 3628,1VR712161M1003628
282206,CTX160: 682,1VR3080MHM1000682
282207,S925TX: 4666,1VRL0705AM1004666
282209,BC1000XL: 35036,1VRY11193M1035036
282210,D40X55III: 1680,1VRY240GPM1001680
282211,SPX25: 1570,1VR9070UKM1001570
282212,SC70TX: 1601,1VRK1203VM1001601
282213,HG6000TX: 3007,1VR2390AJM1003007
282214,BC1000XL: 35037,1VRY11195M1035037
282215,BC1000XL: 35038,1VRY11197M1035038
282216,RTX250: 2627,1VRD070DCM1002627
282217,PD10: 3110,1VRB100ZTM1003110
282218,BC1200XL: 6073,1VR7141Y1M1006073
282220,SC382: 1312,1VRU112BKM1001312
282221,SC30TX: 4271,1VRC070NTM1004271
282222,SC382: 1313,1VRU112BJM1001313
282223,RTX1250I2: 483,1VRR1329JM1000483
282224,SC382: 1314,1VRU112BCM1001314
282225,BC1000XL: 35040,1VRY11195M1035040
282228,SC382: 1315,1VRU112BVM1001315
282230,SC382: 1316,1VRU112BAM1001316
282231,D23X30III: 2367,1VRN2007CM1002367
282232,RTX750: 4090,1VR9112MJM1004090
282233,D20X22III: 2875,1VRA170VHM1002875
282235,SC382: 1317,1VRU112BLM1001317
282236,SC382: 1318,1VRU112BHM1001318
282238,SC382: 1319,1VRU112BEM1001319
282239,SC852: 2057,1VR7122LLM1002057
282242,BC1500: 12363,1VR2181V8M1012363
282244,SC30TX: 4272,1VRC070NPM1004272
282249,SC30TX: 4273,1VRC070NKM1004273
282250,S925TX: 4668,1VRL0705HM1004668
282251,D24X40III: 2482,1VRX200FCM1002482
282252,CTX100: 3473,1VRZ080HKM1003473
282253,S925TX: 4670,1VRL0705LM1004670
282254,BC1800XL: 10241,1VRY151Z1M1010241
282255,S925TX: 4651,1VRL0705VM1004651
282256,S925TX: 4671,1VRL0705HM1004671
282257,PD10: 3111,1VRB100ZPM1003111
282258,BC1500: 12364,1VR2181VXM1012364
282259,SC30TX: 4274,1VRC070NJM1004274
282260,CTX100: 3474,1VRZ080HJM1003474
282261,D60X90S3: 1017,1VRJ2903VM1001017
282262,S925TX: 4672,1VRL0705EM1004672
282268,SC552: 1087,1VR9132UCM1001087
282270,CTX160: 683,1VR3080MEM1000683
282272,S925TX: 4673,1VRL0705CM1004673
282273,D10X15III: 2448,1VRA130VEM1002448
282274,D23X30III: 2368,1VRN2007TM1002368
282275,RTX450: 6084,1VR4202UCM1006084
282276,CTX160: 685,1VR3080MTM1000685
282277,PTX40: 1054,1VR8072TCM1001054
282278,BC900XL: 3629,1VR712163M1003629
282279,S925TX: 4674,1VRL0705TM1004674
282282,PTX40: 1053,1VR8072TJM1001053
282285,BC1000XL: 35049,1VRY11191M1035049
282286,SC70TX: 1602,1VRK1203AM1001602
282288,CTX100: 3475,1VRZ080HCM1003475
282289,BC1000XL: 35050,1VRY11198M1035050
282290,SC30TX: 4275,1VRC070NCM1004275
282291,BC700XL: 4516,1VRC101V3M1004516
282292,AX19: 1039,1VRL19259M1001039
282293,PD10R: 1081,1VRR1008AM1001081
282295,BC1000XL: 35042,1VRY11199M1035042
282296,D40X55III: 1681,1VRY200GLM1001681
282297,BC1000XL: 35051,1VRY1119XM1035051
282298,S925TX: 4675,1VRL0705PM1004675
282299,D8X12: 1072,1VR7130SHM1001072
282301,CTX160: 686,1VR3080MPM1000686
282302,SPX25: 1571,1VR9070UJM1001571
282303,BC1000XL: 35052,1VRY11191M1035052
282304,S450TX: 2124,1VRD060BKM1002124
282305,RTX450: 6085,1VR4202UVM1006085
282307,S925TX: 4676,1VRL0705KM1004676
282308,BC1000XL: 35053,1VRY11193M1035053
282310,SC552: 1088,1VR9132UVM1001088
282311,BC700XL: 4517,1VRC101V5M1004517
282312,CTX160: 687,1VR3080MKM1000687
282313,BC900XL: 3630,1VR71216XM1003630
282314,TG5000: 2007,1VR240208M1002007
282315,D24X40III: 2483,1VRX200FTM1002483
282316,D10X15III: 2449,1VRA130VCM1002449
282317,S925TX: 4677,1VRL0705JM1004677
282318,CTX100: 3472,1VRZ080HPM1003472
282325,BC1000XL: 35054,1VRY11195M1035054
282328,BC1000XL: 35041,1VRY11197M1035041
282329,BC1000XL: 35055,1VRY11197M1035055
282330,S925TX: 4678,1VRL0705CM1004678
282331,CTX160: 684,1VR3080MCM1000684
282332,CTX100: 3476,1VRZ080HVM1003476
282333,BC700XL: 4519,1VRC101V9M1004519
282334,S925TX: 4667,1VRL0705LM1004667
282335,S450TX: 2123,1VRD060BPM1002123
282336,S925TX: 4669,1VRL0705EM1004669
282339,SC382: 1320,1VRU112BLM1001320
282342,BC1000XL: 35056,1VRY11199M1035056
282343,SC382: 1321,1VRU112BHM1001321
282344,SC382: 1322,1VRU112BEM1001322
282345,BC1000XL: 35043,1VRY11190M1035043
282346,TR626: 10006,1VR8552N9MF010006
282347,SC382: 1323,1VRU112BCM1001323
282348,D23X30III: 2369,1VRN2007PM1002369
282349,BC1000XL: 35057,1VRY11190M1035057
282350,D10X15III: 2450,1VRA130VHM1002450
282351,CTX160: 688,1VR3080MJM1000688
282352,BC1000XL: 35044,1VRY11192M1035044
282353,PTX42: 235,1VRK0724CM1000235
282354,SC70TX: 1603,1VRK1203LM1001603
282355,SC30TX: 4276,1VRC070NVM1004276
282356,S925TX: 4679,1VRL0705VM1004679
282357,RTX750: 4091,1VR9112MCM1004091
282358,BC1000XL: 35058,1VRY11192M1035058
282360,S925TX: 4680,1VRL0705JM1004680
282362,BC1000XL: 35059,1VRY11194M1035059
282363,BC1000XL: 35064,1VRY11198M1035064
282364,BC1000XL: 35065,1VRY1119XM1035065
282365,S925TX: 4681,1VRL0705CM1004681
282366,SC30TX: 4277,1VRC070NAM1004277
282367,D24X40III: 2484,1VRX200FPM1002484
282368,SC70TX: 1604,1VRK1203HM1001604
282369,RTX1250I2: 484,1VRR1329CM1000484
282371,CTX100: 3477,1VRZ080HAM1003477
282372,BC1000XL: 35066,1VRY11191M1035066
282373,SC30TX: 4278,1VRC070NLM1004278
282375,D20X22III: 2876,1VRA170VEM1002876
282379,BC1000XL: 35047,1VRY11198M1035047
282381,S925TX: 4682,1VRL0705VM1004682
282383,BC1000XL: 35045,1VRY11194M1035045
282384,BC1000XL: 35046,1VRY11196M1035046
282385,CTX160: 689,1VR3080MCM1000689
282386,BC700XL: 4520,1VRC101V5M1004520
282387,RTX1250I2: 479,1VRR1329KM1000479
282394,S925TX: 4683,1VRL0705AM1004683
282395,RTX450: 6086,1VR4202UAM1006086
282396,D20X22III: 2877,1VRA170VCM1002877
282397,S925TX: 4684,1VRL0705LM1004684
282398,D24X40III: 2485,1VRX200FKM1002485
282399,PTX42: 236,1VRK0724TM1000236
282400,PD10R: 1082,1VRR1008LM1001082
282401,BC700XL: 4521,1VRC101V7M1004521
282402,SC802: 4026,1VR2151J0M1004026
282403,SC30TX: 4279,1VRC070NHM1004279
282404,RTX1250I2: 486,1VRR1329AM1000486
282405,D23X30III: 2370,1VRN2007CM1002370
282406,D20X22III: 2878,1VRA170VTM1002878
282407,CTX160: 675,1VR3080MCM1000675
282408,S925TX: 4636,1VRL0705LM1004636
282409,S925TX: 4635,1VRL0705AM1004635
282410,BC700XL: 4522,1VRC101V9M1004522
282411,PD10R: 1083,1VRR1008HM1001083
282412,S925TX: 4634,1VRL0705VM1004634
282413,D24X40III: 2486,1VRX200FJM1002486
282414,S450TX: 2121,1VRD060BCM1002121
282415,S925TX: 4637,1VRL0705HM1004637
282416,SC30TX: 4280,1VRC070NAM1004280
282418,BC1000XL: 35060,1VRY11190M1035060
282419,BC1000XL: 35061,1VRY11192M1035061
282421,SC552: 1089,1VR9132UAM1001089
282424,CTX100: 3478,1VRZ080HLM1003478
282425,PTX44: 1581,1VR8072SVM1001581
282426,BC1000XL: 35062,1VRY11194M1035062
282427,BC700XL: 4523,1VRC101V0M1004523
282429,D40X55III: 1682,1VRY240GJM1001682
282430,S925TX: 4685,1VRL0705HM1004685
282433,CTX160: 690,1VR3080MKM1000690
282434,D10X15III: 2451,1VRA130VEM1002451
282436,BC1000XL: 35068,1VRY11195M1035068
282437,S925TX: 4686,1VRL0705EM1004686
282438,BC1000XL: 35069,1VRY11197M1035069
282440,D24X40III: 2487,1VRX200FCM1002487
282442,SPX25: 1572,1VR9070UCM1001572
282443,AX19: 1040,1VRL19255M1001040
282445,PD10R: 1084,1VRR1008EM1001084
282446,BC1000XL: 35070,1VRY11193M1035070
282449,BC700XL: 4524,1VRC101V2M1004524
282450,CTX100: 3479,1VRZ080HHM1003479
282451,SC382: 1324,1VRU112BTM1001324
282452,S925TX: 4687,1VRL0705CM1004687
282453,SC382: 1325,1VRU112BPM1001325
282454,SC852: 2058,1VR7122LHM1002058
282455,CTX160: 691,1VR3080MJM1000691
282456,SC382: 1326,1VRU112BKM1001326
282457,SC382: 1327,1VRU112BJM1001327
282458,BC1000XL: 35072,1VRY11197M1035072
282459,BC1000XL: 35071,1VRY11195M1035071
282460,S925TX: 4688,1VRL0705TM1004688
282461,D8X12: 1073,1VR7130SEM1001073
282462,RTX450: 6087,1VR4202ULM1006087
282463,D24X40III: 2488,1VRX200FVM1002488
282464,RTX200: 1548,1VR6071RKM1001548
282469,S925TX: 4689,1VRL0705PM1004689
282470,S450TX: 2125,1VRD060BJM1002125
282471,D40X55DRS3: 1039,1VR3240MLM1001039
282472,BC900XL: 3631,1VR712161M1003631
282473,BC1000XL: 35073,1VRY11199M1035073
282474,RTX1250I2: 487,1VRR1329LM1000487
282475,SC70TX: 1605,1VRK1203EM1001605
282476,BC1000XL: 35074,1VRY11190M1035074
282477,PTX44: 1582,1VR8072SAM1001582
282479,S925TX: 4690,1VRL0705CM1004690
282480,HG6800TX: 1022,1VRK4804AM1001022
282487,BC700XL: 4525,1VRC101V4M1004525
282488,BC1000XL: 35075,1VRY11192M1035075
282489,D23X30III: 2371,1VRN2007TM1002371
282490,CTX100: 3481,1VRZ080HLM1003481
282491,D20X22III: 2879,1VRA170VPM1002879
282492,SC382: 1331,1VRU112BCM1001331
282493,BC1000XL: 35076,1VRY11194M1035076
282494,SC382: 1332,1VRU112BVM1001332
282495,CTX160: 693,1VR3080MVM1000693
282496,SC382: 1333,1VRU112BAM1001333
282498,BC1000XL: 35077,1VRY11196M1035077
282500,SC382: 1334,1VRU112BLM1001334
282501,RTX450: 6088,1VR4202UHM1006088
282502,D24X40III: 2489,1VRX200FAM1002489
282503,SC382: 1335,1VRU112BHM1001335
282504,SC382: 1336,1VRU112BEM1001336
282505,SC382: 1337,1VRU112BCM1001337
282506,BC1000XL: 35078,1VRY11198M1035078
282508,SC382: 1328,1VRU112BCM1001328
282509,SPX25: 1573,1VR9070UVM1001573
282510,BC1000XL: 35079,1VRY1119XM1035079
282511,SC382: 1329,1VRU112BVM1001329
282512,CTX160: 694,1VR3080MAM1000694
282513,SC382: 1330,1VRU112BJM1001330
282514,BC1000XL: 35080,1VRY11196M1035080
282516,D20X22III: 2880,1VRA170VCM1002880
282517,RTX550: 4027,1VR91125CM1004027
282518,BC1000XL: 35081,1VRY11198M1035081
282519,BC700XL: 4526,1VRC101V6M1004526
282521,CTX100: 3482,1VRZ080HHM1003482
282522,T655III: 647,1VR7260GTM1000647
282525,SC70TX: 1606,1VRK1203CM1001606
282527,S925TX: 4691,1VRL0705TM1004691
282528,S925TX: 4665,1VRL0705VM1004665
282529,S450TX: 2126,1VRD060BCM1002126
282535,BC900XL: 3632,1VR712163M1003632
282536,BC1000XL: 35082,1VRY1119XM1035082
282540,BC1000XL: 35083,1VRY11191M1035083
282541,S925TX: 4696,1VRL0705VM1004696
282542,D23X30III: 2372,1VRN2007PM1002372
282543,TR5300: 154,56SM39167MF000154
282544,BC1800XL: 10242,1VRY151Z3M1010242
282545,D20X22III: 2881,1VRA170VTM1002881
282546,CTX160: 696,1VR3080MHM1000696
282547,BC1000XL: 35084,1VRY11193M1035084
282548,CTX100: 3480,1VRZ080HAM1003480
282549,SC70TX: 1607,1VRK1203TM1001607
282550,S925TX: 4697,1VRL0705AM1004697
282552,BC1000XL: 35085,1VRY11195M1035085
282553,BC1500: 12365,1VR2181V1M1012365
282556,D10X15III: 2452,1VRA130VCM1002452
282557,BC1000XL: 35086,1VRY11197M1035086
282558,S925TX: 4698,1VRL0705LM1004698
282560,D24X40III: 2490,1VRX200FCM1002490
282562,RTX750: 4092,1VR9112MVM1004092
282563,CTX100: 3483,1VRZ080HEM1003483
282565,BC1000XL: 35087,1VRY11199M1035087
282566,BC1800XL: 10243,1VRY151Z5M1010243
282567,CTX100: 3484,1VRZ080HCM1003484
282570,S450TX: 2127,1VRD060BVM1002127
282571,BC1000XL: 35088,1VRY11190M1035088
282572,PTX44: 1583,1VR8072SLM1001583
282573,S925TX: 4700,1VRL0705CM1004700
282574,SC802: 4027,1VR2151J2M1004027
282575,BC1500: 12366,1VR2181V3M1012366
282576,SPX25: 1575,1VR9070ULM1001575
282577,BC1000XL: 35089,1VRY11192M1035089
282579,CTX160: 697,1VR3080MEM1000697
282580,BC1800XL: 10244,1VRY151Z7M1010244
282581,BC1000XL: 35090,1VRY11199M1035090
282582,D10X15III: 2453,1VRA130VTM1002453
282583,RTX200: 1549,1VR6071RJM1001549
282584,D40X55III: 1683,1VRY240GCM1001683
282585,SC852: 2059,1VR7122LEM1002059
282586,S925TX: 4701,1VRL0705VM1004701
282588,BC1000XL: 35091,1VRY11190M1035091
282589,BC1200XL: 6074,1VR7141Y3M1006074
282593,S925TX: 4699,1VRL0705HM1004699
282598,SC30TX: 4281,1VRC070NLM1004281
282600,S925TX: 4702,1VRL0705AM1004702
282601,BC1800XL: 10245,1VRY151Z9M1010245
282602,D20X22III: 2882,1VRA170VPM1002882
282603,BC700XL: 4527,1VRC101V8M1004527
282604,S925TX: 4703,1VRL0705LM1004703
282605,BC1000XL: 35094,1VRY11196M1035094
282606,CTX160: 698,1VR3080MCM1000698
282607,BC1000XL: 35095,1VRY11198M1035095
282608,BC1500: 12348,1VR2181V1M1012348
282609,CTX100: 3485,1VRZ080HTM1003485
282611,PTX44: 1584,1VR8072SHM1001584
282613,SC70TX: 1608,1VRK1203PM1001608
282614,D40X55III: 1684,1VRY240GVM1001684
282616,BC1000XL: 35092,1VRY11192M1035092
282619,BC1800XL: 10225,1VRY151Z3M1010225
282621,S450TX: 2128,1VRD060BAM1002128
282624,CTX100: 3486,1VRZ080HPM1003486
282625,BC1000XL: 35093,1VRY11194M1035093
282629,AX19: 1041,1VRL19257M1001041
282630,BC1000XL: 35096,1VRY1119XM1035096
282631,BC1000XL: 35097,1VRY11191M1035097
282632,S925TX: 4705,1VRL0705EM1004705
282633,BC1500: 12351,1VR2181V1M1012351
282634,PD10: 3112,1VRB100ZKM1003112
282635,D24X40III: 2491,1VRX200FVM1002491
282636,SC552: 1090,1VR9132UCM1001090
282637,RTX450: 6089,1VR4202UEM1006089
282638,PD5R: 129,1VR6120RVM1000129
282639,RTX550: 4028,1VR91125TM1004028
282640,BC1800XL: 10226,1VRY151Z5M1010226
282642,CTX160: 699,1VR3080MTM1000699
282643,BC1000XL: 35098,1VRY11193M1035098
282644,SPX25: 1574,1VR9070UAM1001574
282645,PD10R: 1085,1VRR1008CM1001085
282646,S925TX: 4706,1VRL0705CM1004706
282648,PD10: 3113,1VRB100ZJM1003113
282649,RTX200: 1550,1VR6071RPM1001550
282651,BC1500: 12356,1VR2181V0M1012356
282652,CTX100: 3487,1VRZ080HKM1003487
282653,S925TX: 4707,1VRL0705TM1004707
282659,SPX25: 1524,1VR9070UCM1001524
282660,BC900XL: 3634,1VR712167M1003634
282662,SC70TX: 1609,1VRK1203KM1001609
282663,BC700XL: 4528,1VRC101VXM1004528
282664,BC1000XL: 35099,1VRY11195M1035099
282665,D20X22III: 2883,1VRA170VKM1002883
282667,BC1000XL: 35100,1VRY11198M1035100
282668,SPX25: 1576,1VR9070UHM1001576
282669,BC1800XL: 10235,1VRY151Z6M1010235
282670,CTX100: 3488,1VRZ080HJM1003488
282671,BC1000XL: 35101,1VRY1119XM1035101
282672,SC382: 1338,1VRU112BTM1001338
282673,PTX44: 1585,1VR8072SEM1001585
282674,SC382: 1339,1VRU112BPM1001339
282677,SC382: 1340,1VRU112BCM1001340
282678,D23X30III: 2373,1VRN2007KM1002373
282679,BC1000XL: 35102,1VRY11191M1035102
282680,SC382: 1341,1VRU112BTM1001341
282681,BC1500: 12358,1VR2181V4M1012358
282682,SPX25: 1577,1VR9070UEM1001577
282683,SC362: 4399,1VRF112YJM1004399
282684,SC362: 4400,1VRF112YCM1004400
282686,D8X12: 1074,1VR7130SCM1001074
282687,CTX160: 700,1VR3080MLM1000700
282688,BC1000XL: 35103,1VRY11193M1035103
282692,BC1000XL: 35104,1VRY11195M1035104
282693,S925TX: 4709,1VRL0705KM1004709
282694,RTX1250I2: 490,1VRR1329LM1000490
282695,BC1800XL: 10239,1VRY151Z3M1010239
282696,BC700XL: 4529,1VRC101V1M1004529
282697,RTX1250I2: 485,1VRR1329VM1000485
282698,S925TX: 4710,1VRL0705TM1004710
282699,BC1000XL: 35105,1VRY11197M1035105
282700,WC2500TX: 1005,1VRF2700LM1001005
282705,D10X15III: 2454,1VRA130VPM1002454
282706,BC1500: 12359,1VR2181V6M1012359
282707,CTX160: 701,1VR3080MHM1000701
282709,PD10: 3114,1VRB100ZCM1003114
282710,BC1000XL: 35107,1VRY11190M1035107
282711,RTX1250I2: 493,1VRR1329CM1000493
282712,SC802: 4028,1VR2151J4M1004028
282713,BC1500: 12361,1VR2181V4M1012361
282714,PTX44: 1586,1VR8072SCM1001586
282715,BC1000XL: 35108,1VRY11192M1035108
282716,S925TX: 4712,1VRL0705KM1004712
282717,SPX25: 1578,1VR9070UCM1001578
282719,D24X40III: 2492,1VRX200FAM1002492
282720,BC1500: 12362,1VR2181V6M1012362
282723,D40X55DRS3: 1040,1VR3240MVM1001040
282724,D20X22III: 2884,1VRA170VJM1002884
282725,S925TX: 4711,1VRL0705PM1004711
282726,RTX750: 4093,1VR9112MAM1004093
282727,D20X22III: 2885,1VRA170VCM1002885
282728,BC700XL: 4530,1VRC101V8M1004530
282729,S925TX: 4704,1VRL0705HM1004704
282730,S925TX: 4708,1VRL0705PM1004708
282731,SC852: 2060,1VR7122LLM1002060
282732,D23X30III: 2374,1VRN2007JM1002374
282733,S925TX: 4633,1VRL0705CM1004633
282734,PTX40: 1055,1VR8072TVM1001055
282735,S925TX: 4713,1VRL0705JM1004713
282736,CTX160: 692,1VR3080MCM1000692
282737,RTX450: 6090,1VR4202ULM1006090
282738,PD10: 3115,1VRB100ZVM1003115
282739,D24X40III: 2493,1VRX200FLM1002493
282743,RTX250: 2630,1VRD070DCM1002630
282744,D10X15III: 2455,1VRA130VKM1002455
282746,BC700XL: 4531,1VRC101VXM1004531
282747,BC1000XL: 35109,1VRY11194M1035109
282748,S925TX: 4714,1VRL0705CM1004714
282752,RTX250: 2629,1VRD070DPM1002629
282754,BC1000XL: 35110,1VRY11190M1035110
282755,SC30TX: 4282,1VRC070NHM1004282
282757,PD10: 3116,1VRB100ZAM1003116
282758,S925TX: 4715,1VRL0705VM1004715
282759,BC1000XL: 35111,1VRY11192M1035111
282760,D40X55III: 1685,1VRY240GAM1001685
282761,CTX160: 702,1VR3080MEM1000702
282762,BC1800XL: 10246,1VRY151Z0M1010246
282763,PTX40: 1056,1VR8072TAM1001056
282764,BC1000XL: 35116,1VRY11191M1035116
282766,BC1000XL: 35115,1VRY1119XM1035115
282767,CTX100: 3459,1VRZ080HVM1003459
282768,BC700XL: 4532,1VRC101V1M1004532
282769,CTX100: 3490,1VRZ080HKM1003490
282770,D24X40III: 2494,1VRX200FHM1002494
282771,RTX250: 2628,1VRD070DTM1002628
282773,D20X22III: 2886,1VRA170VVM1002886
282774,RTX750: 4094,1VR9112MLM1004094
282775,CTX160: 703,1VR3080MCM1000703
282776,BC1500: 12368,1VR2181V7M1012368
282779,S925TX: 4716,1VRL0705AM1004716
282780,BC1000XL: 35117,1VRY11193M1035117
282782,BC1000XL: 35118,1VRY11195M1035118
282783,BC700XL: 4533,1VRC101V3M1004533
282784,BC1800XL: 10247,1VRY151Z2M1010247
282785,CTX100: 3491,1VRZ080HJM1003491
282786,S925TX: 4717,1VRL0705LM1004717
282787,BC1000XL: 35119,1VRY11197M1035119
282788,SPX25: 1579,1VR9070UTM1001579
282789,D24X40III: 2495,1VRX200FEM1002495
282790,SC362: 4401,1VRF112YTM1004401
282792,SC70TX: 1610,1VRK1203TM1001610
282793,BC1000XL: 35114,1VRY11198M1035114
282794,BC1500: 12369,1VR2181V9M1012369
282795,CTX160: 704,1VR3080MTM1000704
282796,SC362: 4402,1VRF112YPM1004402
282799,SC362: 4403,1VRF112YKM1004403
282801,SC362: 4404,1VRF112YJM1004404
282802,S925TX: 4718,1VRL0705HM1004718
282804,SC552: 1091,1VR9132UVM1001091
282805,BC1000XL: 35112,1VRY11194M1035112
282806,PTX40: 1057,1VR8072TLM1001057
282807,CTX100: 3492,1VRZ080HCM1003492
282808,BC1000XL: 35113,1VRY11196M1035113
282809,BC1500: 12370,1VR2181V5M1012370
282810,RTX450: 6091,1VR4202UHM1006091
282811,S925TX: 4719,1VRL0705EM1004719
282812,D8X12: 1075,1VR7130STM1001075
282813,D23X30III: 2375,1VRN2007CM1002375
282816,BC1000XL: 35120,1VRY11193M1035120
282817,CTX160: 705,1VR3080MPM1000705
282819,D10X15III: 2456,1VRA130VJM1002456
282820,RTX200: 1551,1VR6071RKM1001551
282821,BC1200XL: 6075,1VR7141Y5M1006075
282822,SC70TX: 1611,1VRK1203PM1001611
282823,SC30TX: 4283,1VRC070NEM1004283
282824,S925TX: 4720,1VRL0705LM1004720
282827,BC1000XL: 35121,1VRY11195M1035121
282829,BC1500: 12371,1VR2181V7M1012371
282830,CTX100: 3493,1VRZ080HVM1003493
282831,D40X55III: 1686,1VRY240GLM1001686
282832,BC1000XL: 35122,1VRY11197M1035122
282833,RTX1250I2: 495,1VRR1329PM1000495
282834,SC362: 4405,1VRF112YCM1004405
282835,S925TX: 4721,1VRL0705HM1004721
282836,BC1000XL: 35123,1VRY11199M1035123
282837,SC362: 4406,1VRF112YVM1004406
282839,SC30TX: 4284,1VRC070NCM1004284
282840,BC1800XL: 10250,1VRY151Z2M1010250
282841,SC362: 4407,1VRF112YAM1004407
282843,D10X15III: 2457,1VRA130VCM1002457
282845,SC362: 4408,1VRF112YLM1004408
282847,BC700XL: 4534,1VRC101V5M1004534
282848,BC1500: 12372,1VR2181V9M1012372
282851,S450TX: 2129,1VRD060BLM1002129
282853,SC802: 4029,1VR2151J6M1004029
282854,S925TX: 4723,1VRL0705CM1004723
282855,D24X40III: 2496,1VRX200FCM1002496
282857,SPX25: 1580,1VR9070UEM1001580
282858,D20X22III: 2887,1VRA170VAM1002887
282859,CTX160: 706,1VR3080MKM1000706
282861,BC1800XL: 10251,1VRY151Z4M1010251
282864,S925TX: 4724,1VRL0705TM1004724
282865,PTX42: 237,1VRK0724PM1000237
282866,BC1000XL: 35124,1VRY11190M1035124
282867,BC1000XL: 35125,1VRY11192M1035125
282868,RTX450: 6092,1VR4202UEM1006092
282869,CTX100: 3495,1VRZ080HLM1003495
282870,BC1200XL: 6076,1VR7141Y7M1006076
282871,BC1000XL: 35126,1VRY11194M1035126
282873,D23X30III: 2376,1VRN2007VM1002376
282874,S925TX: 4725,1VRL0705PM1004725
282875,BC1500: 12373,1VR2181V0M1012373
282876,SC852: 2061,1VR7122LHM1002061
282877,S925TX: 4662,1VRL0705KM1004662
282879,SC30TX: 4285,1VRC070NTM1004285
282880,SC362: 4409,1VRF112YHM1004409
282881,CTX160: 707,1VR3080MJM1000707
282882,RTX200: 1552,1VR6071RJM1001552
282884,BC900XL: 3636,1VR712160M1003636
282886,SC362: 4410,1VRF112YAM1004410
282887,SC30TX: 4286,1VRC070NPM1004286
282889,BC1000XL: 35127,1VRY11196M1035127
282890,SC292: 2084,1VRF102YAM1002084
282891,BC1800XL: 10253,1VRY151Z8M1010253
282892,TR6450: 102,1VR1402K3MF000102
282894,S925TX: 4726,1VRL0705KM1004726
282895,SC362: 4411,1VRF112YLM1004411
282896,RTX450: 6093,1VR4202UCM1006093
282897,D24X40III: 2497,1VRX200FTM1002497
282898,D20X22III: 2888,1VRA170VLM1002888
282899,BC1000XL: 35128,1VRY11198M1035128
282901,S925TX: 4727,1VRL0705JM1004727
282902,SC70TX: 1612,1VRK1203KM1001612
282904,RTX1250I2: 496,1VRR1329KM1000496
282905,BC1500: 12374,1VR2181V2M1012374
282906,BC1000XL: 35129,1VRY1119XM1035129
282907,BC700XL: 4535,1VRC101V7M1004535
282908,SPX25: 1581,1VR9070UCM1001581
282909,CTX100: 3494,1VRZ080HAM1003494
282910,S925TX: 4663,1VRL0705JM1004663
282915,PD10R: 1086,1VRR1008TM1001086
282916,RTX1250I2: 497,1VRR1329JM1000497
282917,CTX100: 3496,1VRZ080HHM1003496
282918,BC1800XL: 10254,1VRY151ZXM1010254
282927,BC700XL: 4536,1VRC101V9M1004536
282930,CTX160: 708,1VR3080MCM1000708
282931,PTX42: 238,1VRK0724KM1000238
282932,SC70TX: 1613,1VRK1203JM1001613
282933,D23X30III: 2377,1VRN2007AM1002377
282934,S925TX: 4664,1VRL0705CM1004664
282936,BC1500: 12375,1VR2181V4M1012375
282937,RTX750: 4095,1VR9112MHM1004095
282938,SPX25: 1582,1VR9070UTM1001582
282939,CTX100: 3497,1VRZ080HEM1003497
282940,RTX1250I2: 498,1VRR1329CM1000498
282941,T755III: 597,1VR2180R2L1000597
282942,BC1000XL: 35131,1VRY11198M1035131
282943,D10X15III: 2458,1VRA130VVM1002458
282945,D8X12: 1076,1VR7130SPM1001076
282946,S925TX: 4730,1VRL0705JM1004730
282948,BC1000XL: 35132,1VRY1119XM1035132
282949,BC1200XL: 6077,1VR7141Y9M1006077
282950,D24X40III: 2498,1VRX200FPM1002498
282951,RTX450: 6094,1VR4202UTM1006094
282952,BC1500: 12376,1VR2181V6M1012376
282953,BC1000XL: 35133,1VRY11191M1035133
282954,CTX160: 709,1VR3080MVM1000709
282955,S925TX: 4731,1VRL0705CM1004731
282956,SC852: 2062,1VR7122LEM1002062
282957,RTX250: 2631,1VRD070DTM1002631
282958,D10X15III: 2459,1VRA130VAM1002459
282959,S450TX: 2130,1VRD060BVM1002130
282960,BC700XL: 4537,1VRC101V0M1004537
282962,BC1000XL: 35134,1VRY11193M1035134
282963,SC362: 4412,1VRF112YHM1004412
282964,S925TX: 4693,1VRL0705KM1004693
282965,SC362: 4413,1VRF112YEM1004413
282966,BC1800XL: 10255,1VRY151Z1M1010255
282967,SC382: 1342,1VRU112BPM1001342
282968,CTX100: 3498,1VRZ080HCM1003498
282969,D40X55III: 1687,1VRY240GHM1001687
282975,BC1500: 12377,1VR2181V8M1012377
282978,S925TX: 4732,1VRL0705VM1004732
282981,SC30TX: 4287,1VRC070NKM1004287
282982,SC70TX: 1614,1VRK1203CM1001614
282983,PD10: 3117,1VRB100ZLM1003117
282984,D20X22III: 2889,1VRA170VHM1002889
282985,S925TX: 4733,1VRL0705AM1004733
282987,CTX100: 3489,1VRZ080HCM1003489
282988,BC1500: 12378,1VR2181VXM1012378
282989,BC1000XL: 35137,1VRY11199M1035137
282990,SC30TX: 4288,1VRC070NJM1004288
282992,D24X40III: 2499,1VRX200FKM1002499
282993,S925TX: 4694,1VRL0705JM1004694
282994,BC1800XL: 10256,1VRY151Z3M1010256
282995,RTX550: 4030,1VR91125CM1004030
282996,CTX100: 3499,1VRZ080HTM1003499
283000,S925TX: 4734,1VRL0705LM1004734
283001,PD10: 3118,1VRB100ZHM1003118
283003,BC700XL: 4538,1VRC101V2M1004538
283005,D40X55DRS3: 1041,1VR3240MAM1001041
283008,CTX160: 710,1VR3080MJM1000710
283009,S925TX: 4735,1VRL0705HM1004735
283010,BC1500: 12379,1VR2181V1M1012379
283011,SC70TX: 1615,1VRK1203VM1001615
283012,RTX450: 6095,1VR4202UPM1006095
283013,AX19: 1042,1VRL19259M1001042
283014,D20X22III: 2890,1VRA170VAM1002890
283015,WC2500TX: 1006,1VRF2700HM1001006
283016,SPX25: 1583,1VR9070UPM1001583
283017,RTX1250I2: 488,1VRR1329HM1000488
283018,HG6800TX: 1023,1VRK4804LM1001023
283019,CTX100: 3500,1VRZ080HLM1003500
283020,TR626: 10007,1VR8552N0MF010007
283023,S925TX: 4736,1VRL0705EM1004736
283024,BC1800XL: 10257,1VRY151Z5M1010257
283025,D23X30III: 2378,1VRN2007LM1002378
283026,BC700XL: 4539,1VRC101V4M1004539
283028,RTX250: 2632,1VRD070DPM1002632
283029,CTX160: 711,1VR3080MCM1000711
283030,SC292: 2085,1VRF102YLM1002085
283039,SC362: 4414,1VRF112YCM1004414
283040,D8X12: 1077,1VR7130SKM1001077
283041,S925TX: 4722,1VRL0705EM1004722
283042,SC382: 1344,1VRU112BJM1001344
283043,SC852: 2063,1VR7122LCM1002063
283044,SC362: 4415,1VRF112YTM1004415
283045,SC30TX: 4289,1VRC070NCM1004289
283046,S925TX: 4737,1VRL0705CM1004737
283048,D24X40III: 2500,1VRX200FEM1002500
283050,BC1800XL: 10258,1VRY151Z7M1010258
283051,XTS1250I2: 120,1VRY132GTM1000120
283052,CTX100: 3501,1VRZ080HHM1003501
283054,S925TX: 4738,1VRL0705TM1004738
283055,SC30TX: 4290,1VRC070NKM1004290
283056,PTX44: 1588,1VR8072SPM1001588
283058,RTX550: 4031,1VR91125TM1004031
283059,S925TX: 4739,1VRL0705PM1004739
283060,D40X55III: 1688,1VRY200GJM1001688
283061,CTX160: 712,1VR3080MVM1000712
283062,S925TX: 4740,1VRL0705CM1004740
283068,BC900XL: 3637,1VR712162M1003637
283069,D10X15III: 2460,1VRA130VCM1002460
283070,BC700XL: 4540,1VRC101V0M1004540
283071,SC552: 1092,1VR9132UAM1001092
283072,CTX100: 3502,1VRZ080HEM1003502
283073,D20X22III: 2891,1VRA170VLM1002891
283074,BC1000XL: 35143,1VRY11194M1035143
283075,PTX44: 1587,1VR8072STM1001587
283076,SPX25: 1584,1VR9070UKM1001584
283077,PD5R: 130,1VR6120RJM1000130
283078,S925TX: 4741,1VRL0705TM1004741
283079,BC700XL: 4541,1VRC101V2M1004541
283080,BC1000XL: 35144,1VRY11196M1035144
283082,CTX160: 713,1VR3080MAM1000713
283083,BC1000XL: 35161,1VRY11196M1035161
283084,D20X22III: 2892,1VRA170VHM1002892
283086,BC1800XL: 10259,1VRY151Z9M1010259
283087,SC362: 4416,1VRF112YPM1004416
283088,S925TX: 4742,1VRL0705PM1004742
283089,SC382: 1345,1VRU112BCM1001345
283090,SC292: 2086,1VRF102YHM1002086
283091,RTX250: 2633,1VRD070DKM1002633
283092,D23X30III: 2379,1VRN2007HM1002379
283093,BC1000XL: 35162,1VRY11198M1035162
283094,SC362: 4417,1VRF112YKM1004417
283095,CTX100: 3503,1VRZ080HCM1003503
283096,RTX1250I2: 499,1VRR1329VM1000499
283098,PD10: 3119,1VRB100ZEM1003119
283099,S925TX: 4743,1VRL0705KM1004743
283100,PD10R: 1087,1VRR1008PM1001087
283101,SC70TX: 1616,1VRK1203AM1001616
283103,BC700XL: 4542,1VRC101V4M1004542
283104,BC1500: 12381,1VR2181VXM1012381
283105,D10X15III: 2461,1VRA130VVM1002461
283106,PTX44: 1589,1VR8072SKM1001589
283112,D24X40III: 2501,1VRX200FCM1002501
283114,S925TX: 4744,1VRL0705JM1004744
283115,RTX450: 6096,1VR4202UKM1006096
283116,SC30TX: 4291,1VRC070NJM1004291
283118,CTX100: 3504,1VRZ080HTM1003504
283130,S925TX: 4745,1VRL0705CM1004745
283131,SC552: 1093,1VR9132ULM1001093
283132,BC1500: 12382,1VR2181V1M1012382
283133,SC30TX: 4292,1VRC070NCM1004292
283134,CTX160: 714,1VR3080MLM1000714
283142,BC700XL: 4543,1VRC101V6M1004543
283143,BC1000XL: 35164,1VRY11191M1035164
283144,BC1000XL: 35165,1VRY11193M1035165
283145,S450TX: 2131,1VRD060BAM1002131
283146,BC1000XL: 35141,1VRY11190M1035141
283147,D10X15III: 2462,1VRA130VAM1002462
283148,BC1500: 12383,1VR2181V3M1012383
283150,S925TX: 4746,1VRL0705VM1004746
283151,D23X30III: 2380,1VRN2007AM1002380
283152,BC1000XL: 35140,1VRY11199M1035140
283153,CTX100: 3505,1VRZ080HPM1003505
283154,BC1000XL: 35166,1VRY11195M1035166
283155,D20X22III: 2893,1VRA170VEM1002893
283157,BC1000XL: 35167,1VRY11197M1035167
283158,HG6000TX: 3008,1VR2390ACM1003008
283159,S925TX: 4747,1VRL0705AM1004747
283160,BC1200XL: 6079,1VR7141Y2M1006079
283161,SPX25: 1585,1VR9070UJM1001585
283162,BC1800XL: 10261,1VRY151Z7M1010261
283163,BC1000XL: 35139,1VRY11192M1035139
283164,SC382: 1346,1VRU112BVM1001346
283165,CTX160: 715,1VR3080MHM1000715
283166,SC362: 4418,1VRF112YJM1004418
283167,SC362: 4419,1VRF112YCM1004419
283168,D24X40III: 2502,1VRX200FTM1002502
283169,AX19: 1043,1VRL19250M1001043
283170,BC900XL: 3638,1VR712164M1003638
283171,CTX160: 716,1VR3080MEM1000716
283172,RTX250: 2634,1VRD070DJM1002634
283173,BC1500: 12384,1VR2181V5M1012384
283174,D20X22III: 2894,1VRA170VCM1002894
283175,SC802: 4030,1VR2151J2M1004030
283176,BC1000XL: 35168,1VRY11199M1035168
283177,BC700XL: 4544,1VRC101V8M1004544
283178,PTX40: 1059,1VR8072TEM1001059
283179,BC1000XL: 35142,1VRY11192M1035142
283180,S925TX: 4748,1VRL0705LM1004748
283182,PD10: 3120,1VRB100ZLM1003120
283183,BC1000XL: 35169,1VRY11190M1035169
283188,CTX100: 3506,1VRZ080HKM1003506
283189,BC1800XL: 10263,1VRY151Z0M1010263
283190,BC1000XL: 35170,1VRY11197M1035170
283191,S450TX: 2132,1VRD060BLM1002132
283192,S925TX: 4749,1VRL0705HM1004749
283193,BC1000XL: 35171,1VRY11199M1035171
283194,SC30TX: 4293,1VRC070NVM1004293
283195,S925TX: 4750,1VRL0705AM1004750
283196,D23X30III: 2381,1VRN2007LM1002381
283198,D20X22III: 2895,1VRA170VTM1002895
283200,SC852: 2064,1VR7122LTM1002064
283207,CTX100: 3507,1VRZ080HJM1003507
283209,T755III: 608,1VR2180RCM1000608
283210,SPX25: 1586,1VR9070UCM1001586
283211,PTX40: 1058,1VR8072THM1001058
283212,BC1000XL: 35172,1VRY11190M1035172
283213,D10X15III: 2463,1VRA130VLM1002463
283214,S925TX: 4753,1VRL0705EM1004753
283215,SC70TX: 1617,1VRK1203LM1001617
283216,BC1800XL: 10264,1VRY151Z2M1010264
283217,SC30TX: 4294,1VRC070NAM1004294
283219,D24X40III: 2503,1VRX200FPM1002503
283220,S925TX: 4751,1VRL0705LM1004751
283222,RTX750: 4096,1VR9112MEM1004096
283223,BC1000XL: 35174,1VRY11194M1035174
283224,S925TX: 4752,1VRL0705HM1004752
283225,BC1500: 12385,1VR2181V7M1012385
283228,CTX160: 717,1VR3080MCM1000717
283229,D10X15III: 2464,1VRA130VHM1002464
283230,BC1000XL: 35175,1VRY11196M1035175
283234,RTX450: 6097,1VR4202UJM1006097
283235,BC700XL: 4546,1VRC101V1M1004546
283236,RTX1250I2: 500,1VRR1329PM1000500
283237,S925TX: 4754,1VRL0705CM1004754
283239,BC700XL: 4545,1VRC101VXM1004545
283240,BC1000XL: 35176,1VRY11198M1035176
283242,D23X30III: 2382,1VRN2007HM1002382
283243,BC1800XL: 10265,1VRY151Z4M1010265
283244,S925TX: 4763,1VRL0705VM1004763
283245,PD5R: 131,1VR6120RCM1000131
283246,BC1000XL: 35177,1VRY1119XM1035177
283247,PTX44: 1590,1VR8072STM1001590
283248,SC70TX: 1618,1VRK1203HM1001618
283249,BC1500: 12386,1VR2181V9M1012386
283250,D20X22III: 2896,1VRA170VPM1002896
283252,S450TX: 2133,1VRD060BHM1002133
283253,CTX100: 3508,1VRZ080HCM1003508
283254,BC700XL: 4547,1VRC101V3M1004547
283255,S925TX: 4764,1VRL0705AM1004764
283256,RTX450: 6098,1VR4202UCM1006098
283257,BC1800XL: 10266,1VRY151Z6M1010266
283258,D20X22III: 2897,1VRA170VKM1002897
283259,SC30TX: 4296,1VRC070NHM1004296
283260,CTX100: 3509,1VRZ080HVM1003509
283261,D23X30III: 2383,1VRN2007EM1002383
283262,BC700XL: 4548,1VRC101V5M1004548
283264,D60X90S3: 1018,1VRJ2903AM1001018
283265,S925TX: 4765,1VRL0705LM1004765
283266,SC362: 4420,1VRF112YKM1004420
283267,SC362: 4421,1VRF112YJM1004421
283268,TR6400: 111,1VRT402A4MF000111
283270,CTX100: 3510,1VRZ080HJM1003510
283271,SC382: 1348,1VRU112BLM1001348
283272,BC1200XL: 6081,1VR7141Y0M1006081
283273,S925TX: 4766,1VRL0705HM1004766
283274,D10X15III: 2465,1VRA130VEM1002465
283275,D24X40III: 2504,1VRX200FKM1002504
283276,D10X15III: 2466,1VRA130VCM1002466
283277,BC900XL: 3639,1VR712166M1003639
283278,PD10: 3121,1VRB100ZHM1003121
283279,RTX1250I2: 501,1VRR1329KM1000501
283280,AX19: 1044,1VRL19252M1001044
283281,CTX160: 719,1VR3080MPM1000719
283283,S925TX: 4767,1VRL0705EM1004767
283288,PTX44: 1591,1VR8072SPM1001591
283289,BC1500: 12387,1VR2181V0M1012387
283290,SC362: 4422,1VRF112YCM1004422
283291,S925TX: 4768,1VRL0705CM1004768
283292,SC30TX: 4297,1VRC070NEM1004297
283293,SC30TX: 4298,1VRC070NCM1004298
283294,SC382: 1349,1VRU112BHM1001349
283295,D23X30III: 2384,1VRN2007CM1002384
283296,SC362: 4423,1VRF112YVM1004423
283297,RTX750: 4097,1VR9112MCM1004097
283298,SC802: 4031,1VR2151J4M1004031
283299,BC1000XL: 35181,1VRY11191M1035181
283300,SC362: 4424,1VRF112YAM1004424
283301,BC1000XL: 35180,1VRY1119XM1035180
283302,BC700XL: 4549,1VRC101V7M1004549
283304,SC382: 1350,1VRU112BAM1001350
283305,BC1000XL: 35182,1VRY11193M1035182
283307,BC1000XL: 35183,1VRY11195M1035183
283308,S925TX: 4769,1VRL0705TM1004769
283309,SC362: 4425,1VRF112YLM1004425
283310,SC30TX: 4299,1VRC070NTM1004299
283311,SC70TX: 1619,1VRK1203EM1001619
283312,D20X22III: 2898,1VRA170VJM1002898
283313,SC362: 4426,1VRF112YHM1004426
283314,SC362: 4427,1VRF112YEM1004427
283315,D23X30III: 2385,1VRN2007TM1002385
283317,BC1000XL: 35179,1VRY11193M1035179
283318,S925TX: 4770,1VRL0705EM1004770
283320,BC1500: 12388,1VR2181V2M1012388
283321,BC1000XL: 35184,1VRY11197M1035184
283322,RTX200: 1528,1VR6071RCM1001528
283323,BC700XL: 4550,1VRC101V3M1004550
283324,SC552: 1094,1VR9132UHM1001094
283326,CTX100: 3512,1VRZ080HVM1003512
283329,SPX25: 1587,1VR9070UVM1001587
283330,PTX44: 1592,1VR8072SKM1001592
283331,SC70TX: 1620,1VRK1203LM1001620
283332,CTX160: 721,1VR3080MTM1000721
283336,D20X22III: 2899,1VRA170VCM1002899
283337,CTX100: 3513,1VRZ080HAM1003513
283338,BC1500: 12389,1VR2181V4M1012389
283339,D8X12: 1078,1VR7130SJM1001078
283340,CTX160: 722,1VR3080MPM1000722
283341,CTX100: 3514,1VRZ080HLM1003514
283342,PD5R: 132,1VR6120RVM1000132
283343,S450TX: 2134,1VRD060BEM1002134
283344,CTX160: 723,1VR3080MKM1000723
283348,D40X55III: 1689,1VRY200GCM1001689
283350,D10X15III: 2467,1VRA130VTM1002467
283351,CTX100: 3515,1VRZ080HHM1003515
283352,BC1200XL: 6082,1VR7141Y2M1006082
283353,RTX200: 1553,1VR6071RCM1001553
283354,SC852: 2065,1VR7122LPM1002065
283355,RTX450: 6099,1VR4202UVM1006099
283356,PD10: 3122,1VRB100ZEM1003122
283357,RTX1250I2: 489,1Vrr1329EM1000489
283358,S925TX: 4771,1VRL0705CM1004771
283361,SC30TX: 4300,1VRC070NLM1004300
283362,BC700XL: 4551,1VRC101V5M1004551
283364,RTX1250I2: 502,1VRR1329JM1000502
283365,CTX160: 720,1VR3080MCM1000720
283366,SC30TX: 4295,1VRC070NLM1004295
283367,BC1000XL: 35178,1VRY11191M1035178
283368,CTX160: 724,1VR3080MJM1000724
283370,BC1500: 12390,1VR2181V0M1012390
283371,S925TX: 4772,1VRL0705TM1004772
283372,PTX40: 1060,1VR8072TLM1001060
283373,CTX100: 3516,1VRZ080HEM1003516
283374,SC552: 1095,1VR9132UEM1001095
283375,SPX25: 1588,1VR9070UAM1001588
283376,D20X22III: 2900,1VRA170VTM1002900
283377,S925TX: 4773,1VRL0705PM1004773
283378,SC292: 2088,1VRF102YCM1002088
283379,SC362: 4428,1VRF112YCM1004428
283381,SC382: 1351,1VRU112BLM1001351
283382,SC362: 4429,1VRF112YTM1004429
283385,D24X40III: 2505,1VRX200FJM1002505
283386,D23X30III: 2386,1VRN2007PM1002386
283387,RTX550: 4033,1VR91125KM1004033
283388,BC700XL: 4552,1VRC101V7M1004552
283389,SC70TX: 1621,1VRK1203HM1001621
283390,D23X30III: 2387,1VRN2007KM1002387
283391,RTX200: 1554,1VR6071RVM1001554
283392,D24X40III: 2506,1VRX200FCM1002506
283393,PTX40: 1061,1VR8072THM1001061
283394,RTX450: 6100,1VR4202UPM1006100
283395,SC30TX: 4301,1VRC070NHM1004301
283396,SC70TX: 1622,1VRK1203EM1001622
283397,S925TX: 4774,1VRL0705KM1004774
283398,BC1000XL: 35210,1VRY11194M1035210
283399,SC362: 4430,1VRF112YEM1004430
283400,SC382: 1352,1VRU112BHM1001352
283401,D20X22III: 2901,1VRA170VPM1002901
283402,SC292: 2089,1VRF102YTM1002089
283403,D24X40III: 2507,1VRX200FVM1002507
283404,PD10: 3123,1VRB100ZCM1003123
283405,SC362: 4431,1VRF112YCM1004431
283408,HG6800TX: 1024,1VRK4804HM1001024
283409,BC1000XL: 35211,1VRY11196M1035211
283410,BC1800XL: 10267,1VRY151Z8M1010267
283411,BC700XL: 4553,1VRC101V9M1004553
283412,CTX160: 725,1VR3080MCM1000725
283414,S925TX: 4775,1VRL0705JM1004775
283415,D10X15III: 2468,1VRA130VPM1002468
283416,SPX25: 1589,1VR9070ULM1001589
283417,BC1500: 12391,1VR2181V2M1012391
283418,BC900XL: 3640,1VR712162M1003640
283419,BC1000XL: 35212,1VRY11198M1035212
283422,CTX100: 3517,1VRZ080HCM1003517
283423,D23X30III: 2388,1VRN2007JM1002388
283424,BC1800XL: 10268,1VRY151ZXM1010268
283426,S925TX: 4776,1VRL0705CM1004776
283434,SC382: 1353,1VRU112BEM1001353
283435,SC362: 4432,1VRF112YTM1004432
283436,BC1000XL: 35213,1VRY1119XM1035213
283437,SC362: 4433,1VRF112YPM1004433
283438,CTX160: 726,1VR3080MVM1000726
283439,SC382: 1354,1VRU112BCM1001354
283440,SC802: 4032,1VR2151J6M1004032
283441,BC1000XL: 35214,1VRY11191M1035214
283442,PTX40: 1062,1VR8072TEM1001062
283443,D24X40III: 2508,1VRX200FAM1002508
283444,D10X15III: 2469,1VRA130VKM1002469
283445,SC30TX: 4302,1VRC070NEM1004302
283446,BC1000XL: 35215,1VRY11193M1035215
283447,AX19: 1045,1VRL19254M1001045
283448,BC1800XL: 10269,1VRY151Z1M1010269
283449,S925TX: 4777,1VRL0705VM1004777
283452,SC70TX: 1623,1VRK1203CM1001623
283453,BC1500: 12393,1VR2181V6M1012393
283454,RTX550: 4034,1VR91125JM1004034
283455,D20X22III: 2902,1VRA170VKM1002902
283456,S925TX: 4778,1VRL0705AM1004778
283457,D24X40III: 2509,1VRX200FLM1002509
283460,CTX100: 3518,1VRZ080HTM1003518
283461,S925TX: 4779,1VRL0705LM1004779
283462,BC1000XL: 35216,1VRY11195M1035216
283463,CTX160: 727,1VR3080MAM1000727
283464,BC1000XL: 35217,1VRY11197M1035217
283465,PD10: 3124,1VRB100ZTM1003124
283466,BC700XL: 4554,1VRC101V0M1004554
283467,BC1800XL: 10270,1VRY151Z8M1010270
283468,D20X22III: 2903,1VRA170VJM1002903
283471,D23X30III: 2389,1VRN2007CM1002389
283473,VXT300: 101,1MV5250PKMG000101
283476,S925TX: 4780,1VRL0705VM1004780
283479,SPX25: 1590,1VR9070UVM1001590
283480,SC70TX: 1624,1VRK1203TM1001624
283481,BC900XL: 3641,1VR712164M1003641
283482,CTX100: 3520,1VRZ080HCM1003520
283484,BC1000XL: 35160,1VRY11194M1035160
283485,RTX1250I2: 503,1VRR1329CM1000503
283486,S925TX: 4781,1VRL0705AM1004781
283488,BC700XL: 4555,1VRC101V2M1004555
283492,RTX450: 6101,1VR4202UKM1006101
283493,BC1000XL: 35219,1VRY11190M1035219
283495,D10X15III: 2470,1VRA130VTM1002470
283501,BC1000XL: 35220,1VRY11197M1035220
283502,PTX40: 1063,1VR8072TCM1001063
283503,SPX25: 1591,1VR9070UAM1001591
283505,D40X55III: 1690,1VRY240GHM1001690
283506,BC1000XL: 35206,1VRY11192M1035206
283508,BC1500: 12395,1VR2181VXM1012395
283509,SC852: 2066,1VR7122LKM1002066
283511,D24X40III: 2510,1VRX200FVM1002510
283513,SC292: 2090,1VRF102YEM1002090
283514,BC1000XL: 35221,1VRY11199M1035221
283515,S925TX: 4782,1VRL0705LM1004782
283517,CTX100: 3521,1VRZ080HTM1003521
283518,D20X22III: 2904,1VRA170VCM1002904
283521,BC700XL: 4556,1VRC101V4M1004556
283522,BC1200XL: 6083,1VR7141Y4M1006083
283524,SC70TX: 1625,1VRK1203PM1001625
283526,CTX100: 3522,1VRZ080HPM1003522
283527,RTX750: 4098,1VR9112MTM1004098
283528,BC1500: 12396,1VR2181V1M1012396
283530,CTX100: 3519,1VRZ080HPM1003519
283531,CTX160: 729,1VR3080MHM1000729
283535,D24X40III: 2511,1VRX200FAM1002511
283536,SC362: 4435,1VRF112YJM1004435
283537,SC382: 1355,1VRU112BTM1001355
283538,CTX160: 728,1VR3080MLM1000728
283539,BC1000XL: 35222,1VRY11190M1035222
283540,SC362: 4434,1VRF112YKM1004434
283541,CTX100: 3523,1VRZ080HKM1003523
283542,BC700XL: 4557,1VRC101V6M1004557
283544,T655III: 648,1VR7260GPM1000648
283545,SC362: 4436,1VRF112YCM1004436
283546,BC1800XL: 10272,1VRY151Z1M1010272
283547,SC382: 1356,1VRU112BPM1001356
283548,RTX1250I2: 504,1VRR1329VM1000504
283549,SC362: 4437,1VRF112YVM1004437
283550,BC1000XL: 35223,1VRY11192M1035223
283551,RTX250: 2635,1VRD070DCM1002635
283552,SC362: 4438,1VRF112YAM1004438
283553,CTX160: 730,1VR3080MAM1000730
283554,D23X30III: 2390,1VRN2007KM1002390
283556,BC1000XL: 35224,1VRY11194M1035224
283557,SC30TX: 4303,1VRC070NCM1004303
283558,SC70TX: 1626,1VRK1203KM1001626
283559,BC1500: 12397,1VR2181V3M1012397
283560,CTX100: 3524,1VRZ080HJM1003524
283561,BC1000XL: 35145,1VRY11198M1035145
283562,D20X22III: 2905,1VRA170VVM1002905
283564,BC700XL: 4558,1VRC101V8M1004558
283566,S925TX: 4791,1VRL0705KM1004791
283567,BC1500: 12398,1VR2181V5M1012398
283568,RTX450: 6102,1VR4202UJM1006102
283570,BC1000XL: 35146,1VRY1119XM1035146
283571,TR5300: 155,56SM39169MF000155
283573,CTX160: 731,1VR3080MLM1000731
283574,HG6000: 3007,1VRY39311M1003007
283575,BC900XL: 3642,1VR712166M1003642
283576,SC70TX: 1627,1VRK1203JM1001627
283577,BC700XL: 4559,1VRC101VXM1004559
283578,S925TX: 4792,1VRL0705JM1004792
283579,D24X40III: 2512,1VRX200FLM1002512
283581,D10X15III: 2471,1VRA130VPM1002471
283583,BC1000XL: 35147,1VRY11191M1035147
283585,CTX100: 3525,1VRZ080HCM1003525
283588,SC30TX: 4304,1VRC070NTM1004304
283589,BC1200XL: 6084,1VR7141Y6M1006084
283590,ATS Test 3222 - RevG (FL-OM Team),1VRxxxxxxxxxx3222
283592,D24X40III: 2513,1VRX200FHM1002513
283593,BC1000XL: 35148,1VRY11193M1035148
283594,CTX160: 732,1VR3080MHM1000732
283595,RTX250: 2637,1VRD070DAM1002637
283597,S925TX: 4793,1VRL0705CM1004793
283598,BC700XL: 4560,1VRC101V6M1004560
283600,D100X140S3: 310,1VRB360WTM1000310
283603,BC1000XL: 35149,1VRY11195M1035149
283604,D10X15III: 2472,1VRA130VKM1002472
283605,S925TX: 4794,1VRL0705VM1004794
283606,PTX44: 1593,1VR8072SJM1001593
283607,SC552: 1096,1VR9132UCM1001096
283608,PD10: 3125,1VRB100ZPM1003125
283609,TG7000: 2021,1VRY46362M1002021
283610,RTX250: 2638,1VRD070DLM1002638
283611,BC1000XL: 35150,1VRY11191M1035150
283612,RTX1250I2: 505,1VRR1329AM1000505
283614,D20X22III: 2906,1VRA170VAM1002906
283615,BC1800XL: 10274,1VRY151Z5M1010274
283617,BC700XL: 4561,1VRC101V8M1004561
283623,BC1000XL: 35151,1VRY11193M1035151
283624,D23X30III: 2391,1VRN2007JM1002391
283625,S925TX: 4796,1VRL0705LM1004796
283626,SPX25: 1593,1VR9070UHM1001593
283627,BC1500: 12400,1VR2181VXM1012400
283628,PTX40: 1064,1VR8072TTM1001064
283629,S925TX: 4797,1VRL0705HM1004797
283630,D20X22III: 2907,1VRA170VLM1002907
283632,BC1000XL: 35152,1VRY11195M1035152
283634,CTX100: 3527,1VRZ080HAM1003527
283635,BC1200XL: 6085,1VR7141Y8M1006085
283636,RTX250: 2636,1VRD070DVM1002636
283637,SC70TX: 1628,1VRK1203CM1001628
283638,S450TX: 2135,1VRD060BCM1002135
283639,BC1000XL: 35153,1VRY11197M1035153
283643,D10X15III: 2473,1VRA130VJM1002473
283644,SC382: 1357,1VRU112BKM1001357
283645,RTX200: 1555,1VR6071RAM1001555
283647,SC362: 4439,1VRF112YLM1004439
283648,D24X40III: 2514,1VRX200FEM1002514
283649,SC362: 4440,1VRF112YVM1004440
283650,RTX450: 6103,1VR4202UCM1006103
283651,SC382: 1358,1VRU112BJM1001358
283652,TG9000: 215,1VRY46485M1000215
283653,BC1800XL: 10275,1VRY151Z7M1010275
283654,BC1000XL: 35154,1VRY11199M1035154
283655,PD10R: 1088,1VRR1008KM1001088
283657,S450TX: 2136,1VRD060BTM1002136
283659,BC1500: 12401,1VR2181V1M1012401
283660,BC1000XL: 35155,1VRY11190M1035155
283661,D8X12: 1079,1VR7130SCM1001079
283662,SC70TX: 1629,1VRK1203VM1001629
283663,PD5R: 133,1VR6120RAM1000133
283664,S925TX: 4799,1VRL0705CM1004799
283666,BC1000XL: 35156,1VRY11192M1035156
283667,SC362: 4441,1VRF112YAM1004441
283668,CTX160: 735,1VR3080MTM1000735
283670,BC1500: 12402,1VR2181V3M1012402
283671,SC362: 4442,1VRF112YLM1004442
283672,PTX44: 1594,1VR8072SCM1001594
283673,D40X55III: 1691,1VRY200GJM1001691
283674,SC382: 1359,1VRU112BCM1001359
283675,SC362: 4443,1VRF112YHM1004443
283676,SC70TX: 1630,1VRK1203JM1001630
283677,S925TX: 4800,1VRL0705AM1004800
283681,BC1000XL: 35157,1VRY11194M1035157
283682,D20X22III: 2908,1VRA170VHM1002908
283683,CTX100: 3528,1VRZ080HLM1003528
283684,PD10: 3126,1VRB100ZKM1003126
283685,CTX160: 734,1VR3080MCM1000734
283686,BC1000XL: 35158,1VRY11196M1035158
283687,S450TX: 2137,1VRD060BPM1002137
283688,BC700XL: 4562,1VRC101VXM1004562
283689,SC30TX: 4305,1VRC070NPM1004305
283690,SC30TX: 4306,1VRC070NKM1004306
283691,BC700XL: 4563,1VRC101V1M1004563
283692,BC1800XL: 10276,1VRY151Z9M1010276
283694,SPX25: 1594,1VR9070UEM1001594
283695,CTX100: 3529,1VRZ080HHM1003529
283710,D23X30III: 2392,1VRN2007CM1002392
283711,BC1000XL: 35159,1VRY11198M1035159
283712,BC1500: 12403,1VR2181V5M1012403
283713,S925TX: 4798,1VRL0705EM1004798
283714,RTX250: 2639,1VRD070DHM1002639
283715,CTX160: 736,1VR3080MPM1000736
283716,D20X22III: 2909,1VRA170VEM1002909
283717,RTX750: 4099,1VR9112MPM1004099
283718,BC1000XL: 35187,1VRY11192M1035187
283719,CTX160: 733,1VR3080MEM1000733
283720,PTX42: 239,1VRK0724JM1000239
283721,CTX100: 3530,1VRZ080HAM1003530
283722,CTX100: 3526,1VRZ080HVM1003526
283723,BC700XL: 4564,1VRC101V3M1004564
283724,BC1800XL: 10277,1VRY151Z0M1010277
283725,D10X15III: 2474,1VRA130VCM1002474
283727,CTX160: 737,1VR3080MKM1000737
283747,RTX1250I2: 491,1VRR1329HM1000491
283748,SC30TX: 4307,1VRC070NJM1004307
283752,BC1500: 12404,1VR2181V7M1012404
283757,CTX100: 3531,1VRZ080HLM1003531
283759,PD5R: 134,1VR6120RLM1000134
283760,SC30TX: 4308,1VRC070NCM1004308
283761,D24X40III: 2515,1VRX200FCM1002515
283762,CTX100: 3532,1VRZ080HHM1003532
283763,SC802: 4033,1VR2151J8M1004033
283765,S925TX: 4810,1VRL0705KM1004810
283768,RTX1250I2: 506,1VRR1329LM1000506
283769,S925TX: 4811,1VRL0705JM1004811
283770,BC700XL: 4565,1VRC101V5M1004565
283771,D10X15III: 2475,1VRA130VVM1002475
283772,SC70TX: 1631,1VRK1203CM1001631
283773,D24X40III: 2516,1VRX200FTM1002516
283774,D40X55III: 540,1VRY240G8L1000540
283775,CTX160: 738,1VR3080MJM1000738
283776,S925TX: 4795,1VRL0705AM1004795
283777,D20X22III: 2910,1VRA170VLM1002910
283778,S925TX: 4812,1VRL0705CM1004812
283779,SPX25: 1595,1VR9070UCM1001595
283780,CTX100: 3533,1VRZ080HEM1003533
283781,RTX750: 4100,1VR9112MHM1004100
283782,RTX200: 1556,1VR6071RLM1001556
283783,S925TX: 4813,1VRL0705VM1004813
283784,SC30TX: 4309,1VRC070NVM1004309
283785,D20X22III: 2911,1VRA170VHM1002911
283786,SC30TX: 4310,1VRC070NJM1004310
283787,PD10: 3128,1VRB100ZCM1003128
283788,CTX160: 739,1VR3080MCM1000739
283789,PTX44: 1595,1VR8072SVM1001595
283790,S925TX: 4814,1VRL0705AM1004814
283795,SPX25: 1592,1VR9070ULM1001592
283797,AX19: 1046,1VRL19256M1001046
283798,CTX100: 3534,1VRZ080HCM1003534
283799,BC1000XL: 35189,1VRY11196M1035189
283800,S450TX: 2138,1VRD060BKM1002138
283801,RTX450: 6104,1VR4202UVM1006104
283802,S925TX: 4815,1VRL0705LM1004815
283803,BC1500: 12405,1VR2181V9M1012405
283804,CTX100: 3511,1VRZ080HCM1003511
283805,RTX550: 4035,1VR91125CM1004035
283806,BC700XL: 4566,1VRC101V7M1004566
283807,D23X30III: 2393,1VRN2007VM1002393
283808,CTX160: 740,1VR3080MKM1000740
283809,S925TX: 4816,1VRL0705HM1004816
283810,BC1800XL: 10278,1VRY151Z2M1010278
283811,D10X15III: 2476,1VRA130VAM1002476
283812,PD10: 3129,1VRB100ZVM1003129
283813,SPX25: 1596,1VR9070UTM1001596
283814,S925TX: 4817,1VRL0705EM1004817
283815,PD10: 3127,1VRB100ZJM1003127
283816,PTX44: 1596,1VR8072SAM1001596
283817,SC70TX: 1632,1VRK1203VM1001632
283818,RTX450: 6105,1VR4202UAM1006105
283821,RTX250: 2640,1VRD070DAM1002640
283824,PD5: 102,1VRN1206VM1000102
283829,D24X40III: 2517,1VRX200FPM1002517
283830,SC30TX: 4311,1VRC070NCM1004311
283832,CTX160: 741,1VR3080MJM1000741
283834,SC852: 2067,1VR7122LJM1002067
283835,SC30TX: 4312,1VRC070NVM1004312
283836,S925TX: 4819,1VRL0705TM1004819
283839,T1255III: 626,1VR230063L1000626
283840,BC900XL: 3643,1VR712168M1003643
283841,BC1000XL: 35190,1VRY11192M1035190
283842,BC1800XL: 10280,1VRY151Z0M1010280
283843,CTX100: 3536,1VRZ080HPM1003536
283844,D24X40III: 2518,1VRX200FKM1002518
283845,S925TX: 4820,1VRL0705EM1004820
283846,BC700XL: 4567,1VRC101V9M1004567
283847,S925TX: 4818,1VRL0705CM1004818
283848,S925TX: 4821,1VRL0705CM1004821
283850,RTX1250I2: 507,1VRR1329HM1000507
283851,SC70TX: 1633,1VRK1203AM1001633
283852,D20X22III: 2912,1VRA170VEM1002912
283853,CTX100: 3535,1VRZ080HTM1003535
283855,PD10: 3130,1VRB100ZJM1003130
283856,BC1000XL: 35191,1VRY11194M1035191
283858,BC1500: 12408,1VR2181V4M1012408
283859,CTX100: 3537,1VRZ080HKM1003537
283860,SPX25: 1597,1VR9070UPM1001597
283862,BC1000XL: 35192,1VRY11196M1035192
283863,PD5R: 135,1VR6120RHM1000135
283864,S925TX: 4822,1VRL0705TM1004822
283865,PTX44: 1597,1VR8072SLM1001597
283866,BC1000XL: 35193,1VRY11198M1035193
283867,CTX160: 742,1VR3080MCM1000742
283868,BC1800XL: 10282,1VRY151Z4M1010282
283869,SC70TX: 1634,1VRK1203LM1001634
283870,S925TX: 4823,1VRL0705PM1004823
283871,D23X30III: 2394,1VRN2007AM1002394
283872,BC1000XL: 35194,1VRY1119XM1035194
283873,BC700XL: 4568,1VRC101V0M1004568
283874,D10X15III: 2477,1VRA130VLM1002477
283875,BC1000XL: 35195,1VRY11191M1035195
283876,BC1500: 12409,1VR2181V6M1012409
283877,BC1000XL: 35227,1VRY1119XM1035227
283878,SC30TX: 4313,1VRC070NAM1004313
283880,BC1000XL: 35229,1VRY11193M1035229
283882,S925TX: 4824,1VRL0705KM1004824
283884,BC1500: 12410,1VR2181V2M1012410
283885,RTX1250I2: 508,1VRR1329EM1000508
283886,BC900XL: 3644,1VR71216XM1003644
283887,RTX450: 6106,1VR4202ULM1006106
283888,BC1000XL: 35196,1VRY11193M1035196
283889,SC552: 1097,1VR9132UTM1001097
283890,S450TX: 2139,1VRD060BJM1002139
283892,SC30TX: 4314,1VRC070NLM1004314
283893,PD10: 3131,1VRB100ZCM1003131
283894,BC1000XL: 35225,1VRY11196M1035225
283896,BC1000XL: 35228,1VRY11191M1035228
283897,CTX160: 743,1VR3080MVM1000743
283898,BC1000XL: 35197,1VRY11195M1035197
283900,BC1500: 12411,1VR2181V4M1012411
283901,BC700XL: 4569,1VRC101V2M1004569
283902,D24X40III: 2519,1VRX200FJM1002519
283903,S925TX: 4825,1VRL0705JM1004825
283904,D20X22III: 2913,1VRA170VCM1002913
283905,BC1000XL: 35198,1VRY11197M1035198
283906,S925TX: 4826,1VRL0705CM1004826
283907,BC1000XL: 35231,1VRY11191M1035231
283908,SPX25: 1598,1VR9070UKM1001598
283909,BC1000XL: 35199,1VRY11199M1035199
283910,S925TX: 4827,1VRL0705VM1004827
283911,PTX40: 1065,1VR8072TPM1001065
283912,D40X55DRS3: 1042,1VR3240MLM1001042
283913,AX19: 1047,1VRL19258M1001047
283915,BC1000XL: 35200,1VRY11191M1035200
283921,CTX100: 3539,1VRZ080HCM1003539
283922,SC802: 4034,1VR2151JXM1004034
283923,RTX250: 2642,1VRD070DHM1002642
283924,D24X40III: 2520,1VRX200FPM1002520
283926,BC1000XL: 35201,1VRY11193M1035201
283927,D20X22III: 2914,1VRA170VTM1002914
283928,CTX160: 744,1VR3080MAM1000744
283929,BC1800XL: 10283,1VRY151Z6M1010283
283930,SC30TX: 4315,1VRC070NHM1004315
283931,BC1000XL: 35202,1VRY11195M1035202
283932,CTX100: 3540,1VRZ080HKM1003540
283933,SC70TX: 1635,1VRK1203HM1001635
283935,BC1500: 12412,1VR2181V6M1012412
283937,SC30TX: 4316,1VRC070NEM1004316
283938,PTX40: 1066,1VR8072TKM1001066
283939,RTX450: 6107,1VR4202UHM1006107
283943,BC1000XL: 35226,1VRY11198M1035226
283945,BC900XL: 3645,1VR712161M1003645
283946,PD10R: 1089,1VRR1008JM1001089
283947,BC1000XL: 35203,1VRY11197M1035203
283948,S925TX: 4828,1VRL0705AM1004828
283949,BC700XL: 4570,1VRC101V9M1004570
283950,BC1200XL: 6087,1VR7141Y1M1006087
283951,CTX160: 745,1VR3080MLM1000745
283952,D8X12: 1080,1VR7130SKM1001080
283953,HG6800TX: 1025,1VRK4804EM1001025
283954,D23X30III: 2395,1VRN2007LM1002395
283955,BC1000XL: 35230,1VRY1119XM1035230
283956,D10X15III: 2480,1VRA130VLM1002480
283957,BC1000XL: 35204,1VRY11199M1035204
283958,S925TX: 4829,1VRL0705LM1004829
283960,BC1000XL: 35205,1VRY11190M1035205
283961,SPX25: 1599,1VR9070UJM1001599
283962,BC1500: 12413,1VR2181V8M1012413
283966,CTX100: 3541,1VRZ080HJM1003541
283971,BC1000XL: 35232,1VRY11193M1035232
283972,S925TX: 4830,1VRL0705VM1004830
283973,RTX200: 1557,1VR6071RHM1001557
283974,D24X40III: 2521,1VRX200FKM1002521
283975,BC1000XL: 35234,1VRY11197M1035234
283976,BC700XL: 4571,1VRC101V0M1004571
283977,PD10: 3132,1VRB100ZVM1003132
283978,CTX100: 3542,1VRZ080HCM1003542
283980,SC70TX: 1636,1VRK1203EM1001636
283982,D20X22III: 2915,1VRA170VPM1002915
283983,BC1000XL: 35233,1VRY11195M1035233
283984,RTX450: 6108,1VR4202UEM1006108
283985,S450TX: 2140,1VRD060BPM1002140
283986,BC1500: 12414,1VR2181VXM1012414
283990,S925TX: 4832,1VRL0705LM1004832
283991,SC30TX: 4317,1VRC070NCM1004317
283994,CTX100: 3543,1VRZ080HVM1003543
284000,BC1000XL: 35235,1VRY11199M1035235
284001,CTX160: 746,1VR3080MHM1000746
284002,SC552: 1098,1VR9132UPM1001098
284003,BC1000XL: 35236,1VRY11190M1035236
284004,RTX250: 2641,1VRD070DLM1002641
284005,S925TX: 4834,1VRL0705EM1004834
284006,PD10: 3133,1VRB100ZAM1003133
284007,D24X40III: 2522,1VRX200FJM1002522
284008,BC1200XL: 6088,1VR7141Y3M1006088
284009,SC30TX: 4318,1VRC070NTM1004318
284010,D20X22III: 2916,1VRA170VKM1002916
284011,BC1000XL: 35237,1VRY11192M1035237
284012,CTX100: 3544,1VRZ080HAM1003544
284013,BC700XL: 4572,1VRC101V2M1004572
284015,BC1000XL: 35238,1VRY11194M1035238
284016,RTX1250I2: 510,1VRR1329HM1000510
284017,BC1800XL: 10285,1VRY151ZXM1010285
284019,CTX160: 747,1VR3080MEM1000747
284024,AX19: 1048,1VRL1925XM1001048
284027,RTX250: 2643,1VRD070DEM1002643
284028,BC1000XL: 35239,1VRY11196M1035239
284029,D23X30III: 2396,1VRN2007HM1002396
284036,SC852: 2068,1VR7122LCM1002068
284039,BC1000XL: 35240,1VRY11192M1035240
284043,D8X12: 1081,1VR7130SJM1001081
284044,S925TX: 4836,1VRL0705TM1004836
284045,BC1200XL: 6089,1VR7141Y5M1006089
284046,BC700XL: 4573,1VRC101V4M1004573
284047,CTX100: 3545,1VRZ080HLM1003545
284048,PD10R: 1090,1VRR1008PM1001090
284050,CTX160: 748,1VR3080MCM1000748
284054,BC900XL: 3646,1VR712163M1003646
284055,SC30TX: 4319,1VRC070NPM1004319
284058,BC1000XL: 35241,1VRY11194M1035241
284061,PTX40: 1067,1VR8072TJM1001067
284063,D24X40III: 2523,1VRX200FCM1002523
284064,RTX750: 4101,1VR9112MEM1004101
284066,BC1800XL: 10286,1VRY151Z1M1010286
284067,D10X15III: 2481,1VRA130VHM1002481
284070,S925TX: 4838,1VRL0705KM1004838
284072,BC700XL: 4574,1VRC101V6M1004574
284074,RTX750: 4102,1VR9112MCM1004102
284076,BC1500: 12417,1VR2181V5M1012417
284077,SC70TX: 1637,1VRK1203CM1001637
284078,BC1000XL: 35242,1VRY11196M1035242
284079,CTX100: 3546,1VRZ080HHM1003546
284084,BC1000XL: 35243,1VRY11198M1035243
284089,CTX100: 3547,1VRZ080HEM1003547
284091,PTX42: 240,1VRK0724PM1000240
284092,BC700XL: 4575,1VRC101V8M1004575
284093,D23X30III: 2397,1VRN2007EM1002397
284094,CTX100: 3538,1VRZ080HJM1003538
284095,S925TX: 4840,1VRL0705PM1004840
284097,SC30TX: 4320,1VRC070NCM1004320
284098,SC70TX: 1638,1VRK1203TM1001638
284099,D10X15III: 2482,1VRA130VEM1002482
284100,PD5R: 112,1VR6120RKM1000112
284101,PD10: 3134,1VRB100ZLM1003134
284102,BC700XL: 4576,1VRC101VXM1004576
284103,PD5R: 113,1VR6120RJM1000113
284104,PD5R: 114,1VR6120RCM1000114
284105,D24X40III: 2524,1VRX200FVM1002524
284106,SC30TX: 4321,1VRC070NTM1004321
284107,D20X22III: 2917,1VRA170VJM1002917
284108,RTX450: 6109,1VR4202UCM1006109
284109,SC30TX: 4322,1VRC070NPM1004322
284118,D23X30III: 2398,1VRN2007CM1002398
284123,D20X22III: 2918,1VRA170VCM1002918
284128,RTX550: 4029,1VR91125PM1004029
284143,BC1000XL: 35244,1VRY1119XM1035244
284144,S925TX: 4841,1VRL0705KM1004841
284145,CTX160: 749,1VR3080MTM1000749
284147,BC700XL: 4577,1VRC101V1M1004577
284148,SC802: 4035,1VR2151J1M1004035
284149,BC1200XL: 6090,1VR7141Y1M1006090
284152,D8X12: 1082,1VR7130SCM1001082
284153,S925TX: 4842,1VRL0705JM1004842
284154,SC292: 2091,1VRF102YCM1002091
284155,SPX25: 1600,1VR9070UCM1001600
284156,BC1500: 12418,1VR2181V7M1012418
284158,CTX100: 3548,1VRZ080HCM1003548
284159,D10X15III: 2483,1VRA130VCM1002483
284160,SC362: 4446,1VRF112YTM1004446
284163,SC362: 4445,1VRF112YCM1004445
284164,D24X40III: 2525,1VRX200FAM1002525
284165,SC362: 4444,1VRF112YEM1004444
284166,S925TX: 4843,1VRL0705CM1004843
284167,SC70TX: 1639,1VRK1203PM1001639
284169,CTX160: 750,1VR3080MEM1000750
284170,D220X500S3: 102,1VR4500NHM1000102
284172,PTX42: 241,1VRK0724KM1000241
284173,RTX550: 4032,1VR91125PM1004032
284174,S925TX: 4844,1VRL0705VM1004844
284175,PD5R: 136,1VR6120REM1000136
284176,CTX100: 3549,1VRZ080HTM1003549
284177,SC30TX: 4323,1VRC070NKM1004323
284178,D10X15III: 2484,1VRA130VTM1002484
284179,S925TX: 4845,1VRL0705AM1004845
284182,D40X55III: 1693,1VRY240GTM1001693
284183,BC1800XL: 2088,1VRY131Z071002088
284184,CTX160: 751,1VR3080MCM1000751
284185,SC30TX: 4324,1VRC070NJM1004324
284187,S925TX: 4846,1VRL0705LM1004846
284189,SC70TX: 1640,1VRK1203CM1001640
284190,D20X22III: 2919,1VRA170VVM1002919
284191,BC700XL: 4578,1VRC101V3M1004578
284192,RTX450: 6110,1VR4202UHM1006110
284197,CTX100: 3550,1VRZ080HEM1003550
284198,S925TX: 4847,1VRL0705HM1004847
284199,RTX250: 2644,1VRD070DCM1002644
284200,SPX25: 1601,1VR9070UTM1001601
284201,PD10: 3135,1VRB100ZHM1003135
284203,D24X40III: 2526,1VRX200FLM1002526
284205,D10X15III: 2478,1VRA130VHM1002478
284208,RTX1250I2: 492,1VRR1329EM1000492
284209,RTX1250I2: 511,1VRR1329EM1000511
284210,PTX44: 1562,1VR8072SJM1001562
284212,S925TX: 4849,1VRL0705CM1004849
284213,PTX44: 1598,1VR8072SHM1001598
284214,BC1800XL: 10289,1VRY151Z7M1010289
284215,BC700XL: 4579,1VRC101V5M1004579
284217,CTX160: 752,1VR3080MTM1000752
284218,CTX100: 3552,1VRZ080HTM1003552
284219,SC30TX: 4325,1VRC070NCM1004325
284220,PD10R: 1091,1VRR1008KM1001091
284221,D40X55III: 1556,1VRY240G6L1001556
284223,D23X30III: 2399,1VRN2007TM1002399
284224,SC852: 2069,1VR7122LVM1002069
284225,BC1200XL: 6092,1VR7141Y5M1006092
284226,D10X15III: 2479,1VRA130VEM1002479
284228,RTX450: 6111,1VR4202UEM1006111
284230,CTX100: 3551,1VRZ080HCM1003551
284233,BC1800XL: 10291,1VRY151Z5M1010291
284236,CTX160: 753,1VR3080MPM1000753
284239,S925TX: 4848,1VRL0705EM1004848
284241,S925TX: 4850,1VRL0705HM1004850
284242,TG5000: 2008,1VR24020XM1002008
284243,D10X15III: 2485,1VRA130VPM1002485
284244,S925TX: 4851,1VRL0705EM1004851
284248,BC1500: 12424,1VR2181V2M1012424
284249,S925TX: 4728,1VRL0705CM1004728
284250,SC70TX: 1641,1VRK1203TM1001641
284252,SPX25: 1602,1VR9070UPM1001602
284254,BC1200XL: 6093,1VR7141Y7M1006093
284257,D40X55DRS3: 1043,1VR3240MHM1001043
284261,S925TX: 4729,1VRL0705VM1004729
284263,D24X40III: 2527,1VRX200FHM1002527
284264,AX19: 1049,1VRL19251M1001049
284274,D20X22III: 2920,1VRA170VJM1002920
284276,S925TX: 4783,1VRL0705HM1004783
284277,RTX450: 6112,1VR4202UCM1006112
284278,BC700XL: 4580,1VRC101V1M1004580
284279,S925TX: 4784,1VRL0705EM1004784
284280,S450TX: 2141,1VRD060BKM1002141
284282,BC1000XL: 35249,1VRY11199M1035249
284283,BC1000XL: 35250,1VRY11195M1035250
284284,BC1000XL: 35251,1VRY11197M1035251
284285,BC1000XL: 35252,1VRY11199M1035252
284286,BC1000XL: 35253,1VRY11190M1035253
284287,BC1000XL: 35256,1VRY11196M1035256
284288,BC900XL: 3648,1VR712167M1003648
284289,BC1000XL: 35257,1VRY11198M1035257
284290,BC1000XL: 35259,1VRY11191M1035259
284291,BC1000XL: 35260,1VRY11198M1035260
284292,BC1000XL: 35261,1VRY1119XM1035261
284293,BC1000XL: 35262,1VRY11191M1035262
284294,BC1000XL: 35263,1VRY11193M1035263
284295,BC1000XL: 35264,1VRY11195M1035264
284296,BC1000XL: 35265,1VRY11197M1035265
284297,BC1000XL: 35255,1VRY11194M1035255
284298,S925TX: 4785,1VRL0705CM1004785
284299,BC900XL: 3647,1VR712165M1003647
284300,BC1500: 12425,1VR2181V4M1012425
284301,PTX44: 1599,1VR8072SEM1001599
284302,S925TX: 4786,1VRL0705TM1004786
284303,D24X40III: 2528,1VRX200FEM1002528
284304,BC1000XL: 35266,1VRY11199M1035266
284306,D8X12: 1083,1VR7130SVM1001083
284307,SPX25: 1603,1VR9070UKM1001603
284310,S925TX: 4788,1VRL0705KM1004788
284312,RTX1250I2: 512,1VRR1329CM1000512
284313,BC1500: 12426,1VR2181V6M1012426
284314,S925TX: 4789,1VRL0705JM1004789
284315,S925TX: 4790,1VRL0705PM1004790
284316,D20X22III: 2921,1VRA170VCM1002921
284317,BC1500: 12427,1VR2181V8M1012427
284318,SC382: 1360,1VRU112BKM1001360
284320,BC1000XL: 35271,1VRY11192M1035271
284323,S925TX: 4755,1VRL0705TM1004755
284324,PD10: 3136,1VRB100ZEM1003136
284325,SC70TX: 1642,1VRK1203PM1001642
284326,SPX25: 1604,1VR9070UJM1001604
284328,BC1000XL: 35272,1VRY11194M1035272
284329,BC1500: 12428,1VR2181VXM1012428
284332,RTX1250I2: 513,1VRR1329TM1000513
284333,D10X15III: 2486,1VRA130VKM1002486
284334,RTX450: 6114,1VR4202UPM1006114
284335,BC1500: 12429,1VR2181V1M1012429
284336,PD10R: 1031,1VRR1008CM1001031
284337,S925TX: 4757,1VRL0705KM1004757
284338,PD10: 3137,1VRB100ZCM1003137
284339,S925TX: 4756,1VRL0705PM1004756
284340,D20X22III: 2922,1VRA170VVM1002922
284341,S925TX: 4758,1VRL0705JM1004758
284342,SC362: 4447,1VRF112YPM1004447
284343,BC1800XL: 10294,1VRY151Z0M1010294
284344,D23X30III: 2400,1VRN2007LM1002400
284345,BC1000XL: 35273,1VRY11196M1035273
284346,SC362: 4448,1VRF112YKM1004448
284347,S925TX: 4759,1VRL0705CM1004759
284348,BC700XL: 4581,1VRC101V3M1004581
284352,SC382: 1361,1VRU112BJM1001361
284353,SC70TX: 1643,1VRK1203KM1001643
284354,BC1000XL: 35274,1VRY11198M1035274
284355,S925TX: 4760,1VRL0705KM1004760
284356,BC1500: 12415,1VR2181V1M1012415
284357,SC30TX: 4326,1VRC070NVM1004326
284358,BC900XL: 3649,1VR712169M1003649
284363,D10X15III: 2487,1VRA130VJM1002487
284364,S925TX: 4762,1VRL0705CM1004762
284366,BC1800XL: 10284,1VRY151Z8M1010284
284367,S925TX: 4801,1VRL0705LM1004801
284368,PD10R: 1092,1VRR1008JM1001092
284370,S450TX: 2142,1VRD060BJM1002142
284371,BC1200XL: 6094,1VR7141Y9M1006094
284372,PTX40: 1068,1VR8072TCM1001068
284373,RTX200: 1558,1VR6071REM1001558
284374,S925TX: 4802,1VRL0705HM1004802
284375,SC802: 4036,1VR2151J3M1004036
284376,BC1000XL: 35277,1VRY11193M1035277
284377,S925TX: 4803,1VRL0705EM1004803
284378,D20X22III: 2923,1VRA170VAM1002923
284379,D40X55III: 1694,1VRY200GAM1001694
284381,S925TX: 4761,1VRL0705JM1004761
284382,RTX450: 6115,1VR4202UKM1006115
284383,BC700XL: 4582,1VRC101V5M1004582
284384,BC1000XL: 35280,1VRY11193M1035280
284386,S925TX: 4804,1VRL0705CM1004804
284387,BC1000XL: 35269,1VRY11194M1035269
284388,BC1000XL: 35268,1VRY11192M1035268
284390,BC1000XL: 35267,1VRY11190M1035267
284391,D10X15III: 2488,1VRA130VCM1002488
284392,SPX25: 1605,1VR9070UCM1001605
284393,S925TX: 4805,1VRL0705TM1004805
284396,SC70TX: 1644,1VRK1203JM1001644
284401,ATS Test 3422 - (JK-OM Team),1VRXXXXXXXXXX3422
284404,SC552: 1099,1VR9132UKM1001099
284405,RTX450: 6113,1VR4202UTM1006113
284406,SC70TX: 1645,1VRK1203CM1001645
284407,PD10: 3138,1VRB100ZTM1003138
284408,RTX750: 4105,1VR9112MKM1004105
284409,PD10R: 1093,1VRR1008CM1001093
284411,PTX40: 1069,1VR8072TVM1001069
284412,S925TX: 4806,1VRL0705PM1004806
284413,BC1500: 12416,1VR2181V3M1012416
284414,RTX1250I2: 515,1VRR1329KM1000515
284415,S925TX: 4807,1VRL0705KM1004807
284416,SC292: 2092,1VRF102YTM1002092
284417,BC1500: 12420,1VR2181V5M1012420
284418,SC382: 1362,1VRU112BCM1001362
284421,S925TX: 4808,1VRL0705JM1004808
284423,SC362: 4449,1VRF112YJM1004449
284425,D23X30DRS3: 1075,1VRJ2103TM1001075
284426,SC362: 4450,1VRF112YPM1004450
284427,D20X22III: 2924,1VRA170VLM1002924
284430,S925TX: 4809,1VRL0705CM1004809
284432,D24X40III: 2529,1VRX200FCM1002529
284433,BC1500: 12422,1VR2181V9M1012422
284434,BC1000XL: 35283,1VRY11199M1035283
284435,RTX250: 2645,1VRD070DTM1002645
284436,BC1000XL: 35276,1VRY11191M1035276
284437,SC852: 2070,1VR7122LJM1002070
284438,BC1800XL: 10290,1VRY151Z3M1010290
284439,S925TX: 4831,1VRL0705AM1004831
284441,BC1000XL: 35284,1VRY11190M1035284
284444,SC30TX: 4327,1VRC070NAM1004327
284445,T755III: 603,1VR2180R2M1000603
284446,BC1000XL: 35285,1VRY11192M1035285
284447,D10X15III: 2489,1VRA130VVM1002489
284448,S925TX: 4833,1VRL0705HM1004833
284450,CTX160: 754,1VR3080MKM1000754
284451,BC1000XL: 35282,1VRY11197M1035282
284452,BC1500: 12423,1VR2181V0M1012423
284460,SC362: 4452,1VRF112YJM1004452
284461,SC362: 4453,1VRF112YCM1004453
284462,S925TX: 4852,1VRL0705CM1004852
284463,BC700XL: 4583,1VRC101V7M1004583
284464,BC1000XL: 35275,1VRY1119XM1035275
284465,SC292: 2093,1VRF102YPM1002093
284466,BC1000XL: 35286,1VRY11194M1035286
284468,SC382: 1363,1VRU112BVM1001363
284469,PD10: 3139,1VRB100ZPM1003139
284470,BC1000XL: 35287,1VRY11196M1035287
284471,SC70TX: 1646,1VRK1203VM1001646
284474,BC1000XL: 35278,1VRY11195M1035278
284476,BC1800XL: 10293,1VRY151Z9M1010293
284477,BC1000XL: 35279,1VRY11197M1035279
284478,D24X40III: 2530,1VRX200FHM1002530
284480,BC1000XL: 35288,1VRY11198M1035288
284481,S925TX: 4837,1VRL0705PM1004837
284483,PTX40: 1070,1VR8072TJM1001070
284484,RTX450: 6116,1VR4202UJM1006116
284486,PD5R: 137,1VR6120RCM1000137
284487,BC1000XL: 35289,1VRY1119XM1035289
284488,D20X22III: 2925,1VRA170VHM1002925
284489,D24X40III: 2531,1VRX200FEM1002531
284492,RTX250: 2646,1VRD070DPM1002646
284493,BC1000XL: 35290,1VRY11196M1035290
284494,TR6400: 112,1VRT402A6MF000112
284495,CTX100: 3553,1VRZ080HPM1003553
284496,SC362: 4451,1VRF112YKM1004451
284497,BC1000XL: 35291,1VRY11198M1035291
284499,AX19: 1050,1VRL19258M1001050
284500,BC700XL: 4584,1VRC101V9M1004584
284501,S925TX: 4853,1VRL0705TM1004853
284504,SPX25: 1606,1VR9070UVM1001606
284505,SC70TX: 1647,1VRK1203AM1001647
284506,D23X30III: 2401,1VRN2007HM1002401
284509,D10X15III: 2490,1VRA130VJM1002490
284510,S450TX: 2143,1VRD060BCM1002143
284513,S925TX: 4839,1VRL0705JM1004839
284515,S925TX: 4854,1VRL0705PM1004854
284518,BC700XL: 4585,1VRC101V0M1004585
284519,RTX1250I2: 517,1VRR1329CM1000517
284521,BC1000XL: 35294,1VRY11193M1035294
284522,S925TX: 4855,1VRL0705KM1004855
284524,D40X55III: 1695,1VRY240GKM1001695
284525,D20X22III: 2926,1VRA170VEM1002926
284526,CTX160: 755,1VR3080MJM1000755
284532,S925TX: 4856,1VRL0705JM1004856
284533,SC552: 1100,1VR9132UEM1001100
284537,PTX40: 1071,1VR8072TCM1001071
284539,SC30TX: 4328,1VRC070NLM1004328
284540,CTX100: 3555,1VRZ080HJM1003555
284541,RTX450: 6117,1VR4202UCM1006117
284542,PD5R: 138,1VR6120RTM1000138
284543,RTX250: 2647,1VRD070DKM1002647
284546,BC1800XL: 10296,1VRY151Z4M1010296
284547,S925TX: 4857,1VRL0705CM1004857
284549,BC700XL: 4586,1VRC101V2M1004586
284551,SC70TX: 1648,1VRK1203LM1001648
284552,D10X15III: 2491,1VRA130VCM1002491
284554,D24X40III: 2532,1VRX200FCM1002532
284565,CTX160: 756,1VR3080MCM1000756
284567,SC382: 1364,1VRU112BAM1001364
284568,S925TX: 4859,1VRL0705AM1004859
284569,BC1500: 12433,1VR2181V3M1012433
284570,SC362: 4454,1VRF112YVM1004454
284571,BC1500: 9478,1VR2181V3K1009478
284572,SC382: 1365,1VRU112BLM1001365
284573,SPX25: 1607,1VR9070UAM1001607
284574,CTX100: 3556,1VRZ080HCM1003556
284576,PD10R: 1094,1VRR1008VM1001094
284577,S925TX: 4860,1VRL0705CM1004860
284578,D20X22III: 2927,1VRA170VCM1002927
284579,BC1800XL: 10297,1VRY151Z6M1010297
284580,BC1000XL: 35299,1VRY11192M1035299
284581,D23X30III: 2402,1VRN2007EM1002402
284582,SC802: 4037,1VR2151J5M1004037
284583,S925TX: 4861,1VRL0705VM1004861
284584,RTX450: 6118,1VR4202UVM1006118
284585,RTX200: 1559,1VR6071RCM1001559
284586,CTX100: 3554,1VRZ080HKM1003554
284588,S925TX: 4863,1VRL0705LM1004863
284590,BC1200XL: 6096,1VR7141Y2M1006096
284591,BC1000XL: 35301,1VRY11197M1035301
284595,D24X40III: 2533,1VRX200FTM1002533
284596,S925TX: 4862,1VRL0705AM1004862
284598,BC1000XL: 35311,1VRY1119XM1035311
284599,RTX1250I2: 494,1VRR1329TM1000494
284600,SC30TX: 4329,1VRC070NHM1004329
284601,S925TX: 4864,1VRL0705HM1004864
284602,D10X15III: 2492,1VRA130VVM1002492
284603,SC70TX: 1649,1VRK1203HM1001649
284605,SC30TX: 4330,1VRC070NAM1004330
284608,BC1000XL: 35302,1VRY11199M1035302
284609,S925TX: 4865,1VRL0705EM1004865
284610,BC1500: 12435,1VR2181V7M1012435
284611,BC1000XL: 35312,1VRY11191M1035312
284612,S925TX: 4866,1VRL0705CM1004866
284616,BC700XL: 4587,1VRC101V4M1004587
284617,RTX450: 6119,1VR4202UAM1006119
284618,S925TX: 4858,1VRL0705VM1004858
284619,S925TX: 4867,1VRL0705TM1004867
284620,BC1800XL: 10298,1VRY151Z8M1010298
284621,D23X30III: 2403,1VRN2007CM1002403
284623,D100X140S3: 311,1VRB360WPM1000311
284624,BC1000XL: 35304,1VRY11192M1035304
284625,S925TX: 4868,1VRL0705PM1004868
284626,BC1000XL: 35305,1VRY11194M1035305
284627,S925TX: 4869,1VRL0705KM1004869
284628,BC1500: 12436,1VR2181V9M1012436
284629,SC70TX: 1650,1VRK1203AM1001650
284630,SC30TX: 4331,1VRC070NLM1004331
284631,S925TX: 4870,1VRL0705TM1004870
284632,D24X40III: 2534,1VRX200FPM1002534
284633,D10X15III: 2493,1VRA130VAM1002493
284634,SC362: 4455,1VRF112YAM1004455
284635,SC362: 4456,1VRF112YLM1004456
284636,SC362: 4457,1VRF112YHM1004457
284637,SC382: 1366,1VRU112BHM1001366
284638,S925TX: 4871,1VRL0705PM1004871
284640,BC1000XL: 35306,1VRY11196M1035306
284642,SC30TX: 4332,1VRC070NHM1004332
284644,BC1000XL: 35313,1VRY11193M1035313
284646,BC1500: 12437,1VR2181V0M1012437
284647,ATX850: 353255,1M1KALB0KKV353255
284649,S925TX: 4873,1VRL0705JM1004873
284650,SC852: 2071,1VR7122LCM1002071
284651,S925TX: 4874,1VRL0705CM1004874
284652,D23X30III: 2404,1VRN2007TM1002404
284653,PTX42: 243,1VRK0724CM1000243
284654,BC1000XL: 35307,1VRY11198M1035307
284655,PD5R: 139,1VR6120RPM1000139
284656,S450TX: 2145,1VRD060BAM1002145
284657,HG6800TX: 1026,1VRK4804CM1001026
284658,BC1800XL: 10300,1VRY151Z2M1010300
284665,RTX250: 2648,1VRD070DJM1002648
284666,RTX1250I2: 519,1VRR1329AM1000519
284667,BC1000XL: 35308,1VRY1119XM1035308
284669,S925TX: 4877,1VRL0705LM1004877
284670,SC382: 1367,1VRU112BEM1001367
284671,BC700XL: 4588,1VRC101V6M1004588
284672,S450TX: 2144,1VRD060BVM1002144
284673,D24X40III: 2535,1VRX200FKM1002535
284674,BC1000XL: 35316,1VRY11199M1035316
284675,SC362: 4458,1VRF112YEM1004458
284676,S925TX: 4878,1VRL0705HM1004878
284677,BC1200XL: 6097,1VR7141Y4M1006097
284678,D20X22III: 2928,1VRA170VTM1002928
284679,SC362: 4459,1VRF112YCM1004459
284680,SC362: 4460,1VRF112YHM1004460
284681,SPX25: 1608,1VR9070ULM1001608
284682,S925TX: 4879,1VRL0705EM1004879
284684,SC802: 4038,1VR2151J7M1004038
284705,BC1000XL: 35315,1VRY11197M1035315
284708,D10X15III: 2494,1VRA130VLM1002494
284709,RTX450: 6120,1VR4202UCM1006120
284710,D40X55III: 1692,1VRY240GCM1001692
284711,BC1000XL: 35317,1VRY11190M1035317
284712,S925TX: 4880,1VRL0705LM1004880
284713,RTX750: 4106,1VR9112MJM1004106
284714,BC1800XL: 10301,1VRY151Z2N1010301
284715,PTX44: 1600,1VR8072SVM1001600
284717,S925TX: 4881,1VRL0705HM1004881
284719,BC700XL: 4589,1VRC101V8M1004589
284720,BC1000XL: 35318,1VRY11192M1035318
284721,WC2500TX: 1007,1VRF2700EM1001007
284722,D8X12: 1084,1VR7130SAM1001084
284723,AX19: 1051,1VRL1925XM1001051
284724,BC1500: 12439,1VR2181V4M1012439
284725,BC1000XL: 35319,1VRY11194M1035319
284726,D24X40III: 2536,1VRX200FJM1002536
284727,T1155III: 528,1VR225045L1000528
284728,CTX160: 757,1VR3080MVM1000757
284729,BC1000XL: 35320,1VRY11190M1035320
284730,SC30TX: 4333,1VRC070NEM1004333
284731,CTX100: 3557,1VRZ080HVM1003557
284733,BC1500: 12440,1VR2181V0M1012440
284734,D20X22III: 2929,1VRA170VPM1002929
284735,SC552: 1101,1VR9132UCM1001101
284736,BC1000XL: 35321,1VRY11192M1035321
284738,CTX160: 758,1VR3080MAM1000758
284739,RTX1250I2: 523,1VRR1329LM1000523
284741,BC1800XL: 10302,1VRY151Z6M1010302
284747,RTX750: 4107,1VR9112MCM1004107
284748,BC1000XL: 35322,1VRY11194M1035322
284749,D24X40III: 2537,1VRX200FCM1002537
284750,CTX100: 3558,1VRZ080HAM1003558
284751,SC30TX: 4334,1VRC070NCM1004334
284752,PD10: 3141,1VRB100ZTM1003141
284753,BC1000XL: 35325,1VRY1119XM1035325
284754,CTX160: 759,1VR3080MLM1000759
284755,BC900XL: 3653,1VR712160M1003653
284756,BC700XL: 4590,1VRC101V4M1004590
284757,PD10: 3142,1VRB100ZPM1003142
284758,CTX100: 3559,1VRZ080HLM1003559
284759,TG7000: 2022,1VRY46364M1002022
284761,SC362: 4461,1VRF112YEM1004461
284762,SC70TX: 1651,1VRK1203LM1001651
284763,SC362: 4462,1VRF112YCM1004462
284764,CTX160: 760,1VR3080MVM1000760
284765,SC362: 4463,1VRF112YTM1004463
284766,D10X15III: 2495,1VRA130VHM1002495
284768,SC382: 1369,1VRU112BTM1001369
284769,BC1500: 12441,1VR2181V2M1012441
284770,S925TX: 4882,1VRL0705EM1004882
284771,SC292: 2094,1VRF102YKM1002094
284772,PD10: 3140,1VRB100ZCM1003140
284773,RTX450: 6121,1VR4202UVM1006121
284774,SC362: 4464,1VRF112YPM1004464
284776,SC362: 4465,1VRF112YKM1004465
284777,D40X55III: 1696,1VRY240GJM1001696
284778,RTX450: 6122,1VR4202UAM1006122
284779,S925TX: 4883,1VRL0705CM1004883
284780,SPX25: 1609,1VR9070UHM1001609
284783,HG6000: 3008,1VRY39313M1003008
284784,BC1800XL: 10303,1VRY151Z8M1010303
284788,PTX44: 1601,1VR8072SAM1001601
284790,SC382: 1368,1VRU112BCM1001368
284791,BC1500: 12442,1VR2181V4M1012442
284792,SC70TX: 1652,1VRK1203HM1001652
284794,D10X15III: 2496,1VRA130VEM1002496
284795,S925TX: 4884,1VRL0705TM1004884
284799,BC1500: 12443,1VR2181V6M1012443
284800,S925TX: 4886,1VRL0705KM1004886
284802,RTX200: 1560,1VR6071RHM1001560
284803,SC30TX: 4335,1VRC070NTM1004335
284804,S925TX: 4887,1VRL0705JM1004887
284805,RTX1250I2: 516,1VRR1329JM1000516
284806,D20X22III: 2930,1VRA170VCM1002930
284807,BC1800XL: 10304,1VRY151ZXM1010304
284810,SC362: 4467,1VRF112YCM1004467
284811,RTX450: 6123,1VR4202ULM1006123
284812,D23X30III: 2405,1VRN2007PM1002405
284813,SC292: 2095,1VRF102YJM1002095
284817,SC382: 1370,1VRU112BEM1001370
284818,SC30TX: 4336,1VRC070NPM1004336
284820,PD5R: 140,1VR6120RCM1000140
284822,S925TX: 4888,1VRL0705CM1004888
284824,SC362: 4466,1VRF112YJM1004466
284825,SC802: 4039,1VR2151J9M1004039
284827,PTX44: 1602,1VR8072SLM1001602
284828,S925TX: 4889,1VRL0705VM1004889
284830,BC700XL: 4591,1VRC101V6M1004591
284838,S925TX: 4891,1VRL0705CM1004891
284839,D10X15III: 2497,1VRA130VCM1002497
284840,PD10: 3143,1VRB100ZKM1003143
284843,RTX1250I2: 518,1VRR1329VM1000518
284844,SPX25: 1610,1VR9070UAM1001610
284846,D24X40III: 2538,1VRX200FVM1002538
284847,SC70TX: 1653,1VRK1203EM1001653
284848,CTX160: 761,1VR3080MAM1000761
284849,CTX100: 3560,1VRZ080HVM1003560
284852,CTX100: 3561,1VRZ080HAM1003561
284855,S450TX: 2147,1VRD060BHM1002147
284858,RTX250: 2649,1VRD070DCM1002649
284859,D20X22III: 2931,1VRA170VTM1002931
284861,CTX160: 762,1VR3080MLM1000762
284862,S925TX: 4876,1VRL0705AM1004876
284866,BC1500: 12444,1VR2181V8M1012444
284867,D23X30III: 2406,1VRN2007KM1002406
284868,PD10: 3144,1VRB100ZJM1003144
284869,SC70TX: 1654,1VRK1203CM1001654
284870,CTX100: 3562,1VRZ080HLM1003562
284871,PTX44: 1603,1VR8072SHM1001603
284872,CTX160: 763,1VR3080MHM1000763
284873,BC700XL: 4592,1VRC101V8M1004592
284875,D24X40III: 2539,1VRX200FAM1002539
284876,CTX100: 3563,1VRZ080HHM1003563
284878,SC30TX: 4337,1VRC070NKM1004337
284880,CTX160: 764,1VR3080MEM1000764
284881,BC1800XL: 10306,1VRY151Z3M1010306
284882,CTX100: 3564,1VRZ080HEM1003564
284883,SC382: 1371,1VRU112BCM1001371
284884,SC382: 1372,1VRU112BTM1001372
284885,SC30TX: 4338,1VRC070NJM1004338
284887,SC852: 2072,1VR7122LVM1002072
284888,D24X40III: 2540,1VRX200FCM1002540
284890,BC1500: 12446,1VR2181V1M1012446
284891,SC362: 4469,1VRF112YAM1004469
284892,SC362: 4468,1VRF112YVM1004468
284893,CTX160: 765,1VR3080MCM1000765
284894,Truck-7320 WV Service Truck Joe Ballew,3FRWX7FL0CV297320
284895,D20X22III: 2932,1VRA170VPM1002932
284896,S925TX: 4890,1VRL0705JM1004890
284897,BC700XL: 4593,1VRC101VXM1004593
284898,S450TX: 2148,1VRD060BEM1002148
284899,CTX100: 3565,1VRZ080HCM1003565
284900,SC292: 2096,1VRF102YCM1002096
284901,SC362: 4470,1VRF112YCM1004470
284902,BC1800XL: 10307,1VRY151Z5M1010307
284903,SC382: 1373,1VRU112BPM1001373
284904,CTX100: 3566,1VRZ080HTM1003566
284905,SC362: 4471,1VRF112YVM1004471
284906,SC70TX: 1655,1VRK1203TM1001655
284907,RTX1250I2: 524,1VRR1329HM1000524
284908,Chet ACS TEST,TEST000
284909,BC1200XL: 6100,1VR7141Y0M1006100
284910,RTX200: 1561,1VR6071REM1001561
284912,D10X15III: 2499,1VRA130VPM1002499
284914,CTX160: 766,1VR3080MTM1000766
284917,D40X55III: 1697,1VRY200GEM1001697
284919,CTX100: 3568,1VRZ080HKM1003568
284920,PD10: 3145,1VRB100ZCM1003145
284922,SPX25: 1611,1VR9070ULM1001611
284924,PTX44: 1604,1VR8072SEM1001604
284926,SC70TX: 1656,1VRK1203PM1001656
284927,D8X12: 1085,1VR7130SLM1001085
284928,BC700XL: 4594,1VRC101V1M1004594
284929,CTX100: 3569,1VRZ080HJM1003569
284930,BC1800XL: 10308,1VRY151Z7M1010308
284931,T1255III: 628,1VR23006PM1000628
284933,S925TX: 4875,1VRL0705VM1004875
284935,CC155: 1040,1VR2152EEM1001040
284936,CTX160: 768,1VR3080MKM1000768
284937,D24X40III: 2542,1VRX200FAM1002542
284938,SPX25: 1612,1VR9070UHM1001612
284939,RTX450: 6124,1VR4202UHM1006124
284940,BC1500: 12448,1VR2181V5M1012448
284941,S925TX: 4893,1VRL0705AM1004893
284942,S925TX: 4892,1VRL0705VM1004892
284943,BC700XL: 4595,1VRC101V3M1004595
284944,D10X15III: 2500,1VRA130VHM1002500
284945,BC1800XL: 10309,1VRY151Z9M1010309
284946,CTX100: 3570,1VRZ080HPM1003570
284947,HG6000: 3009,1VRY39315M1003009
284948,S925TX: 4894,1VRL0705LM1004894
284949,AX19: 1052,1VRL19251M1001052
284950,CTX160: 769,1VR3080MJM1000769
284951,BC1500: 12449,1VR2181V7M1012449
284952,D20X22III: 2933,1VRA170VKM1002933
284953,BC900XL: 3656,1VR712166M1003656
284954,CTX100: 3567,1VRZ080HPM1003567
284956,PD10R: 1095,1VRR1008AM1001095
284957,S925TX: 4895,1VRL0705HM1004895
284959,PTX40: 1072,1VR8072TVM1001072
284960,PD10: 3146,1VRB100ZVM1003146
284961,S450TX: 2146,1VRD060BLM1002146
284962,SC70TX: 1657,1VRK1203KM1001657
284963,CTX100: 3571,1VRZ080HKM1003571
284964,RTX250: 2650,1VRD070DKM1002650
284965,SC382: 1375,1VRU112BJM1001375
284966,S925TX: 4896,1VRL0705EM1004896
284967,BC900XL: 3651,1VR712167M1003651
284968,D10X15III: 2498,1VRA130VTM1002498
284970,SC382: 1374,1VRU112BKM1001374
284972,D23X30III: 2407,1VRN2007JM1002407
284973,SC362: 4472,1VRF112YAM1004472
284975,S925TX: 4897,1VRL0705CM1004897
284977,SC362: 4473,1VRF112YLM1004473
284978,SC30TX: 4339,1VRC070NCM1004339
284982,D24X40III: 2541,1VRX200FVM1002541
284983,RTX450: 6125,1VR4202UEM1006125
284987,CTX160: 770,1VR3080MPM1000770
284988,BC1500: 12450,1VR2181V3M1012450
284989,RTX1250I2: 407,1VRR1329AM1000407
284990,BC900XL: 3657,1VR712168M1003657
284991,S925TX: 4898,1VRL0705TM1004898
284992,D10X15III: 2501,1VRA130VEM1002501
284993,SC30TX: 4340,1VRC070NKM1004340
284994,RTX750: 4108,1VR9112MVM1004108
284996,D23X30III: 2408,1VRN2007CM1002408
284997,SC802: 4040,1VR2151J5M1004040
284998,CTX100: 3572,1VRZ080HJM1003572
285000,BC1800XL: 10311,1VRY151Z7M1010311
285001,S925TX: 4899,1VRL0705PM1004899
285002,PTX40: 1073,1VR8072TAM1001073
285003,CTX160: 771,1VR3080MKM1000771
285004,BC1500: 12451,1VR2181V5M1012451
285005,S925TX: 4872,1VRL0705KM1004872
285007,SC70TX: 1658,1VRK1203JM1001658
285008,D40X55DRS3: 1045,1VR3240MCM1001045
285009,BC1000XL: 35359,1VRY11195M1035359
285010,D20X22III: 2934,1VRA170VJM1002934
285011,BC1000XL: 35358,1VRY11193M1035358
285012,S925TX: 4900,1VRL0705HM1004900
285013,SPX25: 1613,1VR9070UEM1001613
285014,S925TX: 4901,1VRL0705EM1004901
285015,PD10: 3147,1VRB100ZAM1003147
285016,BC700XL: 4597,1VRC101V7M1004597
285017,D10X15III: 2502,1VRA130VCM1002502
285018,BC1800XL: 10312,1VRY151Z9M1010312
285019,D23X30III: 2409,1VRN2007VM1002409
285020,RTX1250I2: 525,1VRR1329EM1000525
285021,BC1000XL: 35361,1VRY11193M1035361
285022,S450TX: 2149,1VRD060BCM1002149
285023,SC362: 4474,1VRF112YHM1004474
285024,SC362: 4475,1VRF112YEM1004475
285025,BC1000XL: 35362,1VRY11195M1035362
285026,BC1200XL: 6102,1VR7141Y4M1006102
285027,SC382: 1376,1VRU112BCM1001376
285028,S925TX: 4902,1VRL0705CM1004902
285029,SC70TX: 1659,1VRK1203CM1001659
285030,SC362: 4476,1VRF112YCM1004476
285031,BC1000XL: 35363,1VRY11197M1035363
285032,CTX160: 772,1VR3080MJM1000772
285033,PTX42: 244,1VRK0724VM1000244
285035,D24X40III: 2543,1VRX200FLM1002543
285036,SC362: 4477,1VRF112YTM1004477
285037,S925TX: 4903,1VRL0705TM1004903
285038,BC1000XL: 35364,1VRY11199M1035364
285039,SC362: 4478,1VRF112YPM1004478
285040,RTX750: 4109,1VR9112MAM1004109
285041,SC382: 1377,1VRU112BVM1001377
285044,CTX100: 3574,1VRZ080HVM1003574
285046,SC362: 4479,1VRF112YKM1004479
285047,BC1000XL: 35366,1VRY11192M1035366
285048,S925TX: 4835,1VRL0705CM1004835
285049,CTX160: 767,1VR3080MPM1000767
285050,BC700XL: 4598,1VRC101V9M1004598
285051,RTX250: 2651,1VRD070DJM1002651
285052,S925TX: 4904,1VRL0705PM1004904
285053,RTX450: 6127,1VR4202UTM1006127
285055,SC70TX: 1660,1VRK1203KM1001660
285056,D20X22III: 2935,1VRA170VCM1002935
285057,BC1000XL: 35367,1VRY11194M1035367
285058,PD5R: 141,1VR6120RTM1000141
285059,RTX1250I2: 527,1VRR1329TM1000527
285060,SC30TX: 4341,1VRC070NJM1004341
285061,RTX450: 6126,1VR4202UCM1006126
285062,D23X30III: 2410,1VRN2007JM1002410
285063,SC30TX: 4342,1VRC070NCM1004342
285066,SC70TX: 1661,1VRK1203JM1001661
285067,RTX450: 6128,1VR4202UPM1006128
285068,D40X55III: 1698,1VRY200GCM1001698
285069,RTX1250I2: 520,1VRR1329CM1000520
285070,BC1000XL: 35368,1VRY11196M1035368
285071,CTX160: 773,1VR3080MCM1000773
285072,RTX450: 6129,1VR4202UKM1006129
285073,BC1000XL: 35369,1VRY11198M1035369
285074,BC700XL: 4599,1VRC101V0M1004599
285075,S925TX: 4905,1VRL0705KM1004905
285076,D10X15III: 2503,1VRA130VTM1002503
285077,BC1000XL: 35370,1VRY11194M1035370
285078,D23X30III: 2411,1VRN2007CM1002411
285079,TR6400: 113,1VRT402A8MF000113
285080,SC362: 4480,1VRF112YTM1004480
285081,PD10: 3148,1VRB100ZLM1003148
285082,CTX100: 3575,1VRZ080HAM1003575
285083,CT718: 4026,56S8132RCMF004026
285085,SC362: 4481,1VRF112YPM1004481
285086,RTX1250I2: 514,1VRR1329PM1000514
285087,SC70TX: 1662,1VRK1203CM1001662
285088,SC362: 4482,1VRF112YKM1004482
285089,S925TX: 4906,1VRL0705JM1004906
285090,SC292: 2097,1VRF102YVM1002097
285091,RTX250: 2652,1VRD070DCM1002652
285092,BC1500: 12453,1VR2181V9M1012453
285093,S925TX: 4907,1VRL0705CM1004907
285094,BC1500: 12454,1VR2181V0M1012454
285095,BC700XL: 4600,1VRC101V3M1004600
285096,CTX100: 3576,1VRZ080HLM1003576
285097,S925TX: 4908,1VRL0705VM1004908
285098,PD10: 3149,1VRB100ZHM1003149
285099,AX19: 1053,1VRL19253M1001053
285100,D24X40III: 2544,1VRX200FHM1002544
285103,BC1800XL: 10314,1VRY151Z2M1010314
285104,SC30TX: 4343,1VRC070NVM1004343
285105,CTX100: 3577,1VRZ080HHM1003577
285106,SC382: 1378,1VRU112BAM1001378
285107,SC362: 4483,1VRF112YJM1004483
285108,SC362: 4484,1VRF112YCM1004484
285109,S925TX: 4909,1VRL0705AM1004909
285110,SC382: 1379,1VRU112BLM1001379
285112,SC70TX: 1663,1VRK1203VM1001663
285113,D23X30III: 2412,1VRN2007VM1002412
285114,BC1200XL: 6103,1VR7141Y6M1006103
285117,D20X22III: 2936,1VRA170VVM1002936
285118,CTX160: 774,1VR3080MVM1000774
285119,SC30TX: 4344,1VRC070NAM1004344
285120,PD10R: 1096,1VRR1008LM1001096
285121,BC1000XL: 35356,1VRY1119XM1035356
285125,S925TX: 4910,1VRL0705CM1004910
285129,PTX42: 246,1VRK0724LM1000246
285133,D60X90S3: 1019,1VRJ2903LM1001019
285134,HG6800TX: 1027,1VRK4804TM1001027
285135,CTX100: 3578,1VRZ080HEM1003578
285138,BC1500: 12455,1VR2181V2M1012455
285139,S925TX: 4911,1VRL0705VM1004911
285140,RTX1250I2: 528,1VRR1329PM1000528
285141,RTX550: 4036,1VR91125VM1004036
285142,BC700XL: 4601,1VRC101V5M1004601
285143,S925TX: 4912,1VRL0705AM1004912
285144,D8X12: 1086,1VR7130SHM1001086
285145,BC1800XL: 10315,1VRY151Z4M1010315
285146,SC852: 2073,1VR7122LAM1002073
285149,S925TX: 4913,1VRL0705LM1004913
285150,RTX250: 2653,1VRD070DVM1002653
285151,D10X15III: 2504,1VRA130VPM1002504
285152,RTX450: 6130,1VR4202UTM1006130
285153,BC1000XL: 35357,1VRY11191M1035357
285154,S925TX: 4914,1VRL0705HM1004914
285155,D24X40III: 2545,1VRX200FEM1002545
285156,PTX44: 1605,1VR8072SCM1001605
285157,SC30TX: 4345,1VRC070NLM1004345
285158,S925TX: 4915,1VRL0705EM1004915
285159,ATS Test 3383 (CA - AppSupport),1VRxxxxxxxxxx3383
285160,ATS Test 853224 (CA - AppSupport),1VRNxxxxxx853224
285162,BC1800XL: 10316,1VRY151Z6M1010316
285165,S925TX: 4916,1VRL0705CM1004916
285166,S925TX: 4924,1VRL0705CM1004924
285168,BC1500: 12456,1VR2181V4M1012456
285173,D23X30III: 2413,1VRN2007AM1002413
285174,D20X22III: 2937,1VRA170VAM1002937
285175,S925TX: 4919,1VRL0705KM1004919
285176,SC30TX: 4346,1VRC070NHM1004346
285178,PD10: 3150,1VRB100ZAM1003150
285179,S925TX: 4921,1VRL0705PM1004921
285181,SC802: 4041,1VR2151J7M1004041
285182,RTX450: 6131,1VR4202UPM1006131
285183,S925TX: 4923,1VRL0705JM1004923
285186,SC292: 2098,1VRF102YAM1002098
285187,SC362: 4485,1VRF112YVM1004485
285188,S925TX: 4917,1VRL0705TM1004917
285189,SC382: 1380,1VRU112BVM1001380
285190,D10X15III: 2505,1VRA130VKM1002505
285191,S450TX: 2150,1VRD060BHM1002150
285192,BC900XL: 3659,1VR712161M1003659
285193,SC362: 4486,1VRF112YAM1004486
285194,S925TX: 4925,1VRL0705VM1004925
285195,BC700XL: 4602,1VRC101V7M1004602
285196,PD5R: 142,1VR6120RPM1000142
285197,D24X40III: 2546,1VRX200FCM1002546
285198,S925TX: 4926,1VRL0705AM1004926
285199,PTX44: 1606,1VR8072STM1001606
285200,SPX25: 1614,1VR9070UCM1001614
285202,BC1000XL: 35389,1VRY11193M1035389
285203,S925TX: 4928,1VRL0705HM1004928
285204,BC1800XL: 10318,1VRY151ZXM1010318
285206,BC1000XL: 35390,1VRY1119XM1035390
285207,SC70TX: 1664,1VRK1203AM1001664
285208,BC700XL: 4596,1VRC101V5M1004596
285209,BC1500: 12458,1VR2181V8M1012458
285210,S925TX: 4927,1VRL0705LM1004927
285211,BC1000XL: 35391,1VRY11191M1035391
285212,S925TX: 4929,1VRL0705EM1004929
285213,BC700XL: 4603,1VRC101V9M1004603
285214,PD10R: 1097,1VRR1008HM1001097
285220,BC1000XL: 35392,1VRY11193M1035392
285221,RTX550: 4037,1VR91125AM1004037
285222,BC1800XL: 10319,1VRY151Z8MF010319
285223,S925TX: 4930,1VRL0705LM1004930
285224,S925TX: 4931,1VRL0705HM1004931
285225,D40X55III: 1699,1VRY200GTM1001699
285226,SC30TX: 4347,1VRC070NEM1004347
285227,D20X22III: 2938,1VRA170VLM1002938
285229,BC1000XL: 35393,1VRY11195M1035393
285231,S925TX: 4932,1VRL0705EM1004932
285233,BC1000XL: 35394,1VRY11197M1035394
285236,SC852: 2074,1VR7122LLM1002074
285238,D10X15III: 2506,1VRA130VJM1002506
285239,BC1000XL: 35395,1VRY11199M1035395
285240,S925TX: 4933,1VRL0705CM1004933
285241,D20X22III: 2939,1VRA170VHM1002939
285244,S925TX: 4934,1VRL0705TM1004934
285251,D24X40III: 2547,1VRX200FTM1002547
285253,SC30TX: 4348,1VRC070NCM1004348
285267,SC552: 1102,1VR9132UTM1001102
285268,S450TX: 2151,1VRD060BEM1002151
285269,PD10: 3151,1VRB100ZLM1003151
285270,RTX1250I2: 529,1VRR1329KM1000529
285281,D40X55DRS3: 1047,1VR3240MPM1001047
285283,S925TX: 4935,1VRL0705PM1004935
285284,SC362: 4487,1VRF112YLM1004487
285285,S925TX: 4936,1VRL0705KM1004936
285286,BC1800XL: 10321,1VRY151ZXM1010321
285287,BC1000XL: 35396,1VRY11190M1035396
285288,SC70TX: 1665,1VRK1203LM1001665
285290,SC382: 1381,1VRU112BAM1001381
285291,S925TX: 4937,1VRL0705JM1004937
285292,BC1000XL: 35397,1VRY11192M1035397
285293,RTX450: 6132,1VR4202UKM1006132
285294,BC1200XL: 6105,1VR7141YXM1006105
285295,S925TX: 4938,1VRL0705CM1004938
285296,SC292: 2099,1VRF102YLM1002099
285298,BC1000XL: 35398,1VRY11194M1035398
285299,SC362: 4488,1VRF112YHM1004488
285300,D23X30III: 2414,1VRN2007LM1002414
285302,SC382: 1382,1VRU112BLM1001382
285303,S925TX: 4939,1VRL0705VM1004939
285304,SC362: 4489,1VRF112YEM1004489
285305,RTX200: 1562,1VR6071RCM1001562
285307,SC362: 4490,1VRF112YLM1004490
285308,S925TX: 4940,1VRL0705JM1004940
285309,BC1500: 12460,1VR2181V6M1012460
285314,RTX450: 6133,1VR4202UJM1006133
285316,PTX44: 1607,1VR8072SPM1001607
285317,D10X15III: 2507,1VRA130VCM1002507
285318,S925TX: 4941,1VRL0705CM1004941
285320,S925TX: 4942,1VRL0705VM1004942
285321,BC700XL: 4604,1VRC101V0M1004604
285323,D24X40III: 2548,1VRX200FPM1002548
285324,S925TX: 4943,1VRL0705AM1004943
285325,AX19: 1054,1VRL19255M1001054
285326,BC1800XL: 10323,1VRY151Z3M1010323
285327,RTX1250I2: 530,1VRR1329TM1000530
285328,S925TX: 4944,1VRL0705LM1004944
285330,SPX25: 1615,1VR9070UTM1001615
285331,Freeman Signal Test #1 (GPS-GSM),1VRXXXXXXXXXX9879
285332,Freeman Signal Test #2 (GPS-GSM),1VRXXXXXXXXXX9765
285333,T655III: 641,1VR7260G4L1000641
285335,SC70TX: 1666,1VRK1203HM1001666
285336,D24X40III: 2549,1VRX200FKM1002549
285338,PTX40: 1074,1VR8072TLM1001074
285339,D20X22III: 2940,1VRA170VAM1002940
285340,RTX450: 6134,1VR4202UCM1006134
285341,PD10: 3152,1VRB100ZHM1003152
285349,S925TX: 4945,1VRL0705HM1004945
285351,BC1200XL: 6106,1VR7141Y1M1006106
285353,CTX160: 775,1VR3080MAM1000775
285354,D23X30III: 2415,1VRN2007HM1002415
285355,PD10: 3153,1VRB100ZEM1003153
285357,D10X15III: 2508,1VRA130VVM1002508
285358,RTX1250I2: 531,1VRR1329PM1000531
285359,CTX100: 3579,1VRZ080HCM1003579
285360,RTX250: 2654,1VRD070DAM1002654
285361,BC1800XL: 10324,1VRY151Z5M1010324
285362,SC70TX: 1667,1VRK1203EM1001667
285363,D20X22III: 2941,1VRA170VLM1002941
285364,SC30TX: 4349,1VRC070NTM1004349
285367,BC1500: 12465,1VR2181V5M1012465
285370,SC30TX: 4350,1VRC070NEM1004350
285371,D24X40III: 985,1VRX200FXK1000985
285373,D24X40III: 2550,1VRX200FTM1002550
285374,CTX160: 776,1VR3080MLM1000776
285377,CTX100: 3580,1VRZ080HHM1003580
285378,MX300D: 101,1VRK0604VMF000101
285380,SC70TX: 1668,1VRK1203CM1001668
285382,BC700XL: 4605,1VRC101V2M1004605
285384,CTX160: 777,1VR3080MHM1000777
285385,D10X15III: 2509,1VRA130VAM1002509
285387,S450TX: 2153,1VRD060BTM1002153
285388,D8X12: 1087,1VR7130SEM1001087
285389,RTX750: 4111,1VR9112MVM1004111
285391,SC802: 4042,1VR2151J9M1004042
285392,SPX25: 1616,1VR9070UPM1001616
285393,D24X40III: 2551,1VRX200FPM1002551
285394,SC552: 1103,1VR9132UPM1001103
285395,PD10R: 1098,1VRR1008EM1001098
285396,PTX40: 1075,1VR8072THM1001075
285397,RTX450: 6135,1VR4202UVM1006135
285398,D24X40III: 2552,1VRX200FKM1002552
285399,RTX450: 6136,1VR4202UAM1006136
285400,SC70TX: 1669,1VRK1203TM1001669
285401,SC382: 1383,1VRU112BHM1001383
285402,RTX1250I2: 521,1VRR1329VM1000521
285403,SC292: 2100,1VRF102YJM1002100
285404,CTX100: 3581,1VRZ080HEM1003581
285405,SC382: 1384,1VRU112BEM1001384
285406,SC362: 4492,1VRF112YEM1004492
285407,BC1200XL: 6107,1VR7141Y3M1006107
285408,CTX160: 778,1VR3080MEM1000778
285409,PD10: 3154,1VRB100ZCM1003154
285410,D10X15III: 2510,1VRA130VCM1002510
285412,CTX100: 3582,1VRZ080HCM1003582
285413,RTX450: 6137,1VR4202ULM1006137
285414,BC1500: 12466,1VR2181V7M1012466
285415,D23X30III: 2416,1VRN2007EM1002416
285416,CTX160: 779,1VR3080MCM1000779
285417,SC30TX: 4351,1VRC070NCM1004351
285419,BC1800XL: 10325,1VRY151Z7M1010325
285420,PTX42: 247,1VRK0724HM1000247
285422,BC700XL: 4606,1VRC101V4M1004606
285423,D20X22III: 2942,1VRA170VHM1002942
285424,CTX160: 780,1VR3080MHM1000780
285425,SC362: 4493,1VRF112YCM1004493
285428,CTX100: 3583,1VRZ080HTM1003583
285429,SC802: 4043,1VR2151J0M1004043
285431,RTX250: 2655,1VRD070DLM1002655
285432,SC382: 1385,1VRU112BCM1001385
285434,CTX160: 782,1VR3080MCM1000782
285435,SC292: 2101,1VRF102YCM1002101
285436,D10X15III: 2511,1VRA130VVM1002511
285438,RTX1250I2: 522,1VRR1329AM1000522
285440,RTX750: 4112,1VR9112MAM1004112
285441,PD5R: 143,1VR6120RKM1000143
285442,SC362: 4494,1VRF112YTM1004494
285444,BC700XL: 4607,1VRC101V6M1004607
285446,CTX100: 3585,1VRZ080HKM1003585
285448,CTX100: 3584,1VRZ080HPM1003584
285449,D24X40III: 2553,1VRX200FJM1002553
285451,CTX100: 3586,1VRZ080HJM1003586
285454,S450TX: 2154,1VRD060BPM1002154
285455,CTX100: 3587,1VRZ080HCM1003587
285456,D40X55III: 1700,1VRY200GLM1001700
285457,BC1000XL: 35401,1VRY11190M1035401
285458,SPX25: 1617,1VR9070UKM1001617
285459,S450TX: 2152,1VRD060BCM1002152
285460,D20X22III: 2943,1VRA170VEM1002943
285462,RTX450: 6139,1VR4202UEM1006139
285463,SC70TX: 1670,1VRK1203EM1001670
285464,CTX160: 784,1VR3080MPM1000784
285465,BC1000XL: 35402,1VRY11192M1035402
285466,CTX160: 783,1VR3080MTM1000783
285467,BC1000XL: 35403,1VRY11194M1035403
285468,PD5R: 144,1VR6120RJM1000144
285469,CTX100: 3588,1VRZ080HVM1003588
285470,CTX160: 785,1VR3080MKM1000785
285471,BC700XL: 4608,1VRC101V8M1004608
285472,D10X15III: 2512,1VRA130VAM1002512
285473,CTX100: 3589,1VRZ080HAM1003589
285474,T555III: 1523,1VR2150WTM1001523
285475,PD10: 3155,1VRB100ZTM1003155
285477,CTX160: 786,1VR3080MJM1000786
285478,D23X30III: 2417,1VRN2007CM1002417
285480,CTX100: 3590,1VRZ080HCM1003590
285481,PTX44: 1608,1VR8072SKM1001608
285482,S925TX: 4885,1VRL0705PM1004885
285484,SC382: 1386,1VRU112BTM1001386
285485,PTX42: 177,1VRK0724VM1000177
285486,PTX42: 210,1VRK0724KM1000210
285487,CTX160: 787,1VR3080MCM1000787
285488,BC700XL: 4609,1VRC101VXM1004609
285489,SC362: 4495,1VRF112YPM1004495
285490,SC362: 4498,1VRF112YCM1004498
285492,SC292: 2102,1VRF102YVM1002102
285493,HG6800TX: 1028,1VRK4804PM1001028
285494,CTX100: 3591,1VRZ080HVM1003591
285495,SC382: 1388,1VRU112BKM1001388
285497,SC362: 4496,1VRF112YKM1004496
285498,RTX550: 4038,1VR91125LM1004038
285499,SC382: 1387,1VRU112BPM1001387
285500,SC852: 2075,1VR7122LHM1002075
285501,SC30TX: 4352,1VRC070NTM1004352
285502,SC362: 4497,1VRF112YJM1004497
285503,D24X40III: 2554,1VRX200FCM1002554
285505,D100X140S3: 312,1VRB360WKM1000312
285507,CTX100: 3592,1VRZ080HAM1003592
285508,RTX1250I2: 532,1VRR1329KM1000532
285509,AX19: 1055,1VRL19257M1001055
285510,S450TX: 2155,1VRD060BKM1002155
285511,RTX250: 2656,1VRD070DHM1002656
285512,CTX100: 3593,1VRZ080HLM1003593
285513,BC1800XL: 10330,1VRY151Z0M1010330
285514,BC700XL: 4610,1VRC101V6M1004610
285515,BC1000XL: 35405,1VRY11198M1035405
285516,D10X15III: 2513,1VRA130VLM1002513
285517,S925TX: 4918,1VRL0705PM1004918
285518,BC1000XL: 35408,1VRY11193M1035408
285519,PD5R: 145,1VR6120RCM1000145
285523,D20X22III: 2945,1VRA170VTM1002945
285524,CTX160: 788,1VR3080MVM1000788
285526,SC70TX: 1671,1VRK1203CM1001671
285527,D20X22III: 2944,1VRA170VCM1002944
285528,BC1000XL: 35409,1VRY11195M1035409
285529,TR626: 10008,1VR8552N2MF010008
285530,RTX450: 6140,1VR4202ULM1006140
285531,BC1000XL: 35407,1VRY11191M1035407
285532,RTX250: 2657,1VRD070DEM1002657
285533,CTX100: 3573,1VRZ080HCM1003573
285535,PD10R: 1100,1VRR1008AM1001100
285536,D23X30III: 2420,1VRN2007CM1002420
285537,BC700XL: 4611,1VRC101V8M1004611
285539,S925TX: 4920,1VRL0705TM1004920
285540,PTX44: 1609,1VR8072SJM1001609
285541,RTX250: 2658,1VRD070DCM1002658
285542,CTX160: 789,1VR3080MAM1000789
285544,S925TX: 4947,1VRL0705CM1004947
285548,S925TX: 4949,1VRL0705PM1004949
285549,RTX550: 4039,1VR91125HM1004039
285550,BC700XL: 4612,1VRC101VXM1004612
285551,CTX100: 3595,1VRZ080HEM1003595
285553,D23X30III: 2418,1VRN2007TM1002418
285554,S925TX: 4922,1VRL0705KM1004922
285555,D10X15III: 2514,1VRA130VHM1002514
285556,PTX40: 1076,1VR8072TEM1001076
285557,BC900XL: 3661,1VR71216XM1003661
285560,SC30TX: 4353,1VRC070NPM1004353
285561,RTX450: 6141,1VR4202UHM1006141
285562,BC1000XL: 35413,1VRY11197M1035413
285564,CTX160: 790,1VR3080MCM1000790
285565,BC1000XL: 35414,1VRY11199M1035414
285566,CTX100: 3594,1VRZ080HHM1003594
285567,BC700XL: 4613,1VRC101V1M1004613
285568,BC1000XL: 35412,1VRY11195M1035412
285569,S925TX: 4951,1VRL0705TM1004951
285572,S450TX: 2156,1VRD060BJM1002156
285573,PD10: 3156,1VRB100ZPM1003156
285576,D20X22III: 2946,1VRA170VPM1002946
285577,CTX100: 3596,1VRZ080HCM1003596
285578,BC1000XL: 35416,1VRY11192M1035416
285579,SC70TX: 1673,1VRK1203PM1001673
285582,D24X40III: 2555,1VRX200FVM1002555
285584,SC362: 4499,1VRF112YVM1004499
285585,S925TX: 4946,1VRL0705EM1004946
285586,SC362: 4500,1VRF112YPM1004500
285587,BC1200XL: 6110,1VR7141Y3M1006110
285588,SC30TX: 4354,1VRC070NKM1004354
285589,SC292: 2103,1VRF102YAM1002103
285590,CTX160: 791,1VR3080MVM1000791
285591,BC1200XL: 6109,1VR7141Y7M1006109
285592,SC362: 4501,1VRF112YKM1004501
285595,SPX25: 1618,1VR9070UJM1001618
285596,D10X15III: 2515,1VRA130VEM1002515
285597,D40X55III: 1701,1VRY200GHM1001701
285598,RTX450: 6142,1VR4202UEM1006142
285599,RTX1250I2: 533,1VRR1329JM1000533
285600,CTX100: 3597,1VRZ080HTM1003597
285603,BC700XL: 4614,1VRC101V3M1004614
285604,BC1000XL: 35418,1VRY11196M1035418
285605,PD10R: 1099,1VRR1008CM1001099
285606,PTX40: 1077,1VR8072TCM1001077
285607,CTX160: 792,1VR3080MAM1000792
285608,S925TX: 4955,1VRL0705CM1004955
285609,D20X22III: 2947,1VRA170VKM1002947
285610,PD10: 2405,1VRB100ZXK1002405
285612,SC30TX: 4355,1VRC070NJM1004355
285615,RTX1250I2: 534,1VRR1329CM1000534
285616,PD5R: 146,1VR6120RVM1000146
285617,SC30TX: 4356,1VRC070NCM1004356
285618,D24X40III: 2556,1VRX200FAM1002556
285621,RTX450: 6143,1VR4202UCM1006143
285623,RTX1250I2: 535,1VRR1329VM1000535
285624,RTX200: 1563,1VR6071RTM1001563
285625,PD10: 3157,1VRB100ZKM1003157
285626,SC30TX: 4357,1VRC070NVM1004357
285627,D8X12: 1088,1VR7130SCM1001088
285630,SC30TX: 4358,1VRC070NAM1004358
285631,SC382: 1390,1VRU112BPM1001390
285632,SC362: 4503,1VRF112YCM1004503
285633,D10X15III: 2516,1VRA130VCM1002516
285634,SC362: 4502,1VRF112YJM1004502
285635,PTX40: 1078,1VR8072TTM1001078
285636,D24X40III: 2557,1VRX200FLM1002557
285637,SC382: 1389,1VRU112BJM1001389
285639,SC30TX: 4359,1VRC070NLM1004359
285640,SC552: 1104,1VR9132UKM1001104
285642,BC700XL: 4615,1VRC101V5M1004615
285644,RTX550: 4040,1VR91125AM1004040
285645,D20X22III: 2948,1VRA170VJM1002948
285646,D10X15III: 2517,1VRA130VTM1002517
285647,PD5R: 147,1VR6120RAM1000147
285648,SC70TX: 1672,1VRK1203TM1001672
285650,RTX450: 6144,1VR4202UTM1006144
285651,D40X55DRS3: 1046,1VR3240MTM1001046
285653,D23X30III: 2419,1VRN2007PM1002419
285654,SC292: 2104,1VRF102YLM1002104
285656,PD10: 3158,1VRB100ZJM1003158
285657,SC362: 4504,1VRF112YVM1004504
285658,SC382: 1391,1VRU112BKM1001391
285659,SC362: 4505,1VRF112YAM1004505
285660,SC70TX: 1675,1VRK1203JM1001675
285663,SC30TX: 4360,1VRC070NVM1004360
285664,D20X22III: 2949,1VRA170VCM1002949
285665,SC30TX: 4361,1VRC070NAM1004361
285666,SC30TX: 4362,1VRC070NLM1004362
285668,PD10R: 1101,1VRR1008LM1001101
285670,SPX25: 1619,1VR9070UCM1001619
285671,BC700XL: 4616,1VRC101V7M1004616
285672,D20X22III: 2950,1VRA170VKM1002950
285673,SC70TX: 1676,1VRK1203CM1001676
285674,D10X15III: 2518,1VRA130VPM1002518
285675,RTX450: 6145,1VR4202UPM1006145
285676,SC362: 4506,1VRF112YLM1004506
285677,SC70TX: 1677,1VRK1203VM1001677
285678,D10X15III: 2519,1VRA130VKM1002519
285679,SC382: 1392,1VRU112BJM1001392
285680,D40X55III: 1702,1VRY240GCM1001702
285681,SC362: 4507,1VRF112YHM1004507
285682,SC30TX: 4363,1VRC070NHM1004363
285683,SC362: 4508,1VRF112YEM1004508
285685,SC382: 1393,1VRU112BCM1001393
285686,D24X40III: 2558,1VRX200FHM1002558
285690,TR5300: 156,56SM39160MF000156
285691,BC1000XL: 35419,1VRY11198M1035419
285692,CTX100: 3598,1VRZ080HPM1003598
285693,BC1000XL: 35420,1VRY11194M1035420
285694,SC30TX: 4364,1VRC070NEM1004364
285696,AX19: 1056,1VRL19259M1001056
285697,D23X30III: 2421,1VRN2007TM1002421
285698,S925TX: 4956,1VRL0705VM1004956
285699,PTX42: 248,1VRK0724EM1000248
285700,SC30TX: 4365,1VRC070NCM1004365
285701,CTX160: 781,1VR3080MEM1000781
285702,BC1000XL: 35422,1VRY11198M1035422
285703,BC700XL: 4617,1VRC101V9M1004617
285704,CTX160: 793,1VR3080MLM1000793
285705,BC1800XL: 10331,1VRY151Z2M1010331
285707,BC1000XL: 35423,1VRY1119XM1035423
285708,S925TX: 4953,1VRL0705KM1004953
285709,S925TX: 4957,1VRL0705AM1004957
285710,SC70TX: 1678,1VRK1203AM1001678
285711,SPX25: 1620,1VR9070UKM1001620
285712,BC1000XL: 35424,1VRY11191M1035424
285713,PD10: 3159,1VRB100ZCM1003159
285714,RTX1250I2: 537,1VRR1329LM1000537
285715,BC1200XL: 6111,1VR7141Y5M1006111
285716,D8X12: 1089,1VR7130STM1001089
285718,D24X40III: 2559,1VRX200FEM1002559
285719,RTX250: 2660,1VRD070DEM1002660
285720,BC1000XL: 35431,1VRY11199M1035431
285721,S925TX: 4958,1VRL0705LM1004958
285723,RTX1250I2: 536,1VRR1329AM1000536
285724,CTX100: 3600,1VRZ080HEM1003600
285725,BC1000XL: 35432,1VRY11190M1035432
285726,BC1800XL: 10332,1VRY151Z4M1010332
285727,SC30TX: 4366,1VRC070NTM1004366
285728,HG6800TX: 1029,1VRK4804KM1001029
285729,PTX42: 249,1VRK0724CM1000249
285730,S925TX: 4959,1VRL0705HM1004959
285731,BC1500: 12475,1VR2181V8M1012475
285732,CTX100: 3599,1VRZ080HKM1003599
285733,SC30TX: 4367,1VRC070NPM1004367
285734,BC1000XL: 35433,1VRY11192M1035433
285736,RTX250: 2659,1VRD070DTM1002659
285737,PD10: 3160,1VRB100ZKM1003160
285738,D23X30III: 2422,1VRN2007PM1002422
285739,SC30TX: 4368,1VRC070NKM1004368
285747,CTX160: 794,1VR3080MHM1000794
285749,BC1000XL: 35426,1VRY11195M1035426
285750,S925TX: 4960,1VRL0705AM1004960
285751,BC700XL: 4618,1VRC101V0M1004618
285752,BC1800XL: 10327,1VRY151Z0M1010327
285753,BC1000XL: 35434,1VRY11194M1035434
285754,SC362: 4509,1VRF112YCM1004509
285755,CTX100: 3601,1VRZ080HCM1003601
285756,SC30TX: 4369,1VRC070NJM1004369
285757,SC362: 4510,1VRF112YHM1004510
285758,D20X22III: 2951,1VRA170VJM1002951
285759,BC1500: 12470,1VR2181V9M1012470
285760,SC382: 1394,1VRU112BVM1001394
285762,PD10R: 1102,1VRR1008HM1001102
285763,BC1000XL: 35436,1VRY11198M1035436
285764,SC362: 4511,1VRF112YEM1004511
285765,D23X30III: 2423,1VRN2007KM1002423
285766,BC1000XL: 35437,1VRY1119XM1035437
285767,S925TX: 4962,1VRL0705HM1004962
285768,T955III: 546,1VR222020L1000546
285769,BC1500: 12471,1VR2181V0M1012471
285770,S925TX: 4961,1VRL0705LM1004961
285771,BC1000XL: 35427,1VRY11197M1035427
285772,RTX450: 6146,1VR4202UKM1006146
285776,S925TX: 4963,1VRL0705EM1004963
285785,BC1500: 12474,1VR2181V6M1012474
285786,RTX250: 2661,1VRD070DCM1002661
285787,SC552: 1105,1VR9132UJM1001105
285788,S925TX: 4964,1VRL0705CM1004964
285789,D10X15III: 2521,1VRA130VPM1002521
285790,BC1800XL: 10322,1VRY151Z1M1010322
285791,S925TX: 4965,1VRL0705TM1004965
285792,BC1000XL: 35371,1VRY11196M1035371
285793,D40X55III: 1703,1VRY200GCM1001703
285795,SC70TX: 1679,1VRK1203LM1001679
285796,BC1000XL: 35439,1VRY11193M1035439
285797,S925TX: 4967,1VRL0705KM1004967
285798,BC1500: 12462,1VR2181VXM1012462
285799,PTX44: 1610,1VR8072SPM1001610
285800,S925TX: 4969,1VRL0705CM1004969
285803,RTX450: 6147,1VR4202UJM1006147
285804,BC1000XL: 35440,1VRY1119XM1035440
285805,S925TX: 4971,1VRL0705JM1004971
285806,D10X15III: 2520,1VRA130VTM1002520
285808,PD10: 3161,1VRB100ZJM1003161
285809,S925TX: 4973,1VRL0705VM1004973
285810,SC30TX: 4371,1VRC070NKM1004371
285811,BC1000XL: 35429,1VRY11190M1035429
285812,SC362: 4512,1VRF112YCM1004512
285813,CTX100: 3602,1VRZ080HTM1003602
285815,BC1000XL: 35441,1VRY11191M1035441
285816,RTX1250I2: 526,1VRR1329CM1000526
285817,SC382: 1395,1VRU112BAM1001395
285818,CTX160: 795,1VR3080MEM1000795
285819,SPX25: 1621,1VR9070UJM1001621
285820,CTX100: 3603,1VRZ080HPM1003603
285821,D23X30III: 2424,1VRN2007JM1002424
285822,RTX750: 4113,1VR9112MLM1004113
285824,D20X22III: 2952,1VRA170VCM1002952
285825,SC362: 4513,1VRF112YTM1004513
285826,BC700XL: 4619,1VRC101V2M1004619
285827,CTX100: 3604,1VRZ080HKM1003604
285828,RTX750: 4082,1VR9112MEM1004082
285829,BC1000XL: 35430,1VRY11197M1035430
285830,SC362: 4514,1VRF112YPM1004514
285831,CTX160: 796,1VR3080MCM1000796
285832,SC362: 4515,1VRF112YKM1004515
285833,S450TX: 2157,1VRD060BCM1002157
285834,SC70TX: 1680,1VRK1203VM1001680
285835,SC30TX: 4372,1VRC070NJM1004372
285836,CTX100: 3605,1VRZ080HJM1003605
285838,D24X40III: 2560,1VRX200FLM1002560
285839,CTX160: 797,1VR3080MTM1000797
285841,PTX44: 1611,1VR8072SKM1001611
285842,SC30TX: 4373,1VRC070NCM1004373
285843,CTX100: 3606,1VRZ080HCM1003606
285850,D10X15III: 2522,1VRA130VKM1002522
285851,BC1800XL: 10329,1VRY151Z4M1010329
285852,SC30TX: 4374,1VRC070NVM1004374
285853,CTX160: 798,1VR3080MPM1000798
285854,RTX1250I2: 538,1VRR1329HM1000538
285856,AX19: 1057,1VRL19250M1001057
285857,BC1500: 12477,1VR2181V1M1012477
285858,CTX100: 3607,1VRZ080HVM1003607
285859,BC700XL: 4620,1VRC101V9M1004620
285860,BC900XL: 3665,1VR712167M1003665
285861,D23X30III: 2425,1VRN2007CM1002425
285862,S925TX: 4974,1VRL0705AM1004974
286035,RTX200: 1564,1VR6071RPM1001564
286036,SC852: 2076,1VR7122LEM1002076
286037,BC700XL: 4621,1VRC101V0M1004621
286038,RTX750: 4114,1VR9112MHM1004114
286039,RTX450: 6148,1VR4202UCM1006148
286040,SC30TX: 4375,1VRC070NAM1004375
286041,D24X40III: 2561,1VRX200FHM1002561
286042,SC70TX: 1681,1VRK1203AM1001681
286043,SC30TX: 4376,1VRC070NLM1004376
286044,SC70TX: 1682,1VRK1203LM1001682
286045,RTX450: 6149,1VR4202UVM1006149
286046,TG7000: 2023,1VRY46366M1002023
286047,SC30TX: 4377,1VRC070NHM1004377
286048,D20X22III: 2953,1VRA170VVM1002953
286049,BC1000XL: 35435,1VRY11196M1035435
286050,SC30TX: 4378,1VRC070NEM1004378
286052,CTX160: 799,1VR3080MKM1000799
286053,BC1000XL: 35447,1VRY11192M1035447
286054,SC382: 1396,1VRU112BLM1001396
286055,RTX250: 2662,1VRD070DTM1002662
286056,BC1800XL: 10334,1VRY151Z8M1010334
286057,BC1000XL: 35448,1VRY11194M1035448
286058,D10X15III: 2523,1VRA130VJM1002523
286059,CTX100: 3609,1VRZ080HLM1003609
286060,PTX44: 1612,1VR8072SJM1001612
286061,BC700XL: 4622,1VRC101V2M1004622
286062,S925TX: 4976,1VRL0705HM1004976
286063,BC1000XL: 35451,1VRY11194M1035451
286064,BC1500: 12478,1VR2181V3M1012478
286065,BC1000XL: 35449,1VRY11196M1035449
286066,CTX160: 800,1VR3080MEM1000800
286067,PTX40: 1001,1VR8072T3L1001001
286068,PTX40: 1002,1VR8072TPL1001002
286069,PTX40: 1003,1VR8072TKL1001003
286070,PTX40: 1004,1VR8072TKM1001004
286071,PTX40: 1005,1VR8072TJM1001005
286072,PTX40: 1006,1VR8072TCM1001006
286073,PTX40: 1007,1VR8072TTM1001007
286074,PTX40: 1008,1VR8072TAM1001008
286075,PTX40: 1009,1VR8072TLM1001009
286076,PTX40: 1010,1VR8072TVM1001010
286077,PTX40: 1011,1VR8072TAM1001011
286078,PTX40: 1012,1VR8072TLM1001012
286079,PTX40: 1013,1VR8072THM1001013
286080,PTX40: 1014,1VR8072TEM1001014
286081,PTX40: 1015,1VR8072TCM1001015
286082,PTX40: 1016,1VR8072TTM1001016
286083,PTX40: 1017,1VR8072TPM1001017
286084,PTX40: 1018,1VR8072TKM1001018
286085,PTX40: 1019,1VR8072TJM1001019
286086,PTX40: 1020,1VR8072TPM1001020
286087,PTX40: 1021,1VR8072TKM1001021
286088,PTX40: 1022,1VR8072TJM1001022
286089,PTX40: 1023,1VR8072TCM1001023
286090,PTX40: 1024,1VR8072TVM1001024
286091,PTX40: 1025,1VR8072TAM1001025
286092,PTX40: 1026,1VR8072TLM1001026
286093,PTX42: 123,1VRK07243L1000123
286094,PTX42: 124,1VRK07245L1000124
286095,PTX42: 125,1VRK07247L1000125
286096,PTX42: 126,1VRK07249L1000126
286097,PTX42: 127,1VRK07240L1000127
286098,PTX42: 128,1VRK07242L1000128
286099,PTX42: 129,1VRK07244L1000129
286100,PTX42: 130,1VRK07240L1000130
286101,PTX42: 131,1VRK07242L1000131
286102,PTX42: 132,1VRK07244L1000132
286103,PTX42: 133,1VRK07246L1000133
286104,PTX42: 134,1VRK07248L1000134
286105,PTX42: 135,1VRK0724XL1000135
286106,PTX42: 136,1VRK07241L1000136
286107,PTX42: 137,1VRK07243L1000137
286108,PTX42: 138,1VRK07245L1000138
286109,PTX42: 139,1VRK07247L1000139
286110,PTX42: 140,1VRK07243L1000140
286111,PTX42: 141,1VRK07245L1000141
286112,PTX42: 142,1VRK07247L1000142
286113,PTX42: 143,1VRK07249L1000143
286114,PTX42: 144,1VRK07240L1000144
286115,PTX42: 145,1VRK07242L1000145
286116,PTX42: 146,1VRK07244L1000146
286117,PTX42: 147,1VRK07246L1000147
286118,PTX42: 148,1VRK07248L1000148
286119,PTX42: 149,1VRK0724XL1000149
286120,PTX42: 150,1VRK07246L1000150
286121,PTX42: 151,1VRK07248L1000151
286122,PTX42: 152,1VRK0724XL1000152
286123,PTX42: 153,1VRK07241L1000153
286124,PTX42: 154,1VRK07243L1000154
286125,PTX42: 155,1VRK07245L1000155
286126,PTX42: 156,1VRK07247L1000156
286127,PTX42: 157,1VRK0724JL1000157
286128,PTX42: 158,1VRK0724CL1000158
286129,PTX42: 159,1VRK0724VL1000159
286130,PTX42: 160,1VRK0724JL1000160
286131,PTX42: 161,1VRK0724CL1000161
286132,PTX42: 162,1VRK0724VL1000162
286133,PTX42: 163,1VRK0724AL1000163
286134,PTX42: 164,1VRK0724AM1000164
286135,PTX42: 165,1VRK0724KM1000165
286136,PTX42: 166,1VRK0724JM1000166
286137,PTX42: 167,1VRK0724EM1000167
286138,PTX42: 168,1VRK0724CM1000168
286139,PTX42: 169,1VRK0724TM1000169
286140,PTX42: 170,1VRK0724EM1000170
286141,PTX42: 171,1VRK0724CM1000171
286142,PTX42: 172,1VRK0724TM1000172
286143,PTX42: 173,1VRK0724PM1000173
286144,PTX42: 174,1VRK0724KM1000174
286145,PTX42: 175,1VRK0724JM1000175
286146,PTX42: 176,1VRK0724CM1000176
286147,PTX42: 178,1VRK0724AM1000178
286148,PTX42: 179,1VRK0724LM1000179
286149,PTX42: 180,1VRK0724VM1000180
286150,PTX42: 181,1VRK0724AM1000181
286151,PTX42: 182,1VRK0724LM1000182
286152,PTX42: 183,1VRK0724HM1000183
286153,PTX42: 184,1VRK0724EM1000184
286154,PTX42: 185,1VRK0724CM1000185
286155,PTX42: 186,1VRK0724TM1000186
286156,PTX42: 187,1VRK0724PM1000187
286157,PTX42: 188,1VRK0724KM1000188
286158,PTX42: 189,1VRK0724JM1000189
286159,PTX42: 190,1VRK0724PM1000190
286160,PTX42: 191,1VRK0724KM1000191
286161,PTX42: 192,1VRK0724JM1000192
286162,PTX42: 193,1VRK0724CM1000193
286163,PTX42: 194,1VRK0724VM1000194
286164,PTX42: 195,1VRK0724AM1000195
286165,PTX42: 196,1VRK0724LM1000196
286166,PTX42: 197,1VRK0724HM1000197
286167,PTX42: 198,1VRK0724EM1000198
286168,PTX42: 199,1VRK0724CM1000199
286169,PTX42: 200,1VRK0724AM1000200
286170,PTX42: 201,1VRK0724LM1000201
286171,PTX42: 202,1VRK0724HM1000202
286172,PTX42: 203,1VRK0724EM1000203
286173,PTX42: 204,1VRK0724CM1000204
286174,PTX42: 205,1VRK0724TM1000205
286175,PTX42: 206,1VRK0724PM1000206
286176,PTX42: 207,1VRK0724KM1000207
286177,PTX42: 208,1VRK0724JM1000208
286178,PTX42: 209,1VRK0724CM1000209
286179,PTX42: 211,1VRK0724JM1000211
286180,PTX42: 212,1VRK0724CM1000212
286181,PTX42: 213,1VRK0724VM1000213
286182,PTX42: 214,1VRK0724AM1000214
286183,PTX42: 215,1VRK0724LM1000215
286184,PTX44: 1501,1VR8072S2L1001501
286185,PTX44: 1502,1VR8072S4L1001502
286186,PTX44: 1503,1VR8072S6L1001503
286187,PTX44: 1504,1VR8072S8L1001504
286188,PTX44: 1505,1VR8072SXL1001505
286189,PTX44: 1506,1VR8072S1L1001506
286190,PTX44: 1507,1VR8072S3L1001507
286191,PTX44: 1508,1VR8072S5L1001508
286192,PTX44: 1509,1VR8072S7L1001509
286193,PTX44: 1510,1VR8072S3L1001510
286194,PTX44: 1511,1VR8072S5L1001511
286195,PTX44: 1512,1VR8072S7L1001512
286196,PTX44: 1513,1VR8072S9L1001513
286197,PTX44: 1514,1VR8072SCL1001514
286198,PTX44: 1515,1VR8072SCM1001515
286199,PTX44: 1516,1VR8072SVM1001516
286200,PTX44: 1517,1VR8072SAM1001517
286201,PTX44: 1518,1VR8072SLM1001518
286202,PTX44: 1519,1VR8072SHM1001519
286203,PTX44: 1520,1VR8072SAM1001520
286204,PTX44: 1521,1VR8072SLM1001521
286205,PTX44: 1522,1VR8072SHM1001522
286206,PTX44: 1523,1VR8072SEM1001523
286207,PTX44: 1524,1VR8072SCM1001524
286208,PTX44: 1525,1VR8072STM1001525
286209,PTX44: 1526,1VR8072SPM1001526
286210,PTX44: 1527,1VR8072SKM1001527
286211,PTX44: 1528,1VR8072SJM1001528
286212,PTX44: 1529,1VR8072SCM1001529
286213,PTX44: 1530,1VR8072SKM1001530
286214,PTX44: 1531,1VR8072SJM1001531
286215,PTX44: 1532,1VR8072SCM1001532
286216,PTX44: 1533,1VR8072SVM1001533
286217,PTX44: 1534,1VR8072SAM1001534
286218,PTX44: 1535,1VR8072SLM1001535
286219,PTX44: 1536,1VR8072SHM1001536
286220,PTX44: 1537,1VR8072SEM1001537
286221,PTX44: 1538,1VR8072SCM1001538
286222,PTX44: 1539,1VR8072STM1001539
286223,PTX44: 1540,1VR8072SEM1001540
286224,PTX44: 1541,1VR8072SCM1001541
286225,PTX44: 1542,1VR8072STM1001542
286226,PTX44: 1543,1VR8072SPM1001543
286227,PTX44: 1544,1VR8072SKM1001544
286228,PTX44: 1545,1VR8072SJM1001545
286229,PTX44: 1546,1VR8072SCM1001546
286230,PTX44: 1547,1VR8072SVM1001547
286231,PTX44: 1548,1VR8072SAM1001548
286232,PTX44: 1549,1VR8072SLM1001549
286233,PTX44: 1550,1VR8072SVM1001550
286234,PTX44: 1551,1VR8072SAM1001551
286235,PTX44: 1552,1VR8072SLM1001552
286236,PTX44: 1553,1VR8072SHM1001553
286237,PTX44: 1554,1VR8072SEM1001554
286238,PTX44: 1555,1VR8072SCM1001555
286239,PTX44: 1556,1VR8072STM1001556
286243,SC70TX: 1683,1VRK1203HM1001683
286245,S925TX: 4977,1VRL0705EM1004977
286246,SPX25: 1622,1VR9070UCM1001622
286247,D550G4: 101,1VR7530SCM1000101
286248,CC155: 1031,1VR2152E0L1001031
286249,CC155: 1033,1VR2152E4L1001033
286250,CC155: 1034,1VR2152E6L1001034
286251,CC155: 1036,1VR2152EHM1001036
286252,PD10: 3009,1VRB100Z5L1003009
286253,PD10: 3010,1VRB100Z1L1003010
286254,PD10: 3011,1VRB100Z3L1003011
286255,PD10: 3012,1VRB100Z5L1003012
286256,PD10: 3013,1VRB100Z7L1003013
286257,PD10: 3014,1VRB100Z9L1003014
286258,PD10: 3019,1VRB100Z8L1003019
286259,PD10: 3020,1VRB100Z4L1003020
286260,PD10: 3021,1VRB100Z6L1003021
286261,PD10: 3022,1VRB100Z8L1003022
286262,PD10: 3023,1VRB100ZXL1003023
286263,PD10: 3024,1VRB100Z1L1003024
286264,PD10: 3025,1VRB100Z3L1003025
286265,PD10: 3026,1VRB100Z5L1003026
286266,PD10: 3037,1VRB100Z8M1003037
286267,PD10: 3038,1VRB100ZXM1003038
286268,PD10: 3039,1VRB100Z1M1003039
286269,PD10: 3040,1VRB100ZHM1003040
286270,PD10: 3041,1VRB100ZEM1003041
286271,PD10: 3042,1VRB100ZCM1003042
286272,PD10: 3043,1VRB100ZTM1003043
286273,PD10: 3044,1VRB100ZPM1003044
286274,PD10: 3045,1VRB100ZKM1003045
286275,PD10: 3047,1VRB100ZCM1003047
286276,PD10: 3048,1VRB100ZTM1003048
286277,PD10: 3049,1VRB100ZPM1003049
286278,PD10: 3050,1VRB100ZCM1003050
286279,PD10: 3051,1VRB100ZVM1003051
286280,PD10: 3052,1VRB100ZAM1003052
286281,PD10: 3053,1VRB100ZLM1003053
286282,PD10: 3054,1VRB100ZHM1003054
286283,PD10: 3055,1VRB100ZEM1003055
286284,PD10: 3056,1VRB100ZCM1003056
286285,PD10: 3057,1VRB100ZTM1003057
286286,PD10: 3058,1VRB100ZPM1003058
286287,PD10: 3059,1VRB100ZKM1003059
286288,PD10: 3060,1VRB100ZTM1003060
286289,PD10: 3061,1VRB100ZPM1003061
286290,PD10: 3067,1VRB100ZLM1003067
286291,PD10: 3068,1VRB100ZHM1003068
286292,PD10: 3069,1VRB100ZEM1003069
286293,PD10: 3070,1VRB100ZLM1003070
286294,PD10: 3071,1VRB100ZHM1003071
286295,PD10: 3072,1VRB100ZEM1003072
286296,PD10: 3073,1VRB100ZCM1003073
286297,PD10: 3074,1VRB100ZTM1003074
286298,PD10: 3075,1VRB100ZPM1003075
286299,PD10: 3076,1VRB100ZKM1003076
286300,PD10: 3077,1VRB100ZJM1003077
286301,PD10: 3078,1VRB100ZCM1003078
286302,PD10: 3079,1VRB100ZVM1003079
286303,PD10R: 1008,1VRR10087L1001008
286304,PD10R: 1009,1VRR10089L1001009
286305,PD10R: 1010,1VRR10085L1001010
286306,PD10R: 1011,1VRR10087L1001011
286307,PD10R: 1012,1VRR10089L1001012
286308,PD10R: 1013,1VRR10080L1001013
286309,PD10R: 1014,1VRR10082L1001014
286310,PD10R: 1015,1VRR10084L1001015
286311,PD10R: 1016,1VRR10086L1001016
286312,PD10R: 1017,1VRR10088L1001017
286313,PD10R: 1018,1VRR1008XL1001018
286314,PD10R: 1019,1VRR10081L1001019
286315,PD10R: 1020,1VRR10088L1001020
286316,PD10R: 1021,1VRR1008XL1001021
286317,PD10R: 1025,1VRR10087L1001025
286318,PD10R: 1026,1VRR10089L1001026
286319,PD10R: 1027,1VRR10080L1001027
286320,PD10R: 1028,1VRR10082L1001028
286321,PD10R: 1029,1VRR10084L1001029
286322,PD10R: 1030,1VRR10080L1001030
286323,PD10R: 1032,1VRR1008TM1001032
286324,PD10R: 1033,1VRR1008PM1001033
286325,PD10R: 1034,1VRR1008LM1001034
286326,PD10R: 1035,1VRR1008HM1001035
286327,PD10R: 1036,1VRR1008EM1001036
286328,PD10R: 1037,1VRR1008CM1001037
286329,PD10R: 1038,1VRR1008TM1001038
286330,PD10R: 1039,1VRR1008PM1001039
286331,PD10R: 1040,1VRR1008CM1001040
286332,PD10R: 1041,1VRR1008TM1001041
286333,PD10R: 1042,1VRR1008PM1001042
286334,PD10R: 1043,1VRR1008KM1001043
286335,PD10R: 1044,1VRR1008JM1001044
286336,PD10R: 1045,1VRR1008CM1001045
286337,PD10R: 1046,1VRR1008VM1001046
286338,PD10R: 1047,1VRR1008AM1001047
286339,PD10R: 1048,1VRR1008LM1001048
286340,PD5R: 109,1VR6120RKM1000109
286341,PD5R: 110,1VR6120RTM1000110
286342,PD5R: 111,1VR6120RPM1000111
286343,T1055III: 578,1VR2210T9L1000578
286344,T1055III: 579,1VR2210T0L1000579
286345,T1055III: 581,1VR2210T9L1000581
286346,T1055III: 582,1VR2210T9M1000582
286347,T1055III: 583,1VR2210TCM1000583
286348,T1055III: 584,1VR2210TVM1000584
286349,T1055III: 585,1VR2210TAM1000585
286350,T1055III: 586,1VR2210TLM1000586
286351,T1055III: 587,1VR2210THM1000587
286352,T1155III: 529,1VR225047L1000529
286353,T1155III: 530,1VR225043L1000530
286354,T1255III: 625,1VR230061L1000625
286355,T1255III: 627,1VR230065L1000627
286356,T1255III: 629,1VR23006KM1000629
286357,T1255III: 630,1VR23006TM1000630
286358,T555III: 1517,1VR2150WXL1001517
286359,T555III: 1518,1VR2150W1L1001518
286360,T555III: 1520,1VR2150WHM1001520
286361,T655III: 637,1VR7260G2L1000637
286362,T655III: 642,1VR7260GAM1000642
286363,T655III: 643,1VR7260GLM1000643
286364,T655III: 644,1VR7260GHM1000644
286365,T755III: 598,1VR2180R4L1000598
286366,T755III: 599,1VR2180R6L1000599
286368,T755III: 601,1VR2180R0L1000601
286369,T755III: 602,1VR2180R2L1000602
286370,T755III: 604,1VR2180RAM1000604
286371,T755III: 605,1VR2180RLM1000605
286372,DC10: 134,1VRB1203TM1000134
286373,BC1000XL: 35450,1VRY11192M1035450
286376,D20X22III: 2954,1VRA170VAM1002954
286377,BC1000XL: 35452,1VRY11196M1035452
286378,CTX100: 3610,1VRZ080HVM1003610
286379,RTX250: 2663,1VRD070DPM1002663
286380,PD10: 3162,1VRB100ZCM1003162
286381,S925TX: 4978,1VRL0705CM1004978
286383,D23X30DRS3: 1076,1VRJ2103PM1001076
286384,S925TX: 4975,1VRL0705LM1004975
286385,BC1000XL: 35454,1VRY1119XM1035454
286386,S925TX: 4979,1VRL0705TM1004979
286388,BC1200XL: 6113,1VR7141Y9M1006113
286389,SC30TX: 4379,1VRC070NCM1004379
286391,BC1000XL: 35387,1VRY1119XM1035387
286392,PTX40: 1079,1VR8072TPM1001079
286394,RTX750: 4115,1VR9112MEM1004115
286396,S925TX: 4980,1VRL0705EM1004980
286397,SC30TX: 4380,1VRC070NHM1004380
286398,CTX100: 3611,1VRZ080HAM1003611
286399,RTX1250I2: 539,1VRR1329EM1000539
286400,BC1500: 12479,1VR2181V5M1012479
286404,D24X40III: 2562,1VRX200FEM1002562
286405,PD5R: 148,1VR6120RLM1000148
286407,SC30TX: 4381,1VRC070NEM1004381
286412,BC1000XL: 35456,1VRY11193M1035456
286413,S925TX: 4981,1VRL0705CM1004981
286414,BC900XL: 3666,1VR712169M1003666
286416,CTX160: 802,1VR3080MTM1000802
286417,SC70TX: 1684,1VRK1203EM1001684
286418,BC700XL: 4623,1VRC101V4M1004623
286420,PD10: 3163,1VRB100ZVM1003163
286421,BC1000XL: 35457,1VRY11195M1035457
286422,BC1800XL: 10337,1VRY151Z3M1010337
286423,BC1000XL: 35455,1VRY11191M1035455
286424,D10X15III: 2524,1VRA130VCM1002524
286425,S925TX: 4948,1VRL0705TM1004948
286426,BC1000XL: 35458,1VRY11197M1035458
286427,SC30TX: 4382,1VRC070NCM1004382
286428,D40X55III: 1704,1VRY240GAM1001704
286429,RTX450: 6150,1VR4202UJM1006150
286430,S925TX: 4982,1VRL0705TM1004982
286431,BC1000XL: 35459,1VRY11199M1035459
286433,BC1200XL: 6114,1VR7141Y0M1006114
286434,D20X22III: 2955,1VRA170VLM1002955
286435,CTX160: 801,1VR3080MCM1000801
286436,CTX100: 3612,1VRZ080HLM1003612
286440,HG6000: 3010,1VRY39311M1003010
286441,BC1000XL: 35461,1VRY11197M1035461
286442,D23X30III: 2426,1VRN2007VM1002426
286443,S925TX: 4950,1VRL0705CM1004950
286444,BC1500: 12483,1VR2181V7M1012483
286445,S925TX: 4983,1VRL0705PM1004983
286446,SC552: 1106,1VR9132UCM1001106
286447,BC1000XL: 35463,1VRY11190M1035463
286449,BC1500: 12464,1VR2181V3M1012464
286450,D24X40III: 2563,1VRX200FCM1002563
286451,S925TX: 4984,1VRL0705KM1004984
286452,BC700XL: 4624,1VRC101V6M1004624
286453,CTX160: 803,1VR3080MPM1000803
286454,CTX100: 3608,1VRZ080HAM1003608
286455,D10X15III: 2525,1VRA130VVM1002525
286456,PD5: 103,1VRN1206AM1000103
286457,CTX100: 3613,1VRZ080HHM1003613
286460,S925TX: 4954,1VRL0705JM1004954
286462,D100X140S3: 313,1VRB360WJM1000313
286465,S925TX: 4985,1VRL0705JM1004985
286466,BC1000XL: 10354,1VRY1119581010354
286467,SC30TX: 4383,1VRC070NTM1004383
286468,D23X30III: 2427,1VRN2007AM1002427
286469,PD10: 3164,1VRB100ZAM1003164
286470,SC362: 4516,1VRF112YJM1004516
286471,BC1000XL: 35466,1VRY11196M1035466
286472,SC382: 1397,1VRU112BHM1001397
286473,BC1800XL: 10338,1VRY151Z5M1010338
286474,SPX25: 1623,1VR9070UVM1001623
286475,SC362: 4517,1VRF112YCM1004517
286476,PTX40: 1080,1VR8072TCM1001080
286477,BC1000XL: 35467,1VRY11198M1035467
286478,SC30TX: 4384,1VRC070NPM1004384
286479,RTX450: 6151,1VR4202UCM1006151
286482,D20X22III: 2956,1VRA170VHM1002956
286483,S925TX: 4966,1VRL0705PM1004966
286484,D24X40III: 2564,1VRX200FTM1002564
286485,S925TX: 4952,1VRL0705PM1004952
286487,SC70TX: 1686,1VRK1203TM1001686
286489,S925TX: 4986,1VRL0705CM1004986
286490,BC1500: 12485,1VR2181V0M1012485
286491,SC30TX: 4385,1VRC070NKM1004385
286492,WC2500TX: 1008,1VRF2700CM1001008
286493,RTX1250I2: 540,1VRR1329LM1000540
286494,S925TX: 4968,1VRL0705JM1004968
286495,T655III: 649,1VR7260GKM1000649
286496,SPX25: 1624,1VR9070UAM1001624
286497,PD10R: 1103,1VRR1008EM1001103
286499,BC1000XL: 35469,1VRY11191M1035469
286501,BC700XL: 4625,1VRC101V8M1004625
286502,S925TX: 4987,1VRL0705VM1004987
286503,BC700XL: 4626,1VRC101VXM1004626
286504,D10X15III: 2526,1VRA130VAM1002526
286506,BC1500: 12486,1VR2181V2M1012486
286507,BC900XL: 3635,1VR712169M1003635
286508,CTX100: 3615,1VRZ080HCM1003615
286509,PTX42: 250,1VRK0724HM1000250
286510,SC362: 4518,1VRF112YVM1004518
286511,PD10R: 1104,1VRR1008CM1001104
286512,BC1000XL: 35473,1VRY11193M1035473
286513,BC1000XL: 35384,1VRY11194M1035384
286514,S925TX: 4970,1VRL0705KM1004970
286515,BC1000XL: 35386,1VRY11198M1035386
286516,SC362: 4519,1VRF112YAM1004519
286517,D40X55III: 1705,1VRY240GLM1001705
286518,BC1800XL: 10339,1VRY151Z7M1010339
286519,SC292: 2105,1VRF102YHM1002105
286520,S925TX: 4988,1VRL0705AM1004988
286522,CTX100: 3616,1VRZ080HTM1003616
286523,SC30TX: 4386,1VRC070NJM1004386
286524,BC700XL: 4627,1VRC101V1M1004627
286526,BC1000XL: 35475,1VRY11197M1035475
286527,S925TX: 4989,1VRL0705LM1004989
286528,BC1000XL: 35485,1VRY1119XM1035485
286529,D20X22III: 2957,1VRA170VEM1002957
286530,SC292: 2106,1VRF102YEM1002106
286531,RTX1250I2: 541,1VRR1329HM1000541
286532,SC382: 1398,1VRU112BEM1001398
286533,RTX250: 2664,1VRD070DKM1002664
286535,CTX160: 805,1VR3080MJM1000805
286536,SC362: 4520,1VRF112YCM1004520
286538,BC1000XL: 35476,1VRY11199M1035476
286539,SC362: 4521,1VRF112YVM1004521
286540,D24X40III: 2565,1VRX200FPM1002565
286541,SC382: 1399,1VRU112BCM1001399
286542,S450TX: 2158,1VRD060BVM1002158
286543,SC30TX: 4387,1VRC070NCM1004387
286544,S925TX: 4990,1VRL0705VM1004990
286545,AX19: 1058,1VRL19252M1001058
286546,D10X15III: 2527,1VRA130VLM1002527
286547,BC1000XL: 35486,1VRY11191M1035486
286548,CTX100: 3617,1VRZ080HPM1003617
286549,SC30TX: 4388,1VRC070NVM1004388
286550,RTX750: 4103,1VR9112MTM1004103
286551,BC1800XL: 10340,1VRY151Z3M1010340
286553,BC1000XL: 35382,1VRY11190M1035382
286554,S925TX: 4992,1VRL0705LM1004992
286555,D23X30III: 2428,1VRN2007LM1002428
286556,RTX250: 2665,1VRD070DJM1002665
286557,S450TX: 2159,1VRD060BAM1002159
286558,CTX100: 3614,1VRZ080HEM1003614
286559,CTX160: 806,1VR3080MCM1000806
286560,PTX42: 251,1VRK0724EM1000251
286561,BC1000XL: 35487,1VRY11193M1035487
286562,SC30TX: 4389,1VRC070NAM1004389
286563,BC1000XL: 35380,1VRY11197M1035380
286564,SC802: 4044,1VR2151J2M1004044
286565,S925TX: 4993,1VRL0705HM1004993
286566,BC1000XL: 35479,1VRY11194M1035479
286567,D20X22III: 2958,1VRA170VCM1002958
286568,S925TX: 4994,1VRL0705EM1004994
286569,SC30TX: 4390,1VRC070NCM1004390
286570,D40X55III: 1706,1VRY200GKM1001706
286571,PD10: 3165,1VRB100ZLM1003165
286573,BC1000XL: 35480,1VRY11190M1035480
286574,CTX100: 3618,1VRZ080HKM1003618
286575,BC1000XL: 35472,1VRY11191M1035472
286576,BC1500: 12468,1VR2181V0M1012468
286577,BC1000XL: 35488,1VRY11195M1035488
286579,BC1000XL: 35471,1VRY1119XM1035471
286580,D10X15III: 2528,1VRA130VHM1002528
286581,S925TX: 4995,1VRL0705CM1004995
286582,CTX160: 807,1VR3080MVM1000807
286585,BC700XL: 4628,1VRC101V3M1004628
286586,D24X40III: 2566,1VRX200FKM1002566
286589,D40X55DRS3: 1044,1VR3240MEM1001044
286594,BC1000XL: 35481,1VRY11192M1035481
286595,HG6000TX: 3009,1VR2390AVM1003009
286596,TR626: 10009,1VR8552N4MF010009
286597,S925TX: 4996,1VRL0705TM1004996
286600,BC1000XL: 35482,1VRY11194M1035482
286601,PD10R: 1105,1VRR1008TM1001105
286602,S925TX: 4997,1VRL0705PM1004997
286603,BC1000XL: 35489,1VRY11197M1035489
286605,RTX250: 2667,1VRD070DVM1002667
286606,CTX100: 3619,1VRZ080HJM1003619
286607,D20X22III: 2959,1VRA170VTM1002959
286608,D23X30III: 2429,1VRN2007HM1002429
286609,BC1000XL: 35483,1VRY11196M1035483
286610,S925TX: 4998,1VRL0705KM1004998
286612,CTX160: 808,1VR3080MAM1000808
286613,BC1800XL: 10342,1VRY151Z7M1010342
286614,SC552: 1107,1VR9132UVM1001107
286615,SPX25: 1625,1VR9070ULM1001625
286617,RTX1250I2: 543,1VRR1329CM1000543
286618,D10X15III: 2529,1VRA130VEM1002529
286619,TG5000: 2009,1VR240201M1002009
286621,BC1000XL: 35484,1VRY11198M1035484
286622,RTX750: 4104,1VR9112MPM1004104
286623,BC1000XL: 35490,1VRY11193M1035490
286625,S925TX: 5000,1VRL0705EM1005000
286626,S925TX: 4999,1VRL0705JM1004999
286627,BC1500: 12492,1VR2181V8M1012492
286629,D24X40III: 2567,1VRX200FJM1002567
286630,BC1500: 12473,1VR2181V4M1012473
286631,PTX42: 252,1VRK0724CM1000252
286632,CTX100: 3620,1VRZ080HPM1003620
286633,BC1000XL: 35375,1VRY11193M1035375
286634,S925TX: 4972,1VRL0705CM1004972
286635,PD10: 3166,1VRB100ZHM1003166
286640,S925TX: 5001,1VRL0705CM1005001
286641,CTX160: 809,1VR3080MLM1000809
286643,RTX250: 2666,1VRD070DCM1002666
286645,RTX1250I2: 542,1VRR1329EM1000542
286646,S450TX: 2160,1VRD060BCM1002160
286647,S925TX: 5002,1VRL0705TM1005002
286648,D20X22III: 2960,1VRA170VEM1002960
286649,SC30TX: 4391,1VRC070NVM1004391
286651,S925TX: 5003,1VRL0705PM1005003
286652,SC70TX: 1688,1VRK1203KM1001688
286653,S925TX: 4991,1VRL0705AM1004991
286654,SC30TX: 4392,1VRC070NAM1004392
286673,RTX450: 6152,1VR4202UVM1006152
286674,BC1000XL: 35470,1VRY11198M1035470
286675,BC1000XL: 35378,1VRY11199M1035378
286676,BC1000XL: 35345,1VRY11195M1035345
286677,BC1000XL: 35337,1VRY11196M1035337
286678,BC1000XL: 35374,1VRY11191M1035374
286679,PTX44: 1613,1VR8072SCM1001613
286680,BC1000XL: 35381,1VRY11197N1035381
286681,D40X55III: 1707,1VRY200GJM1001707
286682,BC1000XL: 35339,1VRY1119XM1035339
286683,D24X40III: 2568,1VRX200FCM1002568
286684,BC1000XL: 35494,1VRY11190M1035494
286685,SC292: 2107,1VRF102YCM1002107
286686,CTX100: 3621,1VRZ080HKM1003621
286687,PTX40: 1081,1VR8072TTM1001081
286688,BC1000XL: 35491,1VRY11195M1035491
286689,PTX40: 1082,1VR8072TPM1001082
286690,SC292: 2108,1VRF102YTM1002108
286691,S925TX: 5004,1VRL0705KM1005004
286692,D10X15III: 2530,1VRA130VLM1002530
286693,BC700XL: 4629,1VRC101V5M1004629
286694,CTX160: 810,1VR3080MVM1000810
286695,SC382: 1400,1VRU112BAM1001400
286696,D23X30III: 2430,1VRN2007AM1002430
286697,D10X15III: 1244,1VRA130V2L1001244
286698,BC1000XL: 35495,1VRY11192M1035495
286699,S925TX: 5005,1VRL0705JM1005005
286700,SC362: 4522,1VRF112YAM1004522
286701,BC1000XL: 35496,1VRY11194M1035496
286702,BC1200XL: 6118,1VR7141Y8M1006118
286703,BC1000XL: 35492,1VRY11197M1035492
286704,BC1200XL: 6117,1VR7141Y6M1006117
286705,CTX100: 3622,1VRZ080HJM1003622
286706,RTX200: 1565,1VR6071RKM1001565
286707,SC362: 4523,1VRF112YLM1004523
286708,SC382: 1401,1VRU112BLM1001401
286710,S925TX: 5006,1VRL0705CM1005006
286711,SC292: 2109,1VRF102YPM1002109
286712,SC30TX: 4393,1VRC070NLM1004393
286713,SC292: 2110,1VRF102YCM1002110
286714,SC70TX: 1689,1VRK1203JM1001689
286715,BC1800XL: 10344,1VRY151Z0M1010344
286716,BC1000XL: 35478,1VRY11192M1035478
286717,SC382: 1402,1VRU112BHM1001402
286718,S925TX: 5007,1VRL0705VM1005007
286720,SC362: 4524,1VRF112YHM1004524
286721,SC30TX: 4394,1VRC070NHM1004394
286722,SC362: 4525,1VRF112YEM1004525
286723,D20X22III: 2961,1VRA170VCM1002961
286724,CTX160: 811,1VR3080MAM1000811
286726,SC382: 1403,1VRU112BEM1001403
286727,BC700XL: 4630,1VRC101V1M1004630
286728,BC1000XL: 35330,1VRY11193M1035330
286729,D40X55III: 1708,1VRY200GCM1001708
286730,S925TX: 5008,1VRL0705AM1005008
286731,SC70TX: 1687,1VRK1203PM1001687
286732,CTX100: 3623,1VRZ080HCM1003623
286733,BC1000XL: 35338,1VRY11198M1035338
286734,BC1000XL: 35348,1VRY11190M1035348
286735,CTX160: 812,1VR3080MLM1000812
286736,D10X15III: 2531,1VRA130VHM1002531
286737,D24X40III: 2569,1VRX200FVM1002569
286738,S450TX: 2161,1VRD060BVM1002161
286739,RTX250: 2669,1VRD070DLM1002669
286747,S925TX: 5010,1VRL0705VM1005010
286748,SC30TX: 4395,1VRC070NEM1004395
286749,SC70TX: 1690,1VRK1203PM1001690
286750,D23X30III: 2431,1VRN2007LM1002431
286751,S925TX: 5009,1VRL0705LM1005009
286752,D20X22III: 2962,1VRA170VTM1002962
286753,BC1000XL: 35342,1VRY1119XM1035342
286754,PD10: 3167,1VRB100ZEM1003167
286755,SC30TX: 4396,1VRC070NCM1004396
286758,BC1000XL: 35343,1VRY1119XN1035343
286759,BC1000XL: 35347,1VRY11199M1035347
286760,CTX160: 804,1VR3080MKM1000804
286763,RTX1250I2: 544,1VRR1329TM1000544
286764,BC1000XL: 35346,1VRY11197M1035346
286765,BC700XL: 4631,1VRC101V3M1004631
286766,BC1000XL: 35350,1VRY11199M1035350
286767,BC1000XL: 35344,1VRY11193M1035344
286770,D24X40III: 2570,1VRX200FJM1002570
286843,SPX25: 1626,1VR9070UHM1001626
286844,BC1000XL: 35331,1VRY11195M1035331
286846,PTX42: 253,1VRK0724TM1000253
286848,SC802: 4045,1VR2151J4M1004045
286850,RTX250: 2670,1VRD070DVM1002670
286851,RTX1250I2: 545,1VRR1329PM1000545
286853,PD5R: 149,1VR6120RHM1000149
286854,BC1000XL: 35379,1VRY11190M1035379
286855,BC1000XL: 35355,1VRY11198M1035355
286856,BC1000XL: 35453,1VRY11198M1035453
286857,D40X55III: 1709,1VRY240GTM1001709
286860,BC1000XL: 35383,1VRY11192M1035383
286862,AX19: 1059,1VRL19254M1001059
286863,BC1000XL: 35417,1VRY11194M1035417
286864,RTX450: 6153,1VR4202UAM1006153
286865,SC30TX: 4397,1VRC070NTM1004397
286866,RTX550: 4041,1VR91125LM1004041
286868,SC70TX: 1685,1VRK1203CM1001685
286870,D100X140S3: 314,1VRB360WCM1000314
286871,BC1000XL: 35497,1VRY11196M1035497
286872,BC1000XL: 35498,1VRY11198M1035498
286873,S450TX: 2162,1VRD060BAM1002162
286875,RTX250: 2668,1VRD070DAM1002668
286876,D23X30III: 2432,1VRN2007HM1002432
286877,CTX100: 3624,1VRZ080HVM1003624
286879,RTX450: 6154,1VR4202ULM1006154
286880,S925TX: 5011,1VRL0705AM1005011
286881,SC70TX: 1691,1VRK1203KM1001691
286882,BC1000XL: 35493,1VRY11199M1035493
286883,PTX42: 254,1VRK0724PM1000254
286884,CTX160: 813,1VR3080MHM1000813
286885,S450TX: 2163,1VRD060BLM1002163
286886,RTX250: 2671,1VRD070DAM1002671
286887,BC1000XL: 35499,1VRY1119XM1035499
286888,BC1500: 12494,1VR2181V1M1012494
286889,S925TX: 5012,1VRL0705LM1005012
286890,BC1000XL: 35500,1VRY11192M1035500
286891,D10X15III: 2532,1VRA130VEM1002532
286892,SC30TX: 4398,1VRC070NPM1004398
286893,BC1000XL: 35501,1VRY11194M1035501
286894,CTX100: 3625,1VRZ080HAM1003625
286895,D24X40III: 2571,1VRX200FCM1002571
286896,BC1800XL: 10345,1VRY151Z2M1010345
286897,S925TX: 5013,1VRL0705HM1005013
286898,RTX250: 2672,1VRD070DLM1002672
286899,RTX1250I2: 546,1VRR1329KM1000546
286900,S925TX: 5014,1VRL0705EM1005014
286902,SC30TX: 4399,1VRC070NKM1004399
286903,SC70TX: 1692,1VRK1203JM1001692
286904,D20X22III: 2963,1VRA170VPM1002963
286905,BC1500: 12496,1VR2181V5M1012496
286907,RTX550: 4042,1VR91125HM1004042
286908,BC1500: 12461,1VR2181V8M1012461
286909,SC30TX: 4400,1VRC070NEM1004400
286910,CTX160: 814,1VR3080MEM1000814
286911,ATS Test null4 3 Wire,null4
286912,D23X30III: 2433,1VRN2007EM1002433
286913,RTX250: 2673,1VRD070DHM1002673
286916,SC70TX: 1693,1VRK1203CM1001693
286917,BC1000XL: 35503,1VRY11198M1035503
286919,PTX42: 255,1VRK0724KM1000255
286920,SC30TX: 4401,1VRC070NCM1004401
286921,S925TX: 5015,1VRL0705CM1005015
286922,BC1200XL: 6119,1VR7141YXM1006119
286923,D10X15III: 2533,1VRA130VCM1002533
286924,D24X40III: 2572,1VRX200FVM1002572
286925,CTX100: 3626,1VRZ080HLM1003626
286927,BC1000XL: 35504,1VRY1119XM1035504
286928,SC30TX: 4402,1VRC070NTM1004402
286929,S925TX: 5016,1VRL0705TM1005016
286930,BC1000XL: 35506,1VRY11193M1035506
286931,RTX250: 2674,1VRD070DEM1002674
286934,D23X30III: 2434,1VRN2007CM1002434
286936,CTX160: 815,1VR3080MCM1000815
286937,BC1000XL: 35505,1VRY11191M1035505
286938,BC700XL: 4632,1VRC101V5M1004632
286939,BC1800XL: 10346,1VRY151Z4M1010346
286942,S925TX: 5017,1VRL0705PM1005017
286943,SC802: 4046,1VR2151J6M1004046
286944,RTX450: 6155,1VR4202UHM1006155
286946,SC30TX: 4403,1VRC070NPM1004403
286947,BC1500: 12498,1VR2181V9M1012498
286949,AX19: 1060,1VRL19250M1001060
286950,S925TX: 5018,1VRL0705KM1005018
286951,BC1000XL: 35507,1VRY11195M1035507
286952,SC30TX: 4404,1VRC070NKM1004404
286954,BC700XL: 4633,1VRC101V7M1004633
286955,SC292: 2111,1VRF102YTM1002111
286957,SC362: 4526,1VRF112YCM1004526
286959,SC382: 1404,1VRU112BCM1001404
286960,SPX25: 1627,1VR9070UEM1001627
286961,SC362: 4527,1VRF112YTM1004527
286962,SC70TX: 1694,1VRK1203VM1001694
286963,RTX250: 2675,1VRD070DCM1002675
286964,D40X55III: 1710,1VRY200GJM1001710
286971,BC1000XL: 35508,1VRY11197M1035508
286972,SC362: 4528,1VRF112YPM1004528
286973,S925TX: 5019,1VRL0705JM1005019
286974,SC382: 1405,1VRU112BTM1001405
286975,PTX42: 256,1VRK0724JM1000256
286976,RTX750: 4116,1VR9112MCM1004116
286977,S450TX: 2164,1VRD060BHM1002164
286978,CTX160: 816,1VR3080MTM1000816
286979,SC30TX: 4405,1VRC070NJM1004405
286980,SC362: 4529,1VRF112YPN1004529
286981,RTX450: 6156,1VR4202UEM1006156
286982,S925TX: 5022,1VRL0705JM1005022
286983,BC1000XL: 35509,1VRY11199M1035509
286985,BC1000XL: 35510,1VRY11195M1035510
286986,D23X30III: 2435,1VRN2007TM1002435
286987,SC30TX: 4406,1VRC070NCM1004406
286988,BC1500: 12499,1VR2181V0M1012499
286989,CTX100: 3628,1VRZ080HEM1003628
286990,BC1000XL: 35511,1VRY11197M1035511
286991,S925TX: 5020,1VRL0705PM1005020
286992,SC30TX: 4407,1VRC070NVM1004407
286993,BC1000XL: 35512,1VRY11199M1035512
286995,CTX160: 817,1VR3080MPM1000817
286996,BC1500: 12500,1VR2181V3M1012500
286997,BC700XL: 4634,1VRC101V9M1004634
286998,BC1000XL: 35513,1VRY11190M1035513
286999,S925TX: 5021,1VRL0705KM1005021
287002,BC1000XL: 35514,1VRY11192M1035514
287004,SC70TX: 1696,1VRK1203LM1001696
287005,BC1500: 12501,1VR2181V5M1012501
287007,D8X12: 1090,1VR7130SEM1001090
287009,BC1000XL: 35515,1VRY11194M1035515
287010,D24X40III: 2573,1VRX200FAM1002573
287011,BC700XL: 4635,1VRC101V0M1004635
287012,RTX1250I2: 509,1VRR1329CM1000509
287013,BC1000XL: 35516,1VRY11196M1035516
287014,SC70TX: 1695,1VRK1203AM1001695
287015,RTX250: 2676,1VRD070DTM1002676
287017,SC30TX: 4408,1VRC070NAM1004408
287018,BC700XL: 4636,1VRC101V2M1004636
287019,D40X55DRS3: 1048,1VR3240MKM1001048
287020,PTX42: 257,1VRK0724CM1000257
287021,SC70TX: 1697,1VRK1203HM1001697
287022,PTX44: 1614,1VR8072SVM1001614
287023,BC1000XL: 35517,1VRY11198M1035517
287024,S925TX: 5023,1VRL0705CM1005023
287025,BC1000XL: 35518,1VRY1119XM1035518
287026,SC552: 1109,1VR9132ULM1001109
287027,D10X15III: 2534,1VRA130VTM1002534
287028,CTX100: 3630,1VRZ080HHM1003630
287029,SC30TX: 4409,1VRC070NLM1004409
287030,BC1500: 12472,1VR2181V2M1012472
287031,BC1000XL: 35519,1VRY11191M1035519
287032,S925TX: 5024,1VRL0705VM1005024
287033,RTX250: 2677,1VRD070DPM1002677
287034,D23X30III: 2436,1VRN2007PM1002436
287035,TR626: 10010,1VR8552N0MF010010
287036,BC1800XL: 10336,1VRY151Z1M1010336
287037,S925TX: 5025,1VRL0705AM1005025
287038,MX300D: 102,1VRK0604AMF000102
287039,CTX160: 818,1VR3080MKM1000818
287040,BC1500: 12481,1VR2181V3M1012481
287041,SC70TX: 1698,1VRK1203EM1001698
287042,BC1000XL: 35520,1VRY11198M1035520
287044,SC30TX: 4411,1VRC070NAM1004411
287045,S925TX: 5026,1VRL0705LM1005026
287046,D10X15III: 2535,1VRA130VPM1002535
287047,BC700XL: 4637,1VRC101V4M1004637
287049,CTX100: 3631,1VRZ080HEM1003631
287051,BC1500: 12482,1VR2181V5M1012482
287052,PTX44: 1615,1VR8072SAM1001615
287059,D24X40III: 2574,1VRX200FLM1002574
287070,S925TX: 5027,1VRL0705HM1005027
287083,RTX1250I2: 547,1VRR1329JM1000547
287085,SC30TX: 4412,1VRC070NLM1004412
287094,D10X15III: 2536,1VRA130VKM1002536
287100,D20X22III: 2964,1VRA170VKM1002964
287101,CTX100: 3632,1VRZ080HCM1003632
287102,SC70TX: 1699,1VRK1203CM1001699
287104,T555III: 1524,1VR2150WPM1001524
287105,S925TX: 5028,1VRL0705EM1005028
287106,SC30TX: 4413,1VRC070NHM1004413
287107,S925TX: 5029,1VRL0705CM1005029
287108,HG6800TX: 1030,1VRK4804TM1001030
287110,RTX250: 2678,1VRD070DKM1002678
287115,AX19: 1061,1VRL19252M1001061
287116,SC30TX: 4410,1VRC070NVM1004410
287117,D23X30III: 2437,1VRN2007KM1002437
287118,BC700XL: 4638,1VRC101V6M1004638
287119,CTX160: 819,1VR3080MJM1000819
287128,BC1000XL: 35526,1VRY11199M1035526
287129,S925TX: 5030,1VRL0705HM1005030
287130,SC362: 4530,1VRF112YCN1004530
287131,SC382: 1406,1VRU112BTN1001406
287132,SC362: 4531,1VRF112YTN1004531
287133,RTX450: 6157,1VR4202UCM1006157
287134,BC1000XL: 35527,1VRY11190M1035527
287135,SC362: 4532,1VRF112YPN1004532
287137,SC362: 4533,1VRF112YKN1004533
287138,D20X22III: 2965,1VRA170VJM1002965
287139,CTX100: 3633,1VRZ080HTM1003633
287140,BC1200XL: 6120,1VR7141Y6M1006120
287141,SC292: 2112,1VRF102YTN1002112
287142,BC1000XL: 35528,1VRY11192M1035528
287144,SC292: 2113,1VRF102YPN1002113
287145,SC30TX: 4414,1VRC070NEM1004414
287146,SC382: 1407,1VRU112BPN1001407
287147,SC362: 4534,1VRF112YJN1004534
287148,S925TX: 5031,1VRL0705EM1005031
287149,CTX160: 820,1VR3080MPM1000820
287150,BC1000XL: 35529,1VRY11194M1035529
287151,BC1800XL: 10350,1VRY151Z6M1010350
287152,BC1000XL: 35530,1VRY11190M1035530
287153,S925TX: 5032,1VRL0705CM1005032
287154,PD10: 3168,1VRB100ZCM1003168
287155,SC30TX: 4415,1VRC070NCM1004415
287156,S925TX: 5033,1VRL0705TM1005033
287157,PTX40: 1083,1VR8072TKM1001083
287159,SC852: 2077,1VR7122LCM1002077
287160,D24X40III: 2575,1VRX200FHM1002575
287161,CTX100: 3634,1VRZ080HPM1003634
287162,BC1000XL: 35532,1VRY11194M1035532
287163,D10X15III: 2537,1VRA130VJM1002537
287164,S925TX: 5034,1VRL0705PM1005034
287165,BC1000XL: 35533,1VRY11196M1035533
287167,D40X55III: 1711,1VRY240GCM1001711
287168,RTX450: 6158,1VR4202UTM1006158
287169,SC362: 4535,1VRF112YCN1004535
287170,SC70TX: 1700,1VRK1203AM1001700
287171,SC30TX: 4416,1VRC070NTM1004416
287173,SC382: 1408,1VRU112BKN1001408
287174,RTX1250I2: 318,1VRR13297L1000318
287175,CTX160: 821,1VR3080MKM1000821
287176,BC700XL: 4640,1VRC101V4M1004640
287177,BC1000XL: 35534,1VRY11198M1035534
287179,SC292: 2114,1VRF102YKN1002114
287180,SC292: 2115,1VRF102YJN1002115
287181,BC700XL: 4639,1VRC101V8M1004639
287182,S925TX: 5035,1VRL0705KM1005035
287183,RTX1250I2: 548,1VRR1329CM1000548
287184,CTX100: 3635,1VRZ080HKM1003635
287185,BC1000XL: 35531,1VRY11192M1035531
287186,SC70TX: 1701,1VRK1203LM1001701
287188,S450TX: 2166,1VRD060BCM1002166
287191,BC1000XL: 35535,1VRY1119XM1035535
287192,RTX1250I2: 549,1VRR1329VM1000549
287193,PTX40: 1084,1VR8072TJM1001084
287194,BC1800XL: 10353,1VRY151Z1M1010353
287195,RTX1250I2: 550,1VRR1329JM1000550
287196,S925TX: 5037,1VRL0705CM1005037
287197,BC1000XL: 35540,1VRY11193M1035540
287199,D20X22III: 2966,1VRA170VCM1002966
287200,S925TX: 5038,1VRL0705VM1005038
287204,CTX100: 3627,1VRZ080HHM1003627
287205,SC30TX: 4417,1VRC070NPM1004417
287206,BC1000XL: 35536,1VRY11191M1035536
287207,RTX750: 4117,1VR9112MTM1004117
287208,CTX100: 3636,1VRZ080HJM1003636
287209,SC30TX: 4418,1VRC070NKM1004418
287210,D23X30III: 2438,1VRN2007JM1002438
287211,BC1000XL: 35537,1VRY11193M1035537
287213,BC1500: 12505,1VR2181V2M1012505
287214,RTX750: 4118,1VR9112MPM1004118
287216,UG - Systems Test 1,1VRxxxxxxxx9847
287218,S925TX: 5039,1VRL0705AM1005039
287219,SC70TX: 1702,1VRK1203HM1001702
287220,CTX160: 823,1VR3080MCM1000823
287221,D10X15III: 2538,1VRA130VCM1002538
287222,SPX25: 1628,1VR9070UCM1001628
287226,RTX450: 6159,1VR4202UPM1006159
287227,S925TX: 5040,1VRL0705CM1005040
287228,BC700XL: 4641,1VRC101V6M1004641
287229,CTX100: 3637,1VRZ080HCM1003637
287234,S925TX: 5036,1VRL0705JM1005036
287235,PTX40: 1085,1VR8072TCM1001085
287236,BC1000XL: 35541,1VRY11195M1035541
287238,S925TX: 5041,1VRL0705VM1005041
287240,D24X40III: 2576,1VRX200FEM1002576
287242,S925TX: 5042,1VRL0705AM1005042
287243,BC1000XL: 35538,1VRY11195M1035538
287244,AX19: 1062,1VRL19254M1001062
287245,BC700XL: 4642,1VRC101V8M1004642
287246,CTX160: 824,1VR3080MVM1000824
287247,D20X22III: 2967,1VRA170VVM1002967
287250,S925TX: 5043,1VRL0705LM1005043
287251,SC30TX: 4419,1VRC070NJM1004419
287253,BC1000XL: 35543,1VRY11199M1035543
287254,CTX100: 3638,1VRZ080HVM1003638
287255,S925TX: 5044,1VRL0705HM1005044
287256,BC1000XL: 35544,1VRY11190M1035544
287259,PTX42: 258,1VRK0724VM1000258
287261,BC1800XL: 10355,1VRY151Z5M1010355
287262,D10X15III: 2539,1VRA130VVM1002539
287263,S925TX: 5045,1VRL0705EM1005045
287265,D24X40III: 2577,1VRX200FCM1002577
287266,PD10R: 1106,1VRR1008PM1001106
287267,BC1000XL: 35546,1VRY11194M1035546
287268,BC700XL: 4643,1VRC101VXM1004643
287269,S450TX: 2165,1VRD060BEM1002165
287270,BC1500: 12508,1VR2181V8M1012508
287271,S925TX: 5046,1VRL0705CM1005046
287272,D20X22III: 2968,1VRA170VAM1002968
287273,BC1000XL: 35547,1VRY11196M1035547
287274,SC30TX: 4420,1VRC070NPM1004420
287275,D40X55DRS3: 1020,1VR3240MKM1001020
287276,SC70TX: 1703,1VRK1203EM1001703
287277,BC1800XL: 10356,1VRY151Z7M1010356
287278,BC700XL: 4644,1VRC101V1M1004644
287279,WC2500TX: 1009,1VRF2700TM1001009
287280,D40X55III: 1712,1VRY200GVM1001712
287281,S925TX: 5047,1VRL0705TM1005047
287282,BC1000XL: 35549,1VRY1119XM1035549
287283,CTX100: 3639,1VRZ080HAM1003639
287286,CTX100: 3629,1VRZ080HCM1003629
287288,BC1500: 12509,1VR2181VXM1012509
287289,BC1000XL: 35550,1VRY11196M1035550
287290,PTX44: 1616,1VR8072SLM1001616
287291,CTX160: 826,1VR3080MLM1000826
287292,SC552: 1110,1VR9132UVM1001110
287293,D10X15III: 2540,1VRA130VJM1002540
287294,S925TX: 5049,1VRL0705KM1005049
287295,RTX750: 4119,1VR9112MKM1004119
287296,RTX200: 1566,1VR6071RJM1001566
287297,BC1000XL: 35551,1VRY11198M1035551
287299,BC1500: 12510,1VR2181V6M1012510
287301,CTX100: 3640,1VRZ080HCM1003640
287302,SC30TX: 4421,1VRC070NKM1004421
287303,S925TX: 5050,1VRL0705TM1005050
287304,BC1800XL: 10357,1VRY151Z9M1010357
287305,XTS1250I2: 109,1VRY132G6L1000109
287308,BC1000XL: 35545,1VRY11192M1035545
287309,CTX160: 827,1VR3080MHM1000827
287310,RTX250: 2679,1VRD070DJM1002679
287311,BC1000XL: 35552,1VRY1119XM1035552
287312,S925TX: 5051,1VRL0705PM1005051
287313,D20X22III: 2969,1VRA170VLM1002969
287314,SC70TX: 1704,1VRK1203CM1001704
287316,BC700XL: 4645,1VRC101V3M1004645
287317,RTX1250I2: 233,1VRR13291K1000233
287318,CTX100: 3641,1VRZ080HVM1003641
287319,BC1200XL: 6122,1VR7141YXM1006122
287320,SC70TX: 1705,1VRK1203TM1001705
287321,BC1000XL: 35553,1VRY11191M1035553
287323,SC382: 1409,1VRU112BJN1001409
287324,S925TX: 5052,1VRL0705KM1005052
287325,SC292: 2116,1VRF102YCN1002116
287326,BC1000XL: 35554,1VRY11191N1035554
287327,RTX1250I2: 551,1VRR1329CM1000551
287328,BC1000XL: 35555,1VRY11195M1035555
287329,SPX25: 1629,1VR9070UTM1001629
287330,SC292: 2117,1VRF102YVN1002117
287331,BC1500: 12511,1VR2181V8M1012511
287332,S925TX: 5053,1VRL0705JM1005053
287333,RTX750: 4120,1VR9112MTM1004120
287334,SC382: 1410,1VRU112BPN1001410
287335,TG7000: 2024,1VRY46368M1002024
287338,D10X15III: 2541,1VRA130VCM1002541
287339,CTX160: 828,1VR3080MEM1000828
287341,BC1000XL: 35556,1VRY11197M1035556
287342,BC1800XL: 10358,1VRY151Z0M1010358
287343,SC70TX: 1706,1VRK1203PM1001706
287344,S925TX: 5054,1VRL0705CM1005054
287345,SC30TX: 4422,1VRC070NJM1004422
287346,CTX160: 822,1VR3080MJM1000822
287347,D40X55III: 1713,1VRY240GPM1001713
287349,BC1500: 12513,1VR2181V1M1012513
287350,SC30TX: 4423,1VRC070NCM1004423
287351,D24X40III: 2578,1VRX200FTM1002578
287352,PTX44: 1617,1VR8072SHM1001617
287353,BC900XL: 3668,1VR712162M1003668
287354,CTX160: 829,1VR3080MCM1000829
287355,BC700XL: 4646,1VRC101V5M1004646
287356,D23X30III: 2439,1VRN2007CM1002439
287357,BC1500: 12515,1VR2181V5M1012515
287358,S925TX: 5056,1VRL0705AM1005056
287359,RTX450: 6160,1VR4202UCM1006160
287360,S450TX: 2168,1VRD060BPM1002168
287361,CTX100: 3643,1VRZ080HLM1003643
287370,D100X140S3: 315,1VRB360WVM1000315
287371,RTX250: 2680,1VRD070DPM1002680
287372,PTX40: 1086,1VR8072TVM1001086
287373,PTX40: 1087,1VR8072TAM1001087
287374,SC30TX: 4424,1VRC070NVM1004424
287375,SC30TX: 4425,1VRC070NAM1004425
287376,BC700XL: 4648,1VRC101V7N1004648
287378,SC292: 2118,1VRF102YAN1002118
287379,BC1000XL: 35558,1VRY11190M1035558
287380,SC362: 4536,1VRF112YVN1004536
287381,S925TX: 5057,1VRL0705LM1005057
287382,D20X22III: 2970,1VRA170VVM1002970
287383,SC382: 1411,1VRU112BKN1001411
287384,BC1000XL: 35559,1VRY11192M1035559
287385,SC362: 4537,1VRF112YAN1004537
287386,CTX100: 3644,1VRZ080HHM1003644
287388,CTX100: 3642,1VRZ080HAM1003642
287389,BC1800XL: 10359,1VRY151Z2M1010359
287390,S925TX: 5058,1VRL0705HM1005058
287391,SPX25: 1630,1VR9070UEM1001630
287392,BC1000XL: 35560,1VRY11199M1035560
287393,RTX1250I2: 552,1VRR1329VM1000552
287395,S925TX: 5059,1VRL0705EM1005059
287396,BC1000XL: 35561,1VRY11190M1035561
287397,SC802: 4047,1VR2151J8M1004047
287398,D24X40III: 2579,1VRX200FPM1002579
287399,D10X15III: 2542,1VRA130VVM1002542
287400,BC1000XL: 35562,1VRY11192M1035562
287402,CTX100: 3645,1VRZ080HEM1003645
287406,BC1000XL: 35563,1VRY11194M1035563
287407,S925TX: 5060,1VRL0705LM1005060
287408,BC1000XL: 35564,1VRY11196M1035564
287409,RTX1250I2: 553,1VRR1329AM1000553
287410,CTX160: 830,1VR3080MHM1000830
287411,BC1000XL: 35565,1VRY11198M1035565
287412,RTX1250I2: 408,1VRR1329LM1000408
287413,BC700XL: 4649,1VRC101V0M1004649
287414,RTX1250I2: 394,1VRR1329EM1000394
287415,S450TX: 2167,1VRD060BTM1002167
287416,S925TX: 5061,1VRL0705HM1005061
287417,CTX160: 825,1VR3080MAM1000825
287418,D20X22III: 2971,1VRA170VAM1002971
287419,RTX250: 2681,1VRD070DKM1002681
287420,D24X40III: 2580,1VRX200FCM1002580
287421,BC1000XL: 35566,1VRY1119XM1035566
287422,BC1200XL: 6123,1VR7141Y1M1006123
287423,SC70TX: 1707,1VRK1203KM1001707
287424,PD10: 3169,1VRB100ZTM1003169
287427,SC30TX: 4426,1VRC070NLM1004426
287428,SC362: 4538,1VRF112YLN1004538
287429,RTX450: 6161,1VR4202UTM1006161
287430,SC382: 1412,1VRU112BJN1001412
287431,BC1800XL: 10361,1VRY151Z0M1010361
287432,SC292: 2119,1VRF102YLN1002119
287433,SC362: 4539,1VRF112YHN1004539
287434,D24X40III: 2581,1VRX200FTM1002581
287435,SC30TX: 4427,1VRC070NHM1004427
287437,BC1000XL: 35567,1VRY11191M1035567
287438,S925TX: 5048,1VRL0705PM1005048
287439,CTX100: 3646,1VRZ080HCM1003646
287440,BC1000XL: 35568,1VRY11193M1035568
287441,BC1500: 12484,1VR2181V9M1012484
287442,BC1000XL: 35569,1VRY11195M1035569
287443,D10X15III: 2543,1VRA130VAM1002543
287444,SC70TX: 1708,1VRK1203JM1001708
287445,PTX40: 1088,1VR8072TLM1001088
287446,BC1000XL: 35570,1VRY11191M1035570
287447,CTX160: 831,1VR3080MEM1000831
287448,S450TX: 2169,1VRD060BKM1002169
287449,BC1800XL: 10362,1VRY151Z0N1010362
287451,BC1000XL: 35571,1VRY11193M1035571
287452,RTX250: 2682,1VRD070DJM1002682
287453,S925TX: 5064,1VRL0705TM1005064
287455,T755III: 609,1VR2180RCN1000609
287456,RTX200: 1567,1VR6071RCM1001567
287457,D20X22III: 2972,1VRA170VLM1002972
287458,D40X55III: 1714,1VRY240GKM1001714
287459,CTX100: 3647,1VRZ080HTM1003647
287460,BC1000XL: 35572,1VRY11195M1035572
287461,BC700XL: 4650,1VRC101V5N1004650
287462,RTX450: 6162,1VR4202UPM1006162
287465,BC1000XL: 35573,1VRY11197M1035573
287466,S925TX: 5065,1VRL0705PM1005065
287468,vermeer 20x22,1VRA170VHM1002892
287469,SC70TX: 1709,1VRK1203CM1001709
287470,SC30TX: 4428,1VRC070NEM1004428
287471,S925TX: 5066,1VRL0705KM1005066
287472,BC1000XL: 35574,1VRY11199M1035574
287473,PTX42: 259,1VRK0724AM1000259
287474,D23X30III: 2440,1VRN2007KM1002440
287475,SC30TX: 4429,1VRC070NCM1004429
287477,BC700XL: 4651,1VRC101V7N1004651
287478,CTX160: 832,1VR3080MCM1000832
287479,BC1500: 12488,1VR2181V6M1012488
287480,BC1000XL: 35575,1VRY11190M1035575
287481,S925TX: 5062,1VRL0705EM1005062
287483,D23X30III: 2441,1VRN2007JM1002441
287484,BC1800XL: 10364,1VRY151Z4N1010364
287486,D40X55DRS3: 1049,1VR3240MJM1001049
287487,S925TX: 5068,1VRL0705CM1005068
287488,RTX250: 2683,1VRD070DCM1002683
287489,BC1000XL: 35576,1VRY11192M1035576
287490,S925TX: 5063,1VRL0705CM1005063
287491,SC382: 1413,1VRU112BCN1001413
287492,CTX160: 833,1VR3080MTM1000833
287493,SC362: 4540,1VRF112YAN1004540
287494,SC362: 4541,1VRF112YLN1004541
287495,SC362: 4542,1VRF112YHN1004542
287496,BC1500: 12489,1VR2181V8M1012489
287497,SC852: 2078,1VR7122LTM1002078
287498,RTX450: 6163,1VR4202UKM1006163
287499,SC30TX: 4430,1VRC070NHM1004430
287500,S925TX: 5069,1VRL0705VM1005069
287501,BC1000XL: 35578,1VRY11196M1035578
287502,PTX42: 260,1VRK0724CM1000260
287503,D24X40III: 2582,1VRX200FTN1002582
287504,SC30TX: 4431,1VRC070NEM1004431
287505,CTX100: 3649,1VRZ080HKM1003649
287506,RTX1250I2: 555,1VRR1329HM1000555
287507,BC1000XL: 35580,1VRY11194M1035580
287508,S925TX: 5070,1VRL0705JM1005070
287509,RTX250: 2684,1VRD070DVM1002684
287510,S925TX: 5071,1VRL0705CM1005071
287511,BC1000XL: 35581,1VRY11196M1035581
287512,BC1200XL: 6124,1VR7141Y1N1006124
287513,SC70TX: 1710,1VRK1203KM1001710
287514,RTX1250I2: 556,1VRR1329EM1000556
287516,S450TX: 2170,1VRD060BTM1002170
287517,CTX160: 834,1VR3080MPM1000834
287518,BC700XL: 4652,1VRC101V9N1004652
287520,BC1000XL: 35582,1VRY11198M1035582
287521,AX19: 1063,1VRL19256M1001063
287522,S925TX: 5067,1VRL0705JM1005067
287524,BC1500: 12490,1VR2181V4M1012490
287525,SC382: 1414,1VRU112BVN1001414
287526,RTX250: 2685,1VRD070DAM1002685
287527,S925TX: 5072,1VRL0705VM1005072
287530,BC1000XL: 35583,1VRY1119XM1035583
287531,CTX100: 3650,1VRZ080HTM1003650
287532,BC1500: 12523,1VR2181V2N1012523
287534,CTX100: 3648,1VRZ080HPM1003648
287535,BC1000XL: 35584,1VRY11191M1035584
287537,RTX450: 6164,1VR4202UJM1006164
287538,S925TX: 5073,1VRL0705AM1005073
287539,BC700XL: 4653,1VRC101V0N1004653
287541,PTX42: 261,1VRK0724VM1000261
287544,S450TX: 2171,1VRD060BPM1002171
287545,CTX160: 835,1VR3080MKM1000835
287546,D23X30III: 2442,1VRN2007CM1002442
287547,SC30TX: 4432,1VRC070NCM1004432
287553,TR5300: 157,56SM39160NF000157
287554,SC362: 4543,1VRF112YEN1004543
287555,S925TX: 5075,1VRL0705HM1005075
287556,D10X15III: 2544,1VRA130VLM1002544
287557,SC382: 1415,1VRU112BAN1001415
287558,RTX1250I2: 554,1VRR1329LM1000554
287559,BC1000XL: 35585,1VRY11193M1035585
287560,PD10: 3170,1VRB100ZEM1003170
287561,SC362: 4544,1VRF112YCN1004544
287562,D24X40III: 2583,1VRX200FPN1002583
287563,SC70TX: 1711,1VRK1203JM1001711
287564,S925TX: 5074,1VRL0705LM1005074
287565,BC1800XL: 10366,1VRY151Z8N1010366
287566,BC1000XL: 35586,1VRY11193N1035586
287567,CTX100: 3651,1VRZ080HPM1003651
287568,SC30TX: 4433,1VRC070NTM1004433
287572,RTX250: 2686,1VRD070DLM1002686
287574,BC1000XL: 35588,1VRY11197N1035588
287575,S925TX: 5076,1VRL0705EM1005076
287577,BC700XL: 4654,1VRC101V2N1004654
287578,CTX160: 836,1VR3080MJM1000836
287579,BC1500: 12491,1VR2181V6M1012491
287581,S925TX: 5077,1VRL0705CM1005077
287584,CTX100: 3652,1VRZ080HKM1003652
287585,BC1800XL: 10367,1VRY151ZXN1010367
287587,D10X15III: 2545,1VRA130VHM1002545
287588,SPX25: 1631,1VR9070UCM1001631
287589,RTX1250I2: 347,1VRR13293L1000347
287590,S925TX: 5078,1VRL0705TM1005078
287591,SC70TX: 1712,1VRK1203CM1001712
287592,BC1000XL: 35591,1VRY11197N1035591
287593,RTX250: 2687,1VRD070DHM1002687
287595,S925TX: 5079,1VRL0705PM1005079
287596,BC1000XL: 35577,1VRY11194M1035577
287597,BC700XL: 4655,1VRC101V4N1004655
287598,PTX42: 262,1VRK0724AM1000262
287599,D23X30III: 2443,1VRN2007VM1002443
287600,RTX1250I2: 557,1VRR1329CM1000557
287601,CTX160: 837,1VR3080MCM1000837
287602,BC1000XL: 35592,1VRY11199N1035592
287603,S925TX: 5080,1VRL0705CM1005080
287604,SC362: 4545,1VRF112YTN1004545
287605,BC1000XL: 35593,1VRY11190N1035593
287606,CTX100: 3653,1VRZ080HJM1003653
287607,AX19: 1064,1VRL19256N1001064
287608,SC30TX: 4434,1VRC070NPM1004434
287609,SC30TX: 4435,1VRC070NKM1004435
287610,S925TX: 5081,1VRL0705TM1005081
287611,SC30TX: 4436,1VRC070NJM1004436
287613,PTX42: 263,1VRK0724LM1000263
287614,SC362: 4546,1VRF112YPN1004546
287615,BC1000XL: 35595,1VRY11194N1035595
287616,D23X30III: 2444,1VRN2007VN1002444
287617,CTX160: 838,1VR3080MVM1000838
287618,SC292: 2120,1VRF102YVN1002120
287619,RTX250: 2688,1VRD070DEM1002688
287620,S925TX: 5082,1VRL0705PM1005082
287621,BC1000XL: 35596,1VRY11196N1035596
287622,D23X30III: 2445,1VRN2007AN1002445
287623,BC1800XL: 10348,1VRY151Z8M1010348
287624,BC700XL: 4656,1VRC101V6N1004656
287625,BC1000XL: 35597,1VRY11198N1035597
287626,S925TX: 5083,1VRL0705KM1005083
287629,CTX100: 3654,1VRZ080HCM1003654
287631,SC30TX: 4437,1VRC070NCM1004437
287634,CTX160: 839,1VR3080MAM1000839
287636,PD5R: 150,1VR6120RAM1000150
287637,D10X15III: 2546,1VRA130VEM1002546
287638,S925TX: 5084,1VRL0705JM1005084
287639,PD10R: 1107,1VRR1008KM1001107
287640,BC1000XL: 35599,1VRY11191N1035599
287643,D24X40III: 2584,1VRX200FKN1002584
287644,S925TX: 5085,1VRL0705JN1005085
287645,SC552: 1111,1VR9132UVN1001111
287646,BC1000XL: 35600,1VRY11194N1035600
287647,SC30TX: 4438,1VRC070NVM1004438
287649,SC382: 1416,1VRU112BLN1001416
287650,CTX100: 3655,1VRZ080HCN1003655
287651,BC1000XL: 35601,1VRY11196N1035601
287652,PTX44: 1618,1VR8072SEM1001618
287657,S925TX: 5086,1VRL0705CN1005086
287658,CTX160: 840,1VR3080MJN1000840
287659,SC362: 4548,1VRF112YJN1004548
287666,RTX450: 6138,1VR4202UHM1006138
287668,SC362: 4549,1VRF112YCN1004549
287669,BC1000XL: 35602,1VRY11198N1035602
287670,SC382: 1417,1VRU112BHN1001417
287671,BC700XL: 4657,1VRC101V8N1004657
287672,D23X30III: 2446,1VRN2007LN1002446
287673,SC30TX: 4440,1VRC070NCM1004440
287676,BC1000XL: 35603,1VRY1119XN1035603
287680,SC30TX: 4441,1VRC070NVM1004441
287681,D24X40III: 2585,1VRX200FJN1002585
287682,PTX44: 1619,1VR8072SCM1001619
287683,SC30TX: 4442,1VRC070NAM1004442
287684,BC700XL: 4658,1VRC101VXN1004658
287685,RTX250: 2689,1VRD070DCM1002689
287686,D23X30III: 2447,1VRN2007HN1002447
287687,SC30TX: 4443,1VRC070NLM1004443
287688,PTX44: 1620,1VR8072SHM1001620
287689,S925TX: 5087,1VRL0705VN1005087
287690,D24X40III: 2586,1VRX200FCN1002586
287691,D10X15III: 2547,1VRA130VCM1002547
287692,SC292: 2121,1VRF102YAN1002121
287693,D40X55DRS3: 1050,1VR3240MTN1001050
287694,SC30TX: 4444,1VRC070NHM1004444
287695,SC362: 4550,1VRF112YKN1004550
287696,CTX100: 3656,1VRZ080HVN1003656
287697,BC1000XL: 35606,1VRY11195N1035606
287698,RTX1250I2: 558,1VRR1329TM1000558
287700,BC1800XL: 10368,1VRY151Z1N1010368
287701,SC30TX: 4445,1VRC070NEM1004445
287702,SC382: 1418,1VRU112BEN1001418
287703,S925TX: 5089,1VRL0705LN1005089
287704,BC1000XL: 35607,1VRY11197N1035607
287705,SC362: 4551,1VRF112YJN1004551
287706,CTX100: 3657,1VRZ080HAN1003657
287707,RTX250: 2690,1VRD070DHM1002690
287708,BC1000XL: 35590,1VRY11195N1035590
287709,BC1500: 12504,1VR2181V0M1012504
287710,BC1000XL: 35594,1VRY11192N1035594
287711,D23X30III: 2448,1VRN2007EN1002448
287713,S925TX: 5090,1VRL0705VN1005090
287714,BC1000XL: 35609,1VRY11190N1035609
287715,CTX160: 841,1VR3080MCN1000841
287716,SC30TX: 4446,1VRC070NCM1004446
287717,BC1200XL: 6125,1VR7141Y3N1006125
287718,SC30TX: 4447,1VRC070NTM1004447
287719,S925TX: 5091,1VRL0705AN1005091
287722,BC1000XL: 35611,1VRY11199N1035611
287723,SC362: 4552,1VRF112YCN1004552
287724,SC382: 1419,1VRU112BCN1001419
287725,S925TX: 5092,1VRL0705LN1005092
287726,BC700XL: 4659,1VRC101V1N1004659
287727,S925TX: 5088,1VRL0705AN1005088
287728,PTX40: 1089,1VR8072THM1001089
287729,CTX100: 3658,1VRZ080HLN1003658
287731,SC292: 2122,1VRF102YLN1002122
287732,BC1000XL: 35612,1VRY11190N1035612
287734,D24X40III: 2587,1VRX200FVN1002587
287735,S925TX: 5093,1VRL0705HN1005093
287736,SC362: 4553,1VRF112YVN1004553
287738,SC852: 2079,1VR7122LTN1002079
287740,RTX750: 4121,1VR9112MPM1004121
287741,BC1000XL: 35604,1VRY11191N1035604
287742,SC30TX: 4448,1VRC070NPM1004448
287743,CTX100: 3659,1VRZ080HHN1003659
287744,D8X12: 1091,1VR7130SCM1001091
287745,S925TX: 5094,1VRL0705EN1005094
287746,CTX160: 842,1VR3080MVN1000842
287747,SC30TX: 4449,1VRC070NKM1004449
287748,BC1500: 12507,1VR2181V6M1012507
287752,RTX1250I2: 559,1VRR1329PM1000559
287753,RTX200: 1568,1VR6071RVM1001568
287754,S925TX: 5095,1VRL0705CN1005095
287755,PD5R: 151,1VR6120RLM1000151
287756,CTX100: 3660,1VRZ080HAN1003660
287757,D23X30III: 2449,1VRN2007CN1002449
287758,BC700XL: 4660,1VRC101V8N1004660
287759,S925TX: 5096,1VRL0705TN1005096
287760,D10X15III: 2548,1VRA130VTM1002548
287765,BC1500: 12512,1VR2181V8N1012512
287766,S925TX: 5097,1VRL0705PN1005097
287767,SC30TX: 4450,1VRC070NTM1004450
287768,SC70TX: 1713,1VRK1203CN1001713
287769,PTX40: 1090,1VR8072TAM1001090
287770,S925TX: 5098,1VRL0705KN1005098
287771,BC1000XL: 35613,1VRY11192N1035613
287772,BC1000XL: 35614,1VRY11194N1035614
287773,BC1000XL: 35615,1VRY11196N1035615
287774,BC1000XL: 35617,1VRY1119XN1035617
287775,BC1000XL: 35618,1VRY11191N1035618
287776,BC1000XL: 35620,1VRY1119XN1035620
287777,BC1000XL: 35589,1VRY11199N1035589
287778,BC1500: 12514,1VR2181V1N1012514
287779,CTX160: 843,1VR3080MAN1000843
287780,BC1000XL: 35621,1VRY11191N1035621
287781,D24X40III: 2588,1VRX200FAN1002588
287782,BC1000XL: 35623,1VRY11195N1035623
287783,S925TX: 5099,1VRL0705JN1005099
287784,D10X15III: 2549,1VRA130VPM1002549
287785,S450TX: 2173,1VRD060BJM1002173
287789,SC30TX: 4451,1VRC070NPM1004451
287790,PD10: 3171,1VRB100ZCM1003171
287792,CTX100: 3662,1VRZ080HHN1003662
287793,SC382: 1420,1VRU112BHN1001420
287794,BC1000XL: 35610,1VRY11197N1035610
287795,SC362: 4554,1VRF112YAN1004554
287796,BC1000XL: 35622,1VRY11193N1035622
287797,RTX250: 2692,1VRD070DCM1002692
287798,D23X30III: 2450,1VRN2007HN1002450
287799,BC700XL: 4661,1VRC101VXN1004661
287800,SC30TX: 4452,1VRC070NKM1004452
287802,S925TX: 5100,1VRL0705CN1005100
287803,RTX1250I2: 560,1VRR1329EN1000560
287804,SC362: 4555,1VRF112YLN1004555
287805,BC1000XL: 35624,1VRY11197N1035624
287806,S925TX: 5101,1VRL0705TN1005101
287807,D10X15III: 2550,1VRA130VCM1002550
287808,SC382: 1421,1VRU112BEN1001421
287809,SC552: 1112,1VR9132UAN1001112
287810,BC1000XL: 35626,1VRY11190N1035626
287811,SC30TX: 4453,1VRC070NJM1004453
287812,CTX100: 3663,1VRZ080HEN1003663
287813,PTX42: 264,1VRK0724HM1000264
287815,BC1000XL: 35627,1VRY11192N1035627
287816,BC700XL: 4662,1VRC101V1N1004662
287819,S925TX: 5102,1VRL0705PN1005102
287821,BC1000XL: 35625,1VRY11199N1035625
287822,CTX100: 3661,1VRZ080HLN1003661
287823,CTX160: 844,1VR3080MLN1000844
287824,BC1000XL: 35628,1VRY11194N1035628
287826,S925TX: 5103,1VRL0705KN1005103
287827,BC1500: 12519,1VR2181V0N1012519
287828,SC802: 4049,1VR2151JXN1004049
287829,CTX100: 3664,1VRZ080HCN1003664
287830,D24X40III: 2589,1VRX200FLN1002589
287831,TG5000: 2010,1VR240208M1002010
287832,BC1000XL: 35629,1VRY11196N1035629
287833,BC700XL: 4663,1VRC101V3N1004663
287834,D10X15III: 2551,1VRA130VTM1002551
287835,S925TX: 5104,1VRL0705JN1005104
287836,BC1000XL: 35630,1VRY11192N1035630
287837,SC30TX: 4439,1VRC070NAM1004439
287840,CTX100: 3665,1VRZ080HTN1003665
287841,AX19: 1065,1VRL19258N1001065
287842,BC1000XL: 35632,1VRY11196N1035632
287843,S925TX: 5105,1VRL0705CN1005105
287844,SC30TX: 4454,1VRC070NCM1004454
287846,BC1800XL: 10363,1VRY151Z2N1010363
287848,S925TX: 5106,1VRL0705VN1005106
287849,RTX1250I2: 389,1VRR1329LM1000389
287850,SC30TX: 4455,1VRC070NVM1004455
287851,CTX160: 845,1VR3080MHN1000845
287853,RTX1250I2: 403,1VRR1329KM1000403
287854,D40X55III: 1715,1VRY240GKN1001715
287883,S925TX: 5107,1VRL0705AN1005107
287884,SC292: 2123,1VRF102YHN1002123
287885,RTX750: 4122,1VR9112MKM1004122
287886,SC362: 4556,1VRF112YHN1004556
287888,CTX100: 3666,1VRZ080HPN1003666
287892,SC382: 1422,1VRU112BCN1001422
287893,D23X30III: 2451,1VRN2007EN1002451
287894,BC1500: 12521,1VR2181V9N1012521
287895,SC362: 4557,1VRF112YEN1004557
287896,BC700XL: 4664,1VRC101V5N1004664
287898,BC1800XL: 10351,1VRY151Z8M1010351
287899,S925TX: 5108,1VRL0705LN1005108
287903,SC852: 2080,1VR7122LEN1002080
287904,CTX100: 3667,1VRZ080HKN1003667
287905,RTX750: 4110,1VR9112MCM1004110
287906,RTX250: 2693,1VRD070DTM1002693
287907,D20X22III: 2973,1VRA170VHM1002973
287911,PD10: 3172,1VRB100ZTM1003172
287913,S925TX: 5109,1VRL0705HN1005109
287915,RTX250: 2694,1VRD070DPM1002694
287916,SC70TX: 1714,1VRK1203VN1001714
287917,D24X40III: 2590,1VRX200FVN1002590
287918,CTX160: 846,1VR3080MEN1000846
287919,BC700XL: 4665,1VRC101V7N1004665
287922,S925TX: 5110,1VRL0705AN1005110
287923,S925TX: 5111,1VRL0705LN1005111
287925,SC30TX: 4456,1VRC070NVN1004456
287927,D10X15III: 2552,1VRA130VPM1002552
287928,CTX100: 3668,1VRZ080HJN1003668
287930,BC1000XL: 35642,1VRY11199N1035642
287931,BC1000XL: 35641,1VRY11197N1035641
287932,PTX42: 265,1VRK0724EM1000265
287933,BC1500: 12531,1VR2181V1N1012531
287934,S925TX: 5112,1VRL0705HN1005112
287935,SC30TX: 4457,1VRC070NAN1004457
287936,BC700XL: 4666,1VRC101V9N1004666
287937,BC1000XL: 35643,1VRY11190N1035643
287942,CTX160: 847,1VR3080MCN1000847
287943,RTX250: 2695,1VRD070DPN1002695
287944,D24X40III: 2591,1VRX200FAN1002591
287945,BC1000XL: 35639,1VRY11199N1035639
287946,SC362: 4558,1VRF112YCN1004558
287947,SC382: 1423,1VRU112BTN1001423
287948,S925TX: 5113,1VRL0705EN1005113
287950,BC1000XL: 35640,1VRY11195N1035640
287951,SC30TX: 4458,1VRC070NLN1004458
287952,SC362: 4559,1VRF112YTN1004559
287954,BC1000XL: 35645,1VRY11194N1035645
287955,PD10: 3173,1VRB100ZPM1003173
287956,TR626: 10011,1VR8552N0NF010011
287957,BC1000XL: 35646,1VRY11196N1035646
287958,SC30TX: 4459,1VRC070NHN1004459
287959,D23X30III: 2452,1VRN2007CN1002452
287960,S925TX: 5115,1VRL0705TN1005115
287961,RTX250: 2696,1VRD070DKN1002696
287962,PTX42: 266,1VRK0724CM1000266
287963,BC1800XL: 10373,1VRY151Z5N1010373
287964,CTX160: 848,1VR3080MTN1000848
287967,BC1000XL: 35647,1VRY11198N1035647
287968,BC1000XL: 35648,1VRY1119XN1035648
287969,SC30TX: 4460,1VRC070NAN1004460
287970,SC70TX: 1715,1VRK1203AN1001715
287971,BC700XL: 4667,1VRC101V0N1004667
287972,S925TX: 5116,1VRL0705PN1005116
287973,BC1000XL: 35649,1VRY11191N1035649
287974,CTX100: 3670,1VRZ080HKN1003670
287975,S925TX: 5114,1VRL0705CN1005114
287977,D10X15III: 2553,1VRA130VPN1002553
287978,SC292: 2124,1VRF102YEN1002124
287979,SC362: 4560,1VRF112YEN1004560
287980,SC382: 1424,1VRU112BPN1001424
287981,S925TX: 5117,1VRL0705KN1005117
287982,SC30TX: 4461,1VRC070NLN1004461
287985,CTX160: 849,1VR3080MPN1000849
287986,BC1000XL: 35652,1VRY11191N1035652
287988,S925TX: 5055,1VRL0705VM1005055
287990,S450TX: 2174,1VRD060BCM1002174
287991,RTX250: 2697,1VRD070DJN1002697
287995,BC700XL: 4668,1VRC101V2N1004668
287997,D24X40III: 2592,1VRX200FLN1002592
287998,BC1000XL: 35653,1VRY11193N1035653
288000,PD10: 3174,1VRB100ZKM1003174
288001,SC362: 4561,1VRF112YCN1004561
288002,BC1000XL: 35654,1VRY11195N1035654
288009,D60X90S3: 1020,1VRJ2903VM1001020
288010,RTX250: 2698,1VRD070DCN1002698
288012,S925TX: 5118,1VRL0705JN1005118
288013,D20X22III: 2974,1VRA170VEM1002974
288014,BC1500: 12532,1VR2181V3N1012532
288015,BC1000XL: 35655,1VRY11197N1035655
288017,S925TX: 5119,1VRL0705CN1005119
288018,SC30TX: 4463,1VRC070NEN1004463
288021,BC1000XL: 35656,1VRY11199N1035656
288022,S925TX: 5120,1VRL0705KN1005120
288026,SC802: 4050,1VR2151J6N1004050
288027,SC30TX: 4462,1VRC070NHN1004462
288028,BC1000XL: 35657,1VRY11190N1035657
288029,BC700XL: 4669,1VRC101V4N1004669
288030,S925TX: 5121,1VRL0705JN1005121
288031,BC1000XL: 35658,1VRY11192N1035658
288032,S925TX: 5122,1VRL0705CN1005122
288038,BC1000XL: 35659,1VRY11194N1035659
288039,RTX250: 2699,1VRD070DVN1002699
288040,CTX100: 3671,1VRZ080HJN1003671
288041,D20X22III: 2975,1VRA170VCM1002975
288042,BC1000XL: 35661,1VRY11192N1035661
288044,BC1000XL: 35633,1VRY11198N1035633
288045,S925TX: 5123,1VRL0705VN1005123
288046,BC1000XL: 35644,1VRY11192N1035644
288047,SC30TX: 4464,1VRC070NCN1004464
288049,CTX160: 850,1VR3080MCN1000850
288051,D23X30DRS3: 1077,1VRJ2103PN1001077
288052,S925TX: 5124,1VRL0705AN1005124
288053,BC700XL: 4670,1VRC101V0N1004670
288054,CTX100: 3672,1VRZ080HCN1003672
288055,BC1000XL: 35605,1VRY11193N1035605
288058,SC30TX: 4465,1VRC070NTN1004465
288059,RTX250: 2700,1VRD070DPN1002700
288066,HG6000: 3011,1VRY39313M1003011
288067,D40X55III: 1716,1VRY200GHN1001716
288068,S925TX: 5126,1VRL0705HN1005126
288069,S925TX: 5125,1VRL0705LN1005125
288070,SC70TX: 1716,1VRK1203LN1001716
288071,D8X12: 1092,1VR7130SCN1001092
288072,SC30TX: 4466,1VRC070NPN1004466
288073,BC1500: 12534,1VR2181V7N1012534
288074,PTX44: 1621,1VR8072SHN1001621
288075,BC1000XL: 35663,1VRY11196N1035663
288076,BC1000XL: 35664,1VRY11198N1035664
288078,SC362: 4562,1VRF112YTN1004562
288079,SC382: 1425,1VRU112BKN1001425
288080,CTX160: 851,1VR3080MTN1000851
288081,SC292: 2125,1VRF102YCN1002125
288082,CC155: 1041,1VR2152EEN1001041
288083,SC362: 4563,1VRF112YPN1004563
288084,SC382: 1426,1VRU112BJN1001426
288086,BC1000XL: 35665,1VRY1119XN1035665
288087,BC700XL: 4671,1VRC101V2N1004671
288088,RTX1250I2: 563,1VRR1329PN1000563
288089,BC1000XL: 35666,1VRY11191N1035666
288091,PTX44: 1622,1VR8072SEN1001622
288092,SC30TX: 4467,1VRC070NKN1004467
288093,SC362: 4564,1VRF112YKN1004564
288094,BC1500: 12536,1VR2181V0N1012536
288095,RTX1250I2: 361,1VRR13298L1000361
288096,BC1000XL: 35660,1VRY11190N1035660
288097,S925TX: 5128,1VRL0705CN1005128
288098,SC382: 1427,1VRU112BCN1001427
288099,CTX160: 852,1VR3080MPN1000852
288100,D24X40III: 2593,1VRX200FHN1002593
288101,S450TX: 2175,1VRD060BVM1002175
288102,BC1000XL: 35667,1VRY11193N1035667
288103,S925TX: 5129,1VRL0705TN1005129
288104,BC1000XL: 35328,1VRY11195M1035328
288105,RTX250: 2701,1VRD070DKN1002701
288108,S925TX: 5127,1VRL0705EN1005127
288109,BC1000XL: 35329,1VRY11197M1035329
288110,CTX100: 3674,1VRZ080HAN1003674
288111,CTX100: 3673,1VRZ080HVN1003673
288113,SC30TX: 4468,1VRC070NJN1004468
288114,RTX250: 2691,1VRD070DEM1002691
288115,S925TX: 5131,1VRL0705CN1005131
288117,D10X15III: 2554,1VRA130VKN1002554
288118,D23X30III: 2453,1VRN2007TN1002453
288119,CTX100: 3669,1VRZ080HCN1003669
288120,PD10R: 1108,1VRR1008JM1001108
288121,CTX160: 853,1VR3080MKN1000853
288123,RTX250: 2702,1VRD070DJN1002702
288126,BC700XL: 4672,1VRC101V4N1004672
288127,D24X40III: 2594,1VRX200FEN1002594
288128,BC1000XL: 35669,1VRY11197N1035669
288129,S925TX: 5130,1VRL0705EN1005130
288130,SC70TX: 1717,1VRK1203HN1001717
288131,D20X22III: 2976,1VRA170VTM1002976
288132,S925TX: 5132,1VRL0705TN1005132
288133,RTX750: 4123,1VR9112MJM1004123
288134,BC1000XL: 35671,1VRY11195N1035671
288135,SC30TX: 4470,1VRC070NKN1004470
288136,CTX100: 3675,1VRZ080HLN1003675
288137,D23X30III: 2454,1VRN2007PN1002454
288138,SC292: 2126,1VRF102YTN1002126
288139,SC30TX: 4469,1VRC070NCN1004469
288140,SC362: 4566,1VRF112YCN1004566
288141,BC1000XL: 35672,1VRY11197N1035672
288142,SC382: 1428,1VRU112BVN1001428
288143,SC30TX: 4471,1VRC070NJN1004471
288144,SC362: 4567,1VRF112YVN1004567
288145,D10X15III: 2555,1VRA130VJN1002555
288146,S925TX: 5133,1VRL0705PN1005133
288149,CTX160: 854,1VR3080MJN1000854
288150,BC1500: 12539,1VR2181V6N1012539
288151,SC852: 2081,1VR7122LCN1002081
288153,S925TX: 5134,1VRL0705KN1005134
288154,SC30TX: 4472,1VRC070NCN1004472
288157,CTX100: 3676,1VRZ080HHN1003676
288158,BC1000XL: 35681,1VRY11198N1035681
288159,S925TX: 5135,1VRL0705JN1005135
288160,RTX250: 2703,1VRD070DCN1002703
288161,BC1000XL: 35682,1VRY1119XN1035682
288162,CTX160: 855,1VR3080MCN1000855
288163,BC1000XL: 35662,1VRY11194N1035662
288164,WC2500TX: 1010,1VRF2700EM1001010
288165,BC1000XL: 35634,1VRY1119XN1035634
288167,D24X40III: 2595,1VRX200FCN1002595
288168,S925TX: 5136,1VRL0705CN1005136
288171,SC30TX: 4474,1VRC070NAN1004474
288172,BC1000XL: 35635,1VRY11191N1035635
288173,SC552: 1114,1VR9132UHN1001114
288174,D40X55III: 1717,1VRY200GEN1001717
288175,SC362: 4568,1VRF112YAN1004568
288176,SC70TX: 1719,1VRK1203CN1001719
288178,SC362: 4570,1VRF112YVN1004570
288179,SC362: 4569,1VRF112YLN1004569
288180,SC382: 1429,1VRU112BAN1001429
288181,D23X30III: 2455,1VRN2007KN1002455
288182,SC70TX: 1718,1VRK1203EN1001718
288183,SC382: 1430,1VRU112BCN1001430
288184,SC362: 4571,1VRF112YAN1004571
288185,SC362: 4572,1VRF112YLN1004572
288186,SC382: 1431,1VRU112BVN1001431
288187,D24X40III: 2596,1VRX200FTN1002596
288188,BC1000XL: 35683,1VRY11191N1035683
288189,CTX100: 3677,1VRZ080HEN1003677
288190,BC1000XL: 35684,1VRY11193N1035684
288191,S925TX: 5137,1VRL0705VN1005137
288193,BC1000XL: 35685,1VRY11195N1035685
288194,BC700XL: 4673,1VRC101V6N1004673
288195,S925TX: 5138,1VRL0705AN1005138
288196,D24X40III: 2597,1VRX200FPN1002597
288197,BC1000XL: 35686,1VRY11197N1035686
288199,SC362: 4573,1VRF112YHN1004573
288200,CTX160: 856,1VR3080MVN1000856
288203,S450TX: 2176,1VRD060BAM1002176
288204,BC1000XL: 35687,1VRY11199N1035687
288205,SC362: 4574,1VRF112YEN1004574
288214,S925TX: 5139,1VRL0705LN1005139
288216,SC382: 1432,1VRU112BAN1001432
288217,SC30TX: 4475,1VRC070NLN1004475
288218,BC1000XL: 35688,1VRY11190N1035688
288219,CTX100: 3678,1VRZ080HCN1003678
288220,BC700XL: 4674,1VRC101V8N1004674
288221,BC1000XL: 35689,1VRY11192N1035689
288222,SC802: 4051,1VR2151J8N1004051
288223,S925TX: 5140,1VRL0705VN1005140
288226,BC1000XL: 35690,1VRY11199N1035690
288227,CTX100: 3679,1VRZ080HTN1003679
288228,D20X22III: 2978,1VRA170VKM1002978
288229,BC1000XL: 35702,1VRY11191N1035702
288233,D20X22III: 2977,1VRA170VPM1002977
288234,S925TX: 5141,1VRL0705AN1005141
288235,HG6800TX: 1031,1VRK4804PM1001031
288236,BC1000XL: 35691,1VRY11190N1035691
288238,SC552: 1113,1VR9132ULN1001113
288239,BC1000XL: 35703,1VRY11193N1035703
288240,SC30TX: 4473,1VRC070NVN1004473
288242,CTX160: 857,1VR3080MAN1000857
288243,RTX1250I2: 566,1VRR1329CN1000566
288244,BC1000XL: 35692,1VRY11192N1035692
288245,RTX200: 1569,1VR6071RVN1001569
288246,D23X30III: 2456,1VRN2007JN1002456
288247,S925TX: 5142,1VRL0705LN1005142
288248,BC1000XL: 35704,1VRY11195N1035704
288249,SC30TX: 4476,1VRC070NHN1004476
288250,D20X22III: 2979,1VRA170VJM1002979
288251,SC70TX: 1721,1VRK1203EN1001721
288252,S925TX: 5143,1VRL0705HN1005143
288253,BC1000XL: 35705,1VRY11197N1035705
288254,SC362: 4575,1VRF112YCN1004575
288255,CTX100: 3680,1VRZ080HEN1003680
288256,RTX250: 2704,1VRD070DVN1002704
288257,SC362: 4576,1VRF112YTN1004576
288258,BC1000XL: 35693,1VRY11194N1035693
288259,SC70TX: 1720,1VRK1203HN1001720
288260,SC362: 4577,1VRF112YPN1004577
288261,BC700XL: 4675,1VRC101VXN1004675
288262,S925TX: 5144,1VRL0705EN1005144
288263,SC292: 2127,1VRF102YPN1002127
288264,BC1000XL: 35706,1VRY11199N1035706
288265,SC362: 4578,1VRF112YKN1004578
288266,BC1800XL: 10383,1VRY151Z8N1010383
288267,CTX160: 858,1VR3080MLN1000858
288268,D40X55III: 1719,1VRY200GTN1001719
288269,BC1000XL: 35707,1VRY11190N1035707
288270,S925TX: 5145,1VRL0705CN1005145
288272,CTX100: 3681,1VRZ080HCN1003681
288273,BC1000XL: 35694,1VRY11196N1035694
288279,S925TX: 5146,1VRL0705TN1005146
288280,D23X30III: 2457,1VRN2007CN1002457
288281,BC1000XL: 35695,1VRY11198N1035695
288282,RTX200: 1570,1VR6071RJN1001570
288283,CTX100: 3682,1VRZ080HTN1003682
288284,D20X22III: 2980,1VRA170VPM1002980
288285,SC552: 1115,1VR9132UEN1001115
288286,BC700XL: 4676,1VRC101V1N1004676
288288,BC1000XL: 35708,1VRY11192N1035708
288290,BC1000XL: 35709,1VRY11194N1035709
288291,S925TX: 5147,1VRL0705PN1005147
288294,SC30TX: 4477,1VRC070NEN1004477
288295,D20X22III: 2981,1VRA170VPN1002981
288297,S925TX: 5148,1VRL0705KN1005148
288298,RTX250: 2705,1VRD070DAN1002705
288299,BC1000XL: 35710,1VRY11190N1035710
288300,S925TX: 5149,1VRL0705JN1005149
288301,S450TX: 2177,1VRD060BLM1002177
288302,RTX250: 2706,1VRD070DLN1002706
288303,BC1000XL: 35711,1VRY11192N1035711
288304,CTX100: 3683,1VRZ080HPN1003683
288305,CTX160: 859,1VR3080MHN1000859
288307,BC700XL: 4677,1VRC101V3N1004677
288308,D24X40III: 2598,1VRX200FKN1002598
288310,BC1000XL: 35696,1VRY1119XN1035696
288312,S925TX: 5150,1VRL0705PN1005150
288313,BC1000XL: 35712,1VRY11194N1035712
288314,BC1800XL: 10390,1VRY151Z5N1010390
288315,CTX100: 3684,1VRZ080HKN1003684
288316,S925TX: 5151,1VRL0705KN1005151
288317,BC1000XL: 35713,1VRY11196N1035713
288318,CTX160: 860,1VR3080MAN1000860
288319,BC1000XL: 35697,1VRY11191N1035697
288320,D23X30III: 2458,1VRN2007VN1002458
288321,T1255III: 620,1VR230062L1000620
288322,T1255III: 621,1VR230064L1000621
288323,BC700XL: 4678,1VRC101V5N1004678
288324,D20X22III: 2982,1VRA170VKN1002982
288325,BC1000XL: 35714,1VRY11198N1035714
288326,S925TX: 5152,1VRL0705JN1005152
288327,T655III: 650,1VR7160GHN1000650
288328,SC70TX: 1723,1VRK1203TN1001723
288329,CTX100: 3685,1VRZ080HJN1003685
288330,BC1000XL: 35715,1VRY1119XN1035715
288331,RTX250: 2707,1VRD070DHN1002707
288333,S925TX: 5153,1VRL0705CN1005153
288334,D24X40III: 2599,1VRX200FJN1002599
288335,D20X22III: 2983,1VRA170VJN1002983
288336,BC1000XL: 35716,1VRY11191N1035716
288338,RTX250: 2708,1VRD070DEN1002708
288339,CTX100: 3686,1VRZ080HCN1003686
288342,S450TX: 2178,1VRD060BLN1002178
288343,S925TX: 5154,1VRL0705VN1005154
288344,SC382: 1433,1VRU112BLN1001433
288345,BC700XL: 4679,1VRC101V7N1004679
288346,SC362: 4579,1VRF112YJN1004579
288347,SC362: 4580,1VRF112YPN1004580
288348,SC382: 1434,1VRU112BHN1001434
288349,BC1000XL: 35717,1VRY11193N1035717
288350,BC1800XL: 10392,1VRY151Z9N1010392
288351,SC292: 2128,1VRF102YKN1002128
288352,CTX100: 3687,1VRZ080HVN1003687
288353,SC362: 4581,1VRF112YKN1004581
288354,D10X15III: 2556,1VRA130VCN1002556
288355,SC382: 1435,1VRU112BEN1001435
288356,BC1000XL: 35718,1VRY11195N1035718
288357,D40X55III: 1720,1VRY240GCN1001720
288358,SC362: 4582,1VRF112YJN1004582
288359,S925TX: 5156,1VRL0705LN1005156
288360,BC1000XL: 35699,1VRY11195N1035699
288361,D20X22III: 2984,1VRA170VCN1002984
288362,RTX200: 1571,1VR6071RCN1001571
288363,S925TX: 5155,1VRL0705AN1005155
288365,CTX160: 861,1VR3080MLN1000861
288366,BC1000XL: 35719,1VRY11197N1035719
288367,S925TX: 5157,1VRL0705HN1005157
288368,XTS1250I2: 111,1VRY132G4L1000111
288369,BC700XL: 4680,1VRC101V3N1004680
288371,BC1000XL: 35720,1VRY11193N1035720
288372,D10X15III: 2557,1VRA130VVN1002557
288373,S925TX: 5158,1VRL0705EN1005158
288374,SC30TX: 4478,1VRC070NCN1004478
288375,HG6800TX: 1032,1VRK4804PN1001032
288376,BC1000XL: 35721,1VRY11195N1035721
288377,S925TX: 5159,1VRL0705CN1005159
288378,BC1000XL: 35700,1VRY11198N1035700
288379,RTX250: 2709,1VRD070DCN1002709
288383,CTX160: 862,1VR3080MHN1000862
288384,BC1000XL: 35722,1VRY11197N1035722
288385,D23X30III: 2459,1VRN2007AN1002459
288386,S925TX: 5160,1VRL0705HN1005160
288387,RTX250: 2710,1VRD070DHN1002710
288390,D24X40III: 2600,1VRX200FCN1002600
288392,BC1000XL: 35701,1VRY1119XN1035701
288393,CTX100: 3689,1VRZ080HLN1003689
288395,D20X22III: 2985,1VRA170VVN1002985
288396,S925TX: 5161,1VRL0705EN1005161
288397,RTX250: 2711,1VRD070DEN1002711
288398,D60X90S3: 1021,1VRJ2903VN1001021
288399,BC700XL: 4681,1VRC101V5N1004681
288400,SC70TX: 1725,1VRK1203KN1001725
288401,BC1000XL: 35725,1VRY11192N1035725
288402,PD10: 3180,1VRB100ZCN1003180
288403,S450TX: 2180,1VRD060BAN1002180
288404,BC1800XL: 10395,1VRY151Z4N1010395
288405,D10X15III: 2558,1VRA130VAN1002558
288406,BC1000XL: 35726,1VRY11194N1035726
288407,S925TX: 5163,1VRL0705TN1005163
288408,D23X30III: 2460,1VRN2007CN1002460
288409,S925TX: 5162,1VRL0705CN1005162
288410,BC1000XL: 35727,1VRY11196N1035727
288413,CTX160: 863,1VR3080MEN1000863
288414,BC1800XL: 10386,1VRY151Z3N1010386
288416,S925TX: 5164,1VRL0705PN1005164
288417,BC1000XL: 35728,1VRY11198N1035728
288419,D24X40III: 2601,1VRX200FTN1002601
288420,CTX100: 3690,1VRZ080HVN1003690
288421,CTX100: 3691,1VRZ080HAN1003691
288422,BC700XL: 4682,1VRC101V7N1004682
288423,BC1000XL: 35729,1VRY1119XN1035729
288424,D20X22III: 2986,1VRA170VAN1002986
288425,S925TX: 5165,1VRL0705KN1005165
288427,RTX250: 2712,1VRD070DCN1002712
288429,S450TX: 2181,1VRD060BLN1002181
288431,BC1000XL: 35730,1VRY11196N1035730
288432,CTX160: 864,1VR3080MCN1000864
288433,RTX250: 2713,1VRD070DTN1002713
288434,PD10: 3181,1VRB100ZVN1003181
288435,D23X30III: 2461,1VRN2007VN1002461
288436,S925TX: 5166,1VRL0705JN1005166
288437,S450TX: 2179,1VRD060BHN1002179
288438,SC70TX: 1722,1VRK1203CN1001722
288439,BC1800XL: 10387,1VRY151Z5N1010387
288440,S925TX: 5167,1VRL0705CN1005167
288441,SC552: 1116,1VR9132UCN1001116
288442,SC362: 4583,1VRF112YCN1004583
288443,SC382: 1436,1VRU112BCN1001436
288444,SC292: 2129,1VRF102YJN1002129
288445,BC700XL: 4683,1VRC101V9N1004683
288446,SC292: 2130,1VRF102YPN1002130
288447,CTX100: 3688,1VRZ080HAN1003688
288449,D40X55III: 1721,1VRY240GVN1001721
288450,D10X15III: 2559,1VRA130VLN1002559
288451,SC30TX: 4479,1VRC070NTN1004479
288452,SC70TX: 1724,1VRK1203PN1001724
288453,RTX200: 1572,1VR6071RVN1001572
288455,SC292: 2131,1VRF102YKN1002131
288456,BC1000XL: 35731,1VRY11198N1035731
288457,S925TX: 5168,1VRL0705VN1005168
288458,SC362: 4586,1VRF112YLN1004586
288459,CTX100: 3693,1VRZ080HHN1003693
288460,RTX250: 2714,1VRD070DPN1002714
288461,SC382: 1437,1VRU112BTN1001437
288462,SC362: 4585,1VRF112YAN1004585
288463,CTX100: 3692,1VRZ080HLN1003692
288464,S925TX: 5169,1VRL0705AN1005169
288465,SC292: 2132,1VRF102YJN1002132
288466,SC362: 4587,1VRF112YHN1004587
288467,RTX250: 2715,1VRD070DKN1002715
288469,SC382: 1438,1VRU112BPN1001438
288470,D8X12: 1093,1VR7130STN1001093
288471,BC1000XL: 35733,1VRY11191N1035733
288472,CTX160: 865,1VR3080MTN1000865
288473,SC362: 4584,1VRF112YVN1004584
288474,S925TX: 5170,1VRL0705CN1005170
288475,SC30TX: 4480,1VRC070NEN1004480
288476,BC1000XL: 35723,1VRY11199N1035723
288480,D24X40III: 2602,1VRX200FPN1002602
288481,BC1000XL: 35734,1VRY11193N1035734
288482,BC1800XL: 10389,1VRY151Z9N1010389
288483,S925TX: 5171,1VRL0705VN1005171
288484,CTX100: 3694,1VRZ080HEN1003694
288485,D20X22III: 2987,1VRA170VLN1002987
288486,BC700XL: 4684,1VRC101V0N1004684
288487,BC1000XL: 35735,1VRY11195N1035735
288489,D23X30III: 2462,1VRN2007AN1002462
288490,SC552: 1117,1VR9132UTN1001117
288494,S925TX: 5172,1VRL0705AN1005172
288495,RTX250: 2716,1VRD070DJN1002716
288497,D10X15III: 2560,1VRA130VVN1002560
288499,CTX160: 866,1VR3080MPN1000866
288500,BC1000XL: 35736,1VRY11197N1035736
288502,PD10: 3182,1VRB100ZAN1003182
288503,S925TX: 5173,1VRL0705LN1005173
288504,RTX250: 2717,1VRD070DCN1002717
288506,RTX250: 2718,1VRD070DVN1002718
288507,S925TX: 5174,1VRL0705HN1005174
288510,Vermeer - 2021 - Skid Steer - S925TX-1158,LHP-ASSETID-288510
288518,BC700XL: 4685,1VRC101V2N1004685
288519,S450TX: 2182,1VRD060BHN1002182
288520,CTX100: 3696,1VRZ080HTN1003696
288521,SC70TX: 1727,1VRK1203CN1001727
288522,BC1000XL: 35737,1VRY11199N1035737
288523,S925TX: 5175,1VRL0705EN1005175
288524,D24X40III: 2604,1VRX200FJN1002604
288525,SC362: 4588,1VRF112YEN1004588
288526,BC1000XL: 35738,1VRY11190N1035738
288527,SC382: 1439,1VRU112BKN1001439
288528,D20X22III: 2988,1VRA170VHN1002988
288529,SC292: 2133,1VRF102YCN1002133
288530,CTX160: 867,1VR3080MKN1000867
288531,SC362: 4589,1VRF112YCN1004589
288532,D23X30III: 2463,1VRN2007LN1002463
288533,S925TX: 5176,1VRL0705CN1005176
288534,BC1000XL: 35741,1VRY11190N1035741
288535,SC30TX: 4481,1VRC070NCN1004481
288536,BC1500: 12553,1VR2181V0N1012553
288537,BC1000XL: 35742,1VRY11192N1035742
288538,CTX100: 3697,1VRZ080HPN1003697
288539,SC70TX: 1728,1VRK1203VN1001728
288541,BC1000XL: 35743,1VRY11194N1035743
288543,S925TX: 5177,1VRL0705TN1005177
288544,RTX250: 2719,1VRD070DAN1002719
288545,SC382: 1440,1VRU112BTN1001440
288546,CTX160: 868,1VR3080MJN1000868
288547,BC1000XL: 35744,1VRY11196N1035744
288548,D24X40III: 2605,1VRX200FCN1002605
288549,D10X15III: 2561,1VRA130VAN1002561
288550,S925TX: 5178,1VRL0705PN1005178
288551,RTX250: 2720,1VRD070DCN1002720
288552,BC1000XL: 35745,1VRY11198N1035745
288554,CTX100: 3698,1VRZ080HKN1003698
288555,RTX250: 2721,1VRD070DVN1002721
288559,D20X22III: 2989,1VRA170VEN1002989
288560,S925TX: 5179,1VRL0705KN1005179
288561,D24X40III: 2606,1VRX200FVN1002606
288562,CTX100: 3699,1VRZ080HJN1003699
288563,SC70TX: 1729,1VRK1203AN1001729
288565,S925TX: 5180,1VRL0705TN1005180
288566,BC700XL: 4686,1VRC101V4N1004686
288567,S450TX: 2183,1VRD060BEN1002183
288568,CTX100: 3695,1VRZ080HCN1003695
288570,D60X90S3: 1022,1VRJ2903AN1001022
288573,SC362: 4590,1VRF112YHN1004590
288574,SC362: 4591,1VRF112YEN1004591
288575,S925TX: 5181,1VRL0705PN1005181
288576,SC382: 1441,1VRU112BPN1001441
288577,BC1000XL: 35746,1VRY1119XN1035746
288579,SC362: 4592,1VRF112YCN1004592
288580,SC30TX: 4482,1VRC070NTN1004482
288581,SC362: 4593,1VRF112YTN1004593
288582,BC1000XL: 35698,1VRY11193N1035698
288583,CTX160: 869,1VR3080MCN1000869
288584,SC382: 1442,1VRU112BKN1001442
288585,D10X15III: 2562,1VRA130VLN1002562
288586,SC362: 4594,1VRF112YPN1004594
288587,BC1000XL: 35747,1VRY11191N1035747
288588,S925TX: 5182,1VRL0705KN1005182
288589,D40X55III: 1722,1VRY200GTN1001722
288590,RTX250: 2722,1VRD070DAN1002722
288591,CTX100: 3700,1VRZ080HCN1003700
288593,SC30TX: 4483,1VRC070NPN1004483
288595,BC1000XL: 35749,1VRY11195N1035749
288596,S925TX: 5183,1VRL0705JN1005183
288597,BC1000XL: 35750,1VRY11191N1035750
288599,Geometris Test Unit - 78W112300157,LHP-ASSETID-288599
288600,Geometris Test Unit - 78W112300170,LHP-ASSETID-288600
288601,RTX250: 2723,1VRD070DLN1002723
288604,D20X22III: 2990,1VRA170VLN1002990
288605,BC1000XL: 35751,1VRY11193N1035751
288606,S925TX: 5184,1VRL0705CN1005184
288607,D24X40III: 2607,1VRX200FAN1002607
288608,CTX160: 870,1VR3080MKN1000870
288609,SC30TX: 4484,1VRC070NKN1004484
288610,BC1000XL: 35752,1VRY11195N1035752
288611,S450TX: 2184,1VRD060BCN1002184
288612,S925TX: 5185,1VRL0705VN1005185
288614,BC700XL: 4687,1VRC101V6N1004687
288615,D23X30III: 2465,1VRN2007EN1002465
288616,CTX100: 3701,1VRZ080HTN1003701
288617,SC70TX: 1730,1VRK1203CN1001730
288618,S925TX: 5186,1VRL0705AN1005186
288621,HG6800TX: 1033,1VRK4804KN1001033
288624,CTX100: 3702,1VRZ080HPN1003702
288626,S925TX: 5187,1VRL0705LN1005187
288629,D24X40III: 2608,1VRX200FLN1002608
288634,D8X12: 1094,1VR7130SPN1001094
288635,CTX160: 871,1VR3080MJN1000871
288639,BC1000XL: 35753,1VRY11197N1035753
288640,S925TX: 5188,1VRL0705HN1005188
288641,BC1000XL: 35748,1VRY11193N1035748
288643,BC1000XL: 35754,1VRY11199N1035754
288644,D20X22III: 2991,1VRA170VHN1002991
288645,RTX200: 1573,1VR6071RAN1001573
288646,D23X30III: 2466,1VRN2007CN1002466
288648,CTX100: 3703,1VRZ080HKN1003703
288650,SC362: 4595,1VRF112YKN1004595
288652,S925TX: 5189,1VRL0705EN1005189
288653,BC1000XL: 35755,1VRY11190N1035755
288654,SC382: 1443,1VRU112BJN1001443
288655,S450TX: 2185,1VRD060BTN1002185
288656,BC1000XL: 35756,1VRY11192N1035756
288657,S925TX: 5190,1VRL0705LN1005190
288659,SC362: 4596,1VRF112YJN1004596
288661,SC362: 4597,1VRF112YCN1004597
288662,SC382: 1444,1VRU112BCN1001444
288663,BC700XL: 4688,1VRC101V8N1004688
288664,CTX100: 3704,1VRZ080HJN1003704
288667,BC1000XL: 35757,1VRY11194N1035757
288668,BC1000XL: 35758,1VRY11196N1035758
288669,SC30TX: 4485,1VRC070NJN1004485
288670,SC362: 4598,1VRF112YVN1004598
288672,CTX160: 872,1VR3080MCN1000872
288673,D10X15III: 2563,1VRA130VHN1002563
288674,SC70TX: 1731,1VRK1203VN1001731
288676,SC362: 4599,1VRF112YAN1004599
288677,D24X40III: 2609,1VRX200FHN1002609
288678,SC382: 1445,1VRU112BVN1001445
288680,CTX100: 3705,1VRZ080HCN1003705
288681,D40X55III: 1723,1VRY240GLN1001723
288682,BC700XL: 4689,1VRC101VXN1004689
288683,S925TX: 5193,1VRL0705CN1005193
288684,CTX160: 873,1VR3080MVN1000873
288686,S450TX: 2186,1VRD060BPN1002186
288687,S925TX: 5194,1VRL0705TN1005194
288688,SC362: 4600,1VRF112YKN1004600
288689,D20X22III: 2992,1VRA170VEN1002992
288690,BC1000XL: 35760,1VRY11194N1035760
288691,SC362: 4601,1VRF112YJN1004601
288692,SC362: 4602,1VRF112YCN1004602
288693,SC382: 1446,1VRU112BAN1001446
288694,CTX100: 3706,1VRZ080HVN1003706
288695,RTX250: 2724,1VRD070DHN1002724
288696,D23X30III: 2467,1VRN2007TN1002467
288697,BC1000XL: 35761,1VRY11196N1035761
288698,RTX250: 2725,1VRD070DEN1002725
288699,S925TX: 5196,1VRL0705KN1005196
288700,BC1000XL: 35762,1VRY11198N1035762
288704,D10X15III: 2564,1VRA130VEN1002564
288705,CTX160: 874,1VR3080MAN1000874
288707,BC1000XL: 35763,1VRY1119XN1035763
288708,S925TX: 5191,1VRL0705HN1005191
288710,S925TX: 5197,1VRL0705JN1005197
288711,RTX200: 1574,1VR6071RLN1001574
288712,D24X40III: 2610,1VRX200FAN1002610
288714,BC1000XL: 35764,1VRY11191N1035764
288715,SC70TX: 1732,1VRK1203AN1001732
288717,S925TX: 5195,1VRL0705PN1005195
288724,BC1000XL: 35765,1VRY11193N1035765
288746,S925TX: 5198,1VRL0705CN1005198
288748,RTX250: 2726,1VRD070DCN1002726
288750,CTX160: 875,1VR3080MLN1000875
288751,RTX1250I2: 572,1VRR1329LN1000572
288752,BC1000XL: 35766,1VRY11195N1035766
288753,CTX100: 3707,1VRZ080HAN1003707
288754,S925TX: 5199,1VRL0705VN1005199
288755,D40X55DRS3: 1051,1VR3240MPN1001051
288759,D10X15III: 2565,1VRA130VCN1002565
288760,D20X22III: 2993,1VRA170VCN1002993
288761,BC1000XL: 35767,1VRY11197N1035767
288762,S450TX: 2187,1VRD060BKN1002187
288763,SC70TX: 1733,1VRK1203LN1001733
288764,D24X40III: 2611,1VRX200FLN1002611
288766,CTX100: 3708,1VRZ080HLN1003708
288767,BC1500: 12562,1VR2181V1N1012562
288768,SC362: 4603,1VRF112YVN1004603
288769,RTX1250I2: 574,1VRR1329EN1000574
288770,SC362: 4604,1VRF112YAN1004604
288771,SC362: 4605,1VRF112YLN1004605
288772,RTX1250I2: 575,1VRR1329CN1000575
288773,BC1000XL: 35768,1VRY11199N1035768
288774,S925TX: 5200,1VRL0705PN1005200
288775,PD10: 3183,1VRB100ZLN1003183
288776,SC292: 2134,1VRF102YVN1002134
288777,TR6450: 101,1VR1402K3LF000101
288778,BC1800XL: 10404,1VRY151Z1N1010404
288780,S925TX: 5192,1VRL0705EN1005192
288782,BC1000XL: 35769,1VRY11190N1035769
288783,SC802: 4048,1VR2151J8N1004048
288784,RTX250: 2728,1VRD070DPN1002728
288785,CTX160: 876,1VR3080MHN1000876
288786,SC552: 1118,1VR9132UPN1001118
288788,D20X22III: 2994,1VRA170VTN1002994
288789,RTX250: 2729,1VRD070DKN1002729
288790,CTX100: 3709,1VRZ080HHN1003709
288791,S925TX: 5202,1VRL0705JN1005202
288792,RTX1250I2: 315,1VRR13291L1000315
288793,RTX1250I2: 322,1VRR13299L1000322
288794,RTX1250I2: 327,1VRR13298L1000327
288795,RTX1250I2: 336,1VRR13299L1000336
288796,RTX1250I2: 339,1VRR13294L1000339
288797,RTX1250I2: 340,1VRR13290L1000340
288798,RTX1250I2: 341,1VRR13292L1000341
288799,RTX1250I2: 342,1VRR13294L1000342
288800,RTX1250I2: 343,1VRR13296L1000343
288801,RTX1250I2: 344,1VRR13298L1000344
288802,RTX1250I2: 346,1VRR13291L1000346
288803,RTX1250I2: 348,1VRR13295L1000348
288804,RTX1250I2: 349,1VRR13297L1000349
288805,RTX1250I2: 350,1VRR13293L1000350
288808,RTX1250I2: 353,1VRR13299L1000353
288809,RTX1250I2: 354,1VRR13290L1000354
288810,RTX1250I2: 355,1VRR13292L1000355
288811,RTX1250I2: 356,1VRR13294L1000356
288812,RTX1250I2: 358,1VRR13298L1000358
288813,RTX1250I2: 359,1VRR1329XL1000359
288814,RTX1250I2: 360,1VRR13296L1000360
288815,RTX1250I2: 362,1VRR1329XL1000362
288816,RTX1250I2: 363,1VRR13291L1000363
288817,RTX1250I2: 364,1VRR13293L1000364
288818,RTX1250I2: 365,1VRR13295L1000365
288819,RTX1250I2: 366,1VRR13297L1000366
288820,RTX1250I2: 367,1VRR13299L1000367
288821,RTX1250I2: 369,1VRR13292L1000369
288822,RTX1250I2: 370,1VRR13299L1000370
288823,RTX1250I2: 371,1VRR13290L1000371
288824,RTX1250I2: 372,1VRR13290M1000372
288825,RTX1250I2: 373,1VRR13292M1000373
288826,RTX1250I2: 374,1VRR13294M1000374
288827,RTX1250I2: 375,1VRR1329LM1000375
288828,RTX1250I2: 376,1VRR1329HM1000376
288829,RTX1250I2: 377,1VRR1329EM1000377
288830,RTX1250I2: 378,1VRR1329CM1000378
288831,RTX1250I2: 379,1VRR1329TM1000379
288832,RTX1250I2: 380,1VRR1329EM1000380
288833,RTX1250I2: 381,1VRR1329VM1000381
288834,RTX1250I2: 382,1VRR1329AM1000382
288835,RTX1250I2: 383,1VRR1329PM1000383
288836,RTX1250I2: 384,1VRR1329KM1000384
288837,RTX1250I2: 385,1VRR1329JM1000385
288838,RTX1250I2: 387,1VRR1329VM1000387
288839,RTX1250I2: 388,1VRR1329AM1000388
288840,RTX1250I2: 390,1VRR1329VM1000390
288841,RTX1250I2: 391,1VRR1329AM1000391
288842,RTX1250I2: 392,1VRR1329LM1000392
288843,RTX1250I2: 393,1VRR1329HM1000393
288844,RTX1250I2: 395,1VRR1329CM1000395
288845,RTX1250I2: 396,1VRR1329TM1000396
288846,RTX1250I2: 397,1VRR1329PM1000397
288847,RTX1250I2: 398,1VRR1329KM1000398
288848,RTX1250I2: 399,1VRR1329JM1000399
288849,RTX1250I2: 401,1VRR1329TM1000401
288850,RTX1250I2: 402,1VRR1329PM1000402
288851,RTX1250I2: 404,1VRR1329JM1000404
288852,RTX1250I2: 405,1VRR1329CM1000405
288853,RTX1250I2: 406,1VRR1329VM1000406
288854,RTX1250I2: 410,1VRR1329AM1000410
288855,XTS1250I2: 108,1VRY132G4L1000108
288856,XTS1250I2: 110,1VRY132G2L1000110
288857,XTS1250I2: 112,1VRY132G6L1000112
288858,XTS1250I2: 113,1VRY132GLM1000113
288859,XTS1250I2: 114,1VRY132GHM1000114
288860,XTS1250I2: 115,1VRY132GEM1000115
288871,BC1000XL: 35770,1VRY11197N1035770
288876,D10X15III: 2566,1VRA130VTN1002566
288877,BC700XL: 4691,1VRC101V8N1004691
288878,PD10: 3184,1VRB100ZHN1003184
288879,S925TX: 5201,1VRL0705KN1005201
288880,S925TX: 5203,1VRL0705CN1005203
288883,BC700XL: 4690,1VRC101V6N1004690
288884,D23X30DRS3: 1078,1VRJ2103KN1001078
288888,S450TX: 2188,1VRD060BJN1002188
288889,D20X22III: 2995,1VRA170VPN1002995
288890,SC70TX: 1734,1VRK1203HN1001734
288891,SC382: 1447,1VRU112BLN1001447
288892,SC382: 1448,1VRU112BHN1001448
288893,CTX100: 3710,1VRZ080HAN1003710
288894,SC362: 4606,1VRF112YHN1004606
288895,BC1000XL: 35778,1VRY11191N1035778
288900,RTX250: 2730,1VRD070DTN1002730
288901,SC362: 4607,1VRF112YEN1004607
288902,D24X40III: 2612,1VRX200FHN1002612
288903,CTX160: 877,1VR3080MEN1000877
288904,RTX250: 2731,1VRD070DPN1002731
288905,BC1000XL: 35779,1VRY11193N1035779
288906,RTX1250I2: 576,1VRR1329TN1000576
288910,RTX250: 2732,1VRD070DKN1002732
288911,CTX100: 3711,1VRZ080HLN1003711
288912,D23X30III: 2468,1VRN2007PN1002468
288914,SC70TX: 1735,1VRK1203EN1001735
288915,S925TX: 5206,1VRL0705LN1005206
288916,BC1000XL: 35787,1VRY11192N1035787
288917,BC700XL: 4692,1VRC101VXN1004692
288919,D10X15III: 2567,1VRA130VPN1002567
288921,BC1000XL: 35788,1VRY11194N1035788
288922,CTX160: 878,1VR3080MCN1000878
288923,D24X40III: 2613,1VRX200FEN1002613
288924,S925TX: 5207,1VRL0705HN1005207
288925,SC30TX: 4486,1VRC070NCN1004486
288926,S450TX: 2189,1VRD060BCN1002189
288927,SC70TX: 1736,1VRK1203CN1001736
288928,BC1000XL: 35789,1VRY11196N1035789
288930,BC700XL: 4693,1VRC101V1N1004693
288931,D23X30III: 2469,1VRN2007KN1002469
288938,CTX100: 3712,1VRZ080HHN1003712
288939,SC802: 4053,1VR2151J1N1004053
288940,RTX250: 2733,1VRD070DJN1002733
288941,HG6800TX: 1034,1VRK4804JN1001034
288942,D10X15III: 2568,1VRA130VKN1002568
288946,S925TX: 5209,1VRL0705CN1005209
288947,D8X12: 1095,1VR7130SKN1001095
288949,CTX160: 879,1VR3080MTN1000879
288950,BC700XL: 4694,1VRC101V3N1004694
288952,CTX100: 3713,1VRZ080HEN1003713
288953,S925TX: 5211,1VRL0705EN1005211
288955,S450TX: 2190,1VRD060BKN1002190
288956,T755III: 610,1VR2180RHN1000610
288957,CTX100: 3714,1VRZ080HCN1003714
288958,D40X55III: 1725,1VRY200GJN1001725
288960,BC1000XL: 35796,1VRY11193N1035796
288964,CTX160: 880,1VR3080MEN1000880
288966,SC802: 4052,1VR2151JXN1004052
288967,BC1000XL: 35797,1VRY11195N1035797
288968,D20X22III: 2996,1VRA170VKN1002996
288969,BC1200XL: 6133,1VR7141Y2N1006133
288970,D23X30III: 2470,1VRN2007TN1002470
288971,RTX200: 1575,1VR6071RHN1001575
288972,BC1000XL: 35798,1VRY11197N1035798
288973,SC30TX: 4487,1VRC070NVN1004487
288974,BC700XL: 4695,1VRC101V5N1004695
288975,BC1000XL: 35799,1VRY11199N1035799
288976,BC1000XL: 35800,1VRY11191N1035800
288977,D24X40III: 2614,1VRX200FCN1002614
288981,S450TX: 2191,1VRD060BJN1002191
288983,SC802: 4054,1VR2151J3N1004054
288984,D10X15III: 2569,1VRA130VJN1002569
288985,BC700XL: 4696,1VRC101V7N1004696
288987,SC292: 2135,1VRF102YAN1002135
288988,BC700XL: 4697,1VRC101V9N1004697
288989,SC362: 4608,1VRF112YCN1004608
288991,SC382: 1449,1VRU112BEN1001449
288992,SC362: 4609,1VRF112YTN1004609
288993,D23X30III: 2471,1VRN2007PN1002471
288995,SC30TX: 4488,1VRC070NAN1004488
288996,BC700XL: 4698,1VRC101V0N1004698
288997,D20X22III: 2997,1VRA170VJN1002997
289000,D24X40III: 2615,1VRX200FTN1002615
289001,BC700XL: 4699,1VRC101V2N1004699
289002,SC362: 4610,1VRF112YEN1004610
289003,SC382: 1450,1VRU112BLN1001450
289005,SC292: 2136,1VRF102YLN1002136
289006,SC362: 4611,1VRF112YCN1004611
289007,BC700XL: 4700,1VRC101V5N1004700
289008,BC1800XL: 10400,1VRY151Z4N1010400
289009,SC30TX: 4489,1VRC070NLN1004489
289011,PD10: 3185,1VRB100ZEN1003185
289021,S450TX: 2192,1VRD060BCN1002192
289022,SC70TX: 1738,1VRK1203PN1001738
289023,D23X30III: 2472,1VRN2007KN1002472
289024,BC700XL: 4701,1VRC101V7N1004701
289025,D10X15III: 2570,1VRA130VPN1002570
289026,SC382: 1451,1VRU112BHN1001451
289028,SC362: 4612,1VRF112YTN1004612
289031,SC362: 4613,1VRF112YPN1004613
289032,SC382: 1452,1VRU112BEN1001452
289033,SC292: 2137,1VRF102YHN1002137
289034,SC362: 4614,1VRF112YKN1004614
289035,SC382: 1453,1VRU112BCN1001453
289036,SC362: 4615,1VRF112YJN1004615
289037,D40X55III: 1726,1VRY240GCN1001726
289038,S450TX: 2193,1VRD060BVN1002193
289039,SC70TX: 1739,1VRK1203KN1001739
289040,PD10: 3186,1VRB100ZCN1003186
289041,RTX200: 1576,1VR6071REN1001576
289043,D220X500S3: 103,1VR4500NHN1000103
289044,S925TX: 5213,1VRL0705TN1005213
289045,D23X30III: 2473,1VRN2007JN1002473
289046,SC552: 1119,1VR9132UKN1001119
289047,RTX1250I2: 573,1VRR1329HN1000573
289049,BC700XL: 4702,1VRC101V9N1004702
289050,D20X22III: 2998,1VRA170VCN1002998
289058,D24X40III: 2616,1VRX200FPN1002616
289059,SC30TX: 4490,1VRC070NVN1004490
289061,D40X55DRS3: 1052,1VR3240MKN1001052
289062,D10X15III: 2571,1VRA130VKN1002571
289064,S450TX: 2194,1VRD060BAN1002194
289065,BC700XL: 4703,1VRC101V0N1004703
289066,SC70TX: 1726,1VRK1203JN1001726
289067,CTX100: 3715,1VRZ080HTN1003715
289068,BC1000XL: 35802,1VRY11195N1035802
289069,CTX100: 3716,1VRZ080HPN1003716
289070,SC30TX: 4491,1VRC070NAN1004491
289073,SC802: 4055,1VR2151J5N1004055
289075,S925TX: 5215,1VRL0705KN1005215
289076,BC1000XL: 35804,1VRY11199N1035804
289078,CTX160: 881,1VR3080MCN1000881
289079,SC292: 2138,1VRF102YEN1002138
289080,BC1000XL: 35805,1VRY11190N1035805
289081,RTX200: 1577,1VR6071RCN1001577
289082,CTX100: 3717,1VRZ080HKN1003717
289083,SC382: 1454,1VRU112BTN1001454
289084,SC362: 4616,1VRF112YCN1004616
289085,D24X40III: 2618,1VRX200FJN1002618
289086,BC1000XL: 35806,1VRY11192N1035806
289087,CTX100: 3718,1VRZ080HJN1003718
289088,BC1000XL: 35807,1VRY11194N1035807
289092,D20X22III: 2999,1VRA170VVN1002999
289094,CTX160: 882,1VR3080MTN1000882
289096,D40X55III: 1727,1VRY200GVN1001727
289097,BC1000XL: 35808,1VRY11196N1035808
289098,CTX100: 3719,1VRZ080HCN1003719
289100,SC552: 1120,1VR9132UTN1001120
289101,SC30TX: 4492,1VRC070NLN1004492
289102,SC362: 4617,1VRF112YVN1004617
289103,SC362: 4618,1VRF112YAN1004618
289104,BC1800XL: 10415,1VRY151Z6N1010415
289105,RTX250: 2734,1VRD070DCN1002734
289106,BC1000XL: 35810,1VRY11194N1035810
289107,SC382: 1455,1VRU112BPN1001455
289108,BC1000XL: 35809,1VRY11198N1035809
289109,RTX250: 2735,1VRD070DVN1002735
289110,CTX160: 883,1VR3080MPN1000883
289112,D23X30III: 2474,1VRN2007CN1002474
289122,RTX250: 2736,1VRD070DAN1002736
289123,BC1000XL: 35811,1VRY11196N1035811
289125,BC1000XL: 35812,1VRY11198N1035812
289126,BC1500: 12574,1VR2181V8N1012574
289127,CTX160: 884,1VR3080MKN1000884
289129,RTX250: 2737,1VRD070DLN1002737
289130,SC362: 4619,1VRF112YLN1004619
289131,BC1000XL: 35813,1VRY1119XN1035813
289132,D10X15III: 2572,1VRA130VJN1002572
289134,D24X40III: 2619,1VRX200FCN1002619
289136,SC70TX: 1740,1VRK1203TN1001740
289137,CTX100: 3723,1VRZ080HVN1003723
289138,SC362: 4620,1VRF112YVN1004620
289139,BC1000XL: 35814,1VRY11191N1035814
289140,RTX200: 1578,1VR6071RTN1001578
289141,RTX250: 2738,1VRD070DHN1002738
289142,BC1000XL: 35815,1VRY11193N1035815
289143,S925TX: 5208,1VRL0705EN1005208
289144,CTX100: 3724,1VRZ080HAN1003724
289146,CTX100: 3722,1VRZ080HCN1003722
289147,BC1000XL: 35816,1VRY11195N1035816
289148,S925TX: 5210,1VRL0705HN1005210
289149,RTX250: 2739,1VRD070DEN1002739
289150,BC1000XL: 35817,1VRY11197N1035817
289151,BC1000XL: 35825,1VRY11196N1035825
289154,S925TX: 5214,1VRL0705PN1005214
289157,SC70TX: 1741,1VRK1203PN1001741
289158,S925TX: 5216,1VRL0705JN1005216
289159,S450TX: 2195,1VRD060BLN1002195
289160,BC1000XL: 35826,1VRY11198N1035826
289161,SC362: 4622,1VRF112YLN1004622
289162,RTX250: 2741,1VRD070DHN1002741
289163,BC1000XL: 35795,1VRY11191N1035795
289164,BC1500: 12576,1VR2181V1N1012576
289165,SC362: 4623,1VRF112YHN1004623
289166,S925TX: 5217,1VRL0705CN1005217
289168,CTX100: 3720,1VRZ080HKN1003720
289169,S450TX: 2196,1VRD060BHN1002196
289170,D23X30III: 2475,1VRN2007VN1002475
289171,RTX250: 2742,1VRD070DEN1002742
289172,S925TX: 5218,1VRL0705VN1005218
289175,S925TX: 5219,1VRL0705AN1005219
289176,BC1000XL: 35638,1VRY11197N1035638
289177,RTX200: 1579,1VR6071RPN1001579
289179,S450TX: 2197,1VRD060BEN1002197
289180,S925TX: 5220,1VRL0705CN1005220
289181,RTX250: 2743,1VRD070DCN1002743
289182,BC1000XL: 35827,1VRY1119XN1035827
289183,SC362: 4621,1VRF112YAN1004621
289184,SC70TX: 1742,1VRK1203KN1001742
289185,D24X40III: 2620,1VRX200FKN1002620
289187,D20X22III: 3000,1VRA170VTN1003000
289188,RTX250: 2744,1VRD070DTN1002744
289189,S925TX: 5221,1VRL0705VN1005221
289190,BC1800XL: 10410,1VRY151Z7N1010410
289192,BC1000XL: 35829,1VRY11193N1035829
289193,SC292: 2139,1VRF102YCN1002139
289195,RTX250: 2745,1VRD070DPN1002745
289196,SC362: 4624,1VRF112YEN1004624
289197,S925TX: 5222,1VRL0705AN1005222
289198,BC1000XL: 35830,1VRY1119XN1035830
289199,BC1000XL: 35446,1VRY11190M1035446
289200,S925TX: 5223,1VRL0705LN1005223
289201,BC1500: 12577,1VR2181V3N1012577
289202,BC700XL: 4704,1VRC101V2N1004704
289208,BC1000XL: 35831,1VRY11191N1035831
289209,S925TX: 5224,1VRL0705HN1005224
289210,BC1000XL: 35780,1VRY1119XN1035780
289211,D24X40III: 2621,1VRX200FJN1002621
289212,SC30TX: 4493,1VRC070NHN1004493
289213,S925TX: 5225,1VRL0705EN1005225
289214,BC1000XL: 35818,1VRY11199N1035818
289215,S925TX: 5226,1VRL0705CN1005226
289216,T755III: 611,1VR2180REN1000611
289219,BC1000XL: 35781,1VRY11191N1035781
289220,BC1500: 12579,1VR2181V7N1012579
289221,S925TX: 5227,1VRL0705TN1005227
289222,RTX250: 2746,1VRD070DKN1002746
289223,RTX250: 2747,1VRD070DJN1002747
289224,S925TX: 5228,1VRL0705PN1005228
289225,BC1000XL: 35819,1VRY11190N1035819
289226,BC700XL: 4705,1VRC101V4N1004705
289227,S925TX: 5229,1VRL0705KN1005229
289228,S925TX: 5212,1VRL0705CN1005212
289229,SC382: 1456,1VRU112BKN1001456
289230,SC552: 1121,1VR9132UPN1001121
289232,S925TX: 5230,1VRL0705TN1005230
289233,RTX250: 2748,1VRD070DCN1002748
289234,BC1000XL: 35820,1VRY11197N1035820
289236,S450TX: 2198,1VRD060BCN1002198
289237,CTX100: 3721,1VRZ080HJN1003721
289238,D100X140S3: 316,1VRB360WVN1000316
289243,D23X30III: 2476,1VRN2007AN1002476
289244,S925TX: 5231,1VRL0705PN1005231
289245,BC1000XL: 35821,1VRY11199N1035821
289246,D10X15III: 2573,1VRA130VCN1002573
289247,BC1500: 12584,1VR2181V0N1012584
289248,SC362: 4625,1VRF112YCN1004625
289249,RTX250: 2749,1VRD070DVN1002749
289251,SC362: 4626,1VRF112YTN1004626
289252,CTX160: 885,1VR3080MJN1000885
289253,RTX250: 2750,1VRD070DJN1002750
289256,S925TX: 5232,1VRL0705KN1005232
289257,SC382: 1457,1VRU112BJN1001457
289259,S925TX: 5233,1VRL0705JN1005233
289260,BC1000XL: 35822,1VRY11190N1035822
289261,BC700XL: 4706,1VRC101V6N1004706
289262,D24X40III: 2622,1VRX200FCN1002622
289265,BC1500: 12571,1VR2181V2N1012571
289266,BC1000XL: 35824,1VRY11194N1035824
289267,CTX100: 3725,1VRZ080HLN1003725
289268,RTX250: 2751,1VRD070DCN1002751
289272,S925TX: 5234,1VRL0705CN1005234
289273,SC362: 4627,1VRF112YPN1004627
289274,SC802: 4056,1VR2151J7N1004056
289275,CTX160: 886,1VR3080MCN1000886
289276,BC700XL: 4707,1VRC101V8N1004707
289277,LP873SGT: 2120,5HZBF1929KLAK2120
289278,D20X22III: 3001,1VRA170VPN1003001
289279,S925TX: 5235,1VRL0705VN1005235
289280,RTX450: 6185,1VR4202UAN1006185
289281,RTX250: 2752,1VRD070DVN1002752
289282,SC362: 4628,1VRF112YKN1004628
289283,S925TX: 5236,1VRL0705AN1005236
289284,SC382: 1458,1VRU112BCN1001458
289285,D40X55III: 1729,1VRY240GKN1001729
289286,CTX100: 3726,1VRZ080HHN1003726
289287,BC1000XL: 35650,1VRY11198N1035650
289288,RTX250: 2753,1VRD070DAN1002753
289289,BC1500: 12575,1VR2181VXN1012575
289290,S925TX: 5237,1VRL0705LN1005237
289292,D23X30III: 2477,1VRN2007LN1002477
289293,CTX160: 887,1VR3080MVN1000887
289294,RTX200: 1580,1VR6071RCN1001580
289297,D10X15III: 2574,1VRA130VVN1002574
289299,D24X40III: 2623,1VRX200FVN1002623
289300,D40X55III: 1730,1VRY240GTN1001730
289302,S925TX: 5238,1VRL0705HN1005238
289303,SC362: 4629,1VRF112YJN1004629
289304,D20X22III: 3002,1VRA170VKN1003002
289305,RTX250: 2754,1VRD070DLN1002754
289306,CTX100: 3727,1VRZ080HEN1003727
289307,BC700XL: 4708,1VRC101VXN1004708
289309,S925TX: 5239,1VRL0705EN1005239
289311,RTX250: 2755,1VRD070DHN1002755
289312,SC70TX: 1743,1VRK1203JN1001743
289313,S925TX: 5240,1VRL0705LN1005240
289321,D23X30III: 2478,1VRN2007HN1002478
289322,D10X15III: 2575,1VRA130VAN1002575
289323,CTX100: 3728,1VRZ080HCN1003728
289324,BC700XL: 4709,1VRC101V1N1004709
289325,SC362: 4630,1VRF112YPN1004630
289331,SC382: 1459,1VRU112BVN1001459
289333,D24X40III: 2624,1VRX200FAN1002624
289334,BC1800XL: 10421,1VRY151Z1N1010421
289335,RTX250: 2756,1VRD070DEN1002756
289336,CTX160: 888,1VR3080MAN1000888
289337,S925TX: 5242,1VRL0705EN1005242
289338,S925TX: 5241,1VRL0705HN1005241
289341,HG6000: 3012,1VRY39313N1003012
289342,CTX100: 3729,1VRZ080HTN1003729
289343,SPX25: 1654,1VR9070UCN1001654
289344,SC70TX: 1744,1VRK1203CN1001744
289345,S925TX: 5243,1VRL0705CN1005243
289346,BC1200XL: 6135,1VR7141Y6N1006135
289347,TG7000: 2025,1VRY46368N1002025
289348,RTX250: 2757,1VRD070DCN1002757
289349,CTX100: 3730,1VRZ080HEN1003730
289351,D8X12: 1096,1VR7130SJN1001096
289352,D20X22III: 3003,1VRA170VJN1003003
289354,BC1500: 12572,1VR2181V4N1012572
289356,S925TX: 5244,1VRL0705TN1005244
289358,S925TX: 5245,1VRL0705PN1005245
289360,SC362: 4632,1VRF112YJN1004632
289361,SC362: 4633,1VRF112YCN1004633
289362,SC30TX: 4495,1VRC070NCN1004495
289363,CTX160: 889,1VR3080MLN1000889
289364,SC362: 4631,1VRF112YKN1004631
289365,BC1800XL: 10422,1VRY151Z3N1010422
289366,SC292: 2140,1VRF102YHN1002140
289368,S925TX: 5246,1VRL0705KN1005246
289369,RTX250: 2758,1VRD070DTN1002758
289370,RTX250: 2759,1VRD070DPN1002759
289371,CTX100: 3731,1VRZ080HCN1003731
289372,BC700XL: 4710,1VRC101V8N1004710
289373,S925TX: 5247,1VRL0705JN1005247
289374,CTX100: 3732,1VRZ080HTN1003732
289375,SC70TX: 1745,1VRK1203VN1001745
289376,BC1800XL: 10423,1VRY151Z5N1010423
289377,D10X15III: 2576,1VRA130VLN1002576
289379,RTX250: 2760,1VRD070DCN1002760
289380,SC362: 4634,1VRF112YVN1004634
289381,SC362: 4635,1VRF112YAN1004635
289382,BC1000XL: 35790,1VRY11192N1035790
289383,SC362: 4636,1VRF112YLN1004636
289384,S450TX: 2199,1VRD060BTN1002199
289385,D40X55III: 1731,1VRY200GAN1001731
289386,SC362: 4637,1VRF112YHN1004637
289387,SC362: 4638,1VRF112YEN1004638
289388,S925TX: 5248,1VRL0705CN1005248
289389,SC362: 4639,1VRF112YCN1004639
289391,SC362: 4640,1VRF112YHN1004640
289392,BC1000XL: 35847,1VRY11195N1035847
289394,78W112300337,LHP-ASSETID-289394
289395,78W112300344,LHP-ASSETID-289395
289396,78W112300345,LHP-ASSETID-289396
289397,78W112450083,LHP-ASSETID-289397
289398,78W112450186,LHP-ASSETID-289398
289399,SC362: 4641,1VRF112YEN1004641
289400,RTX250: 2761,1VRD070DTN1002761
289401,SC362: 4642,1VRF112YCN1004642
289403,BC1000XL: 35848,1VRY11197N1035848
289404,RTX250: 2762,1VRD070DPN1002762
289405,SC852: 2082,1VR7122LTN1002082
289409,BC1000XL: 35849,1VRY11199N1035849
289410,CTX100: 3733,1VRZ080HPN1003733
289411,BC700XL: 4711,1VRC101VXN1004711
289412,S925TX: 5249,1VRL0705VN1005249
289414,BC1000XL: 35850,1VRY11195N1035850
289415,CTX100: 3734,1VRZ080HKN1003734
289418,BC1000XL: 35851,1VRY11197N1035851
289420,CTX160: 891,1VR3080MAN1000891
289424,D20X22III: 3004,1VRA170VCN1003004
289425,BC1000XL: 35852,1VRY11199N1035852
289427,BC1000XL: 35853,1VRY11190N1035853
289429,D10X15III: 2577,1VRA130VHN1002577
289430,CTX100: 3735,1VRZ080HJN1003735
289431,BC1500: 12580,1VR2181V3N1012580
289432,BC700XL: 4712,1VRC101V1N1004712
289433,BC1800XL: 10425,1VRY151Z9N1010425
289435,SC70TX: 1746,1VRK1203AN1001746
289438,BC1000XL: 35845,1VRY11191N1035845
289439,SC30TX: 4494,1VRC070NEN1004494
289440,BC1800XL: 10424,1VRY151Z7N1010424
289441,D40X55III: 1732,1VRY200GLN1001732
289442,SC30TX: 4496,1VRC070NTN1004496
289443,RTX250: 2763,1VRD070DKN1002763
289444,BC1500: 12581,1VR2181V5N1012581
289445,BC1500: 12582,1VR2181V7N1012582
289446,D40X55DRS3: 1053,1VR3240MJN1001053
289456,BC1000XL: 35858,1VRY1119XN1035858
289459,BC1000XL: 35859,1VRY11191N1035859
289460,S925TX: 5250,1VRL0705JN1005250
289461,RTX250: 2764,1VRD070DJN1002764
289462,BC1000XL: 35860,1VRY11198N1035860
289464,BC1000XL: 35844,1VRY1119XN1035844
289465,BC1000XL: 35842,1VRY11196N1035842
289466,BC1000XL: 35846,1VRY11193N1035846
289467,BC700XL: 4713,1VRC101V3N1004713
289468,BC1000XL: 35843,1VRY11198N1035843
289469,BC1000XL: 35837,1VRY11192N1035837
289470,RTX250: 2765,1VRD070DCN1002765
289471,BC1000XL: 35794,1VRY1119XN1035794
289472,D20X22III: 3005,1VRA170VVN1003005
289474,D24X40III: 2625,1VRX200FLN1002625
289475,RTX250: 2740,1VRD070DLN1002740
289476,SC552: 1108,1VR9132UAM1001108
289478,BC700XL: 4714,1VRC101V5N1004714
289480,BC1000XL: 35793,1VRY11198N1035793
289481,D24X40III: 2626,1VRX200FHN1002626
289483,BC1000XL: 35838,1VRY11194N1035838
289502,T1655III: 513,1VRC320CVM1000513
289504,T1655III: 514,1VRC320CAM1000514
289523,SC362: 4643,1VRF112YTN1004643
289524,D10X15III: 2578,1VRA130VEN1002578
289525,SC362: 4644,1VRF112YPN1004644
289526,SC362: 4645,1VRF112YKN1004645
289527,SC362: 4646,1VRF112YJN1004646
289528,SC362: 4647,1VRF112YCN1004647
289529,D20X22III: 3006,1VRA170VAN1003006
289530,SC362: 4648,1VRF112YVN1004648
289531,BC1000XL: 35785,1VRY11199N1035785
289533,SC292: 2141,1VRF102YEN1002141
289534,Geometris Test 0347,1VRXXXXXXXXXX0347
289535,BC1800XL: 10429,1VRY151Z6N1010429
289536,SC30TX: 4497,1VRC070NPN1004497
289537,RTX1250I2: 582,1VRR1329JN1000582
289538,BC1000XL: 35823,1VRY11192N1035823
289539,BC1000XL: 35801,1VRY11193N1035801
289540,D40X55III: 1733,1VRY200GHN1001733
289541,S450TX: 2200,1VRD060BLN1002200
289542,D10X15III: 2579,1VRA130VCN1002579
289545,SC70TX: 3001,1VRK1203HN1003001
289548,HG6800TX: 1036,1VRK4804VN1001036
289550,D24X40III: 2627,1VRX200FEN1002627
289552,S450TX: 2202,1VRD060BEN1002202
289556,RTX250: 2766,1VRD070DVN1002766
289561,BC1000XL: 35874,1VRY11198N1035874
289562,SC70TX: 3002,1VRK1203EN1003002
289563,RTX200: 1581,1VR6071RTN1001581
289564,SC362: 4650,1VRF112YCN1004650
289565,SC382: 1460,1VRU112BJN1001460
289566,SC292: 2142,1VRF102YCN1002142
289567,D20X22III: 3007,1VRA170VLN1003007
289569,SC292: 2143,1VRF102YTN1002143
289578,BC1000XL: 35840,1VRY11192N1035840
289579,SC362: 4651,1VRF112YVN1004651
289581,BC1000XL: 35875,1VRY1119XN1035875
289582,SC362: 4652,1VRF112YAN1004652
289583,D24X40III: 2628,1VRX200FCN1002628
289585,SC362: 4653,1VRF112YLN1004653
289586,SC362: 4654,1VRF112YHN1004654
289587,SC552: 1123,1VR9132UJN1001123
289588,D10X15III: 2580,1VRA130VHN1002580
289589,D40X55III: 1734,1VRY200GEN1001734
289590,RTX200: 1582,1VR6071RPN1001582
289593,RTX1250I2: 586,1VRR1329LN1000586
289594,78W112300155,LHP-ASSETID-289594
289595,78W112300166,LHP-ASSETID-289595
289596,78W112300175,LHP-ASSETID-289596
289597,BC1000XL: 35724,1VRY11190N1035724
289598,S450TX: 2201,1VRD060BHN1002201
289599,D24X40III: 2629,1VRX200FTN1002629
289600,RTX200: 1583,1VR6071RKN1001583
289601,BC1000XL: 35791,1VRY11194N1035791
289602,SC70TX: 3003,1VRK1203CN1003003
289605,BC1500: 12585,1VR2181V2N1012585
289606,BC1500: 12583,1VR2181V9N1012583
289607,BC1500: 12589,1VR2181VXN1012589
289613,BC1000XL: 35881,1VRY11195N1035881
289614,D23X30III: 2479,1VRN2007EN1002479
289615,SC362: 4655,1VRF112YEN1004655
289616,RTX200: 1584,1VR6071RJN1001584
289617,D20X22III: 3008,1VRA170VHN1003008
289618,SC292: 2144,1VRF102YPN1002144
289620,SC382: 1461,1VRU112BCN1001461
289621,SC382: 1462,1VRU112BVN1001462
289623,BC1000XL: 35836,1VRY11190N1035836
289624,SC30TX: 4498,1VRC070NKN1004498
289627,SC70TX: 3004,1VRK1203TN1003004
289628,RTX1250I2: 587,1VRR1329HN1000587
289630,BC1000XL: 35636,1VRY11193N1035636
289631,SC30TX: 4499,1VRC070NJN1004499
289634,BC1000XL: 35839,1VRY11196N1035839
289635,BC1000XL: 35803,1VRY11197N1035803
289636,BC1000XL: 35786,1VRY11190N1035786
289637,BC1000XL: 35792,1VRY11196N1035792
289638,D24X40III: 2630,1VRX200FEN1002630
289639,BC1800XL: 10434,1VRY151ZXN1010434
289640,BC1000XL: 35841,1VRY11194N1035841
289641,RTX450: 6191,1VR4202UEN1006191
289643,RTX250: 2767,1VRD070DAN1002767
289644,HG6000: 3013,1VRY39315N1003013
289645,D40X55III: 1735,1VRY200GCN1001735
289646,BC1500: 12592,1VR2181VXN1012592
289647,RTX250: 2768,1VRD070DLN1002768
289648,BC1500: 12591,1VR2181V8N1012591
289651,SC382: 1463,1VRU112BAN1001463
289652,SC30TX: 4500,1VRC070NCN1004500
289657,SC802: 4057,1VR2151J9N1004057
289659,D24X40III: 2631,1VRX200FCN1002631
289660,D20X22III: 3009,1VRA170VEN1003009
289661,BC900XL: 3674,1VR712168M1003674
289662,BC900XL: 3670,1VR712160M1003670
289663,RTX250: 2769,1VRD070DHN1002769
289665,BC900XL: 3679,1VR712165N1003679
289666,BC1800XL: 10435,1VRY151Z1N1010435
289667,TG7000: 2020,1VRY46360M1002020
289670,RTX250: 2770,1VRD070DAN1002770
289671,BC900XL: 3681,1VR712163N1003681
289672,SC30TX: 4501,1VRC070NTN1004501
289673,BC900XL: 3678,1VR712163N1003678
289674,SC70TX: 3005,1VRK1203PN1003005
289677,RTX250: 2771,1VRD070DLN1002771
289679,T555III: 1525,1VR2150WPN1001525
289680,BC900XL: 3671,1VR712162M1003671
289681,BC900XL: 3673,1VR712166M1003673
289685,SC30TX: 4502,1VRC070NPN1004502
289689,BC900XL: 3677,1VR712163M1003677
289690,D8X12: 1097,1VR7130SCN1001097
289692,SC852: 2083,1VR7122LPN1002083
289693,D23X30DRS3: 1079,1VRJ2103JN1001079
289694,BC1500: 12593,1VR2181V1N1012593
289696,S450TX: 2203,1VRD060BCN1002203
289697,BC900XL: 3669,1VR712164M1003669
289698,SC30TX: 4503,1VRC070NKN1004503
289699,D10X15III: 2581,1VRA130VEN1002581
289700,BC900XL: 3672,1VR712164M1003672
289701,SC30TX: 4504,1VRC070NJN1004504
289702,D24X40III: 2632,1VRX200FTN1002632
289703,BC900XL: 3675,1VR71216XM1003675
289704,BC1800XL: 10437,1VRY151Z5N1010437
289705,BC1800XL: 10405,1VRY151Z3N1010405
289708,SC70TX: 3006,1VRK1203KN1003006
289709,RTX250: 2772,1VRD070DHN1002772
289710,BC1800XL: 10438,1VRY151Z7N1010438
289711,BC900XL: 3676,1VR712161M1003676
289712,D20X22III: 3010,1VRA170VLN1003010
289713,BC1200XL: 6139,1VR7141Y3N1006139
289714,BC1000XL: 35896,1VRY11197N1035896
289715,BC1000XL: 35897,1VRY11199N1035897
289716,BC1500: 12594,1VR2181V3N1012594
289717,BC1500: 12595,1VR2181V5N1012595
289718,D40X55III: 1736,1VRY240GAN1001736
289719,S450TX: 2204,1VRD060BTN1002204
289720,BC700XL: 4724,1VRC101V8N1004724
289722,SC30TX: 4505,1VRC070NCN1004505
289723,D10X15III: 2582,1VRA130VCN1002582
289724,SC30TX: 4506,1VRC070NVN1004506
289725,BC700XL: 4725,1VRC101VXN1004725
289726,D20X22III: 3011,1VRA170VHN1003011
289731,RTX250: 2773,1VRD070DEN1002773
289732,BC1000XL: 35900,1VRY11195N1035900
289733,RTX250: 2774,1VRD070DCN1002774
289734,BC700XL: 4726,1VRC101V1N1004726
289735,BC1000XL: 35902,1VRY11199N1035902
289736,D40X55III: 1737,1VRY200GPN1001737
289737,SC30TX: 4507,1VRC070NAN1004507
289740,BC1000XL: 35903,1VRY11190N1035903
289741,BC1800XL: 10440,1VRY151Z5N1010440
289742,BC1500: 12596,1VR2181V7N1012596
289743,BC1000XL: 35898,1VRY11190N1035898
289744,SC70TX: 3007,1VRK1203JN1003007
289760,BC1000XL: 35904,1VRY11192N1035904
289761,RTX250: 2775,1VRD070DTN1002775
289762,D10X15III: 2583,1VRA130VTN1002583
289765,RTX250: 2776,1VRD070DPN1002776
289766,BC1000XL: 35905,1VRY11194N1035905
289771,BC1500: 12598,1VR2181V0N1012598
289772,SC30TX: 4508,1VRC070NLN1004508
289773,BC1500: 12599,1VR2181V2N1012599
289776,SC70TX: 3008,1VRK1203CN1003008
289777,D24X40III: 2633,1VRX200FPN1002633
289778,BC1000XL: 35907,1VRY11198N1035907
289783,RTX250: 2777,1VRD070DKN1002777
289796,BC1000XL: 35908,1VRY1119XN1035908
289797,SC30TX: 4510,1VRC070NAN1004510
289798,RTX250: 2778,1VRD070DJN1002778
289800,D24X40III: 2634,1VRX200FKN1002634
289801,D20X22III: 3012,1VRA170VEN1003012
289803,SC30TX: 4511,1VRC070NLN1004511
289804,BC1200XL: 6137,1VR7141YXN1006137
289805,BC1800XL: 10442,1VRY151Z9N1010442
289806,BC1500: 12601,1VR2181V7N1012601
289810,RTX250: 2779,1VRD070DCN1002779
289811,D10X15III: 2584,1VRA130VPN1002584
289812,BC1500: 12600,1VR2181V5N1012600
289813,BC1200XL: 6136,1VR7141Y8N1006136
289815,SC70TX: 3009,1VRK1203VN1003009
289816,BC700XL: 4729,1VRC101V7N1004729
289817,BC1800XL: 10443,1VRY151Z0N1010443
289821,D40X55III: 1738,1VRY200GKN1001738
289822,D23X30III: 2480,1VRN2007LN1002480
289823,SC30TX: 4512,1VRC070NHN1004512
289824,SC70TX: 3010,1VRK1203JN1003010
289827,SC30TX: 4513,1VRC070NEN1004513
289830,D100X140S3: 317,1VRB360WAN1000317
289831,D60X90S3: 1023,1VRJ2903LN1001023
289835,RTX250: 2781,1VRD070DJN1002781
289836,D220X500S3: 104,1VR4500NEN1000104
289837,D20X22III: 3013,1VRA170VCN1003013
289838,RTX250: 2780,1VRD070DKN1002780
289839,BC700XL: 4730,1VRC101V3N1004730
289841,D23X30III: 2481,1VRN2007HN1002481
289846,BC700XL: 4731,1VRC101V5N1004731
289847,SC552: 1124,1VR9132UCN1001124
289851,SC30TX: 4509,1VRC070NHN1004509
289854,BC1000XL: 35428,1VRY11199M1035428
289856,D10X15III: 2585,1VRA130VKN1002585
289857,D24X40III: 2635,1VRX200FJN1002635
289858,BC1200XL: 6141,1VR7141Y1N1006141
289860,SC30TX: 4514,1VRC070NCN1004514
289862,BC1000XL: 35668,1VRY11195N1035668
289865,SC70TX: 3011,1VRK1203CN1003011
289866,S450TX: 2205,1VRD060BPN1002205
289867,BC700XL: 4732,1VRC101V7N1004732
289871,SC30TX: 4515,1VRC070NTN1004515
289873,HG6800TX: 1037,1VRK4804AN1001037
289874,D20X22III: 3014,1VRA170VTN1003014
289875,SC30TX: 4516,1VRC070NPN1004516
289882,RTX250: 2782,1VRD070DCN1002782
289883,RTX250: 2783,1VRD070DVN1002783
289892,D24X40III: 2636,1VRX200FCN1002636
289894,SC70TX: 3012,1VRK1203VN1003012
289899,BC700XL: 4734,1VRC101V0N1004734
289901,D10X15III: 2586,1VRA130VJN1002586
289902,BC1200XL: 6142,1VR7141Y3N1006142
289903,BC700XL: 4733,1VRC101V9N1004733
289910,D40X55III: 1739,1VRY200GJN1001739
289911,S450TX: 2206,1VRD060BKN1002206
289913,BC1000XL: 35931,1VRY11195N1035931
289915,RTX200: 1586,1VR6071RVN1001586
289916,BC1000XL: 35932,1VRY11197N1035932
289917,BC1000XL: 35933,1VRY11199N1035933
289918,SC852: 2084,1VR7122LKN1002084
289920,RTX250: 2784,1VRD070DAN1002784
289921,RTX250: 2785,1VRD070DLN1002785
289922,SC30TX: 4517,1VRC070NKN1004517
289924,SC30TX: 4518,1VRC070NJN1004518
289925,D8X12: 1098,1VR7130SVN1001098
289926,SC802: 4058,1VR2151J0N1004058
289927,D23X30III: 2482,1VRN2007EN1002482
289929,SC70TX: 3013,1VRK1203AN1003013
289931,S450TX: 2207,1VRD060BJN1002207
289932,D23X30III: 2483,1VRN2007CN1002483
289946,RTX200: 1587,1VR6071RAN1001587
289947,TG5000: 2011,1VR246306N1002011
289948,RTX250: 2786,1VRD070DHN1002786
289949,D20X22III: 3015,1VRA170VPN1003015
289951,D20X22III: 3016,1VRA170VKN1003016
289952,BC1000XL: 35934,1VRY11190N1035934
289953,D10X15III: 2587,1VRA130VCN1002587
289956,SC30TX: 4520,1VRC070NKN1004520
289957,SC552: 1125,1VR9132UVN1001125
289961,BC1200XL: 6143,1VR7141Y5N1006143
289966,SC70TX: 3014,1VRK1203LN1003014
289967,RTX250: 2788,1VRD070DCN1002788
289968,D24X40III: 2637,1VRX200FVN1002637
289970,D10X15III: 2588,1VRA130VVN1002588
289971,RTX250: 2789,1VRD070DTN1002789
289972,SC802: 4059,1VR2151J2N1004059
289973,D24X40III: 2638,1VRX200FAN1002638
289974,RTX250: 2790,1VRD070DEN1002790
289975,RTX450: 6198,1VR4202UVN1006198
289977,BC1000XL: 35935,1VRY11192N1035935
289978,CS3500: 99,1VRN37174MF000099
289980,D20X22III: 3017,1VRA170VJN1003017
289981,RTX250: 2787,1VRD070DEN1002787
289982,SC852: 2085,1VR7122LJN1002085
289983,RTX250: 2791,1VRD070DCN1002791
289985,RTX250: 2792,1VRD070DTN1002792
289992,D24X40III: 2639,1VRX200FLN1002639
289993,SC70TX: 3015,1VRK1203HN1003015
289995,D10X15III: 2589,1VRA130VAN1002589
289996,BC700XL: 4745,1VRC101V5N1004745
289998,D24X40III: 2640,1VRX200FVN1002640
289999,RTX250: 2793,1VRD070DPN1002793
290000,SC70TX: 3016,1VRK1203EN1003016
290016,BC700XL: 4746,1VRC101V7N1004746
290017,D20X22III: 3018,1VRA170VCN1003018
290018,BC1200XL: 6144,1VR7141Y7N1006144
290020,S450TX: 2209,1VRD060BVN1002209
290021,RTX250: 2796,1VRD070DCN1002796
290022,BC1800XL: 10453,1VRY151Z3N1010453
290025,BC1000XL: 35955,1VRY11198N1035955
290026,BC1000XL: 35956,1VRY1119XN1035956
290027,D40X55III: 1740,1VRY200GPN1001740
290029,BC1800XL: 10418,1VRY151Z1N1010418
290030,BC1000XL: 35957,1VRY11191N1035957
290033,SC70TX: 3017,1VRK1203CN1003017
290035,T655III: 651,1VR7160GEN1000651
290036,BC1800XL: 10454,1VRY151Z5N1010454
290039,D10X15III: 2590,1VRA130VCN1002590
290042,SC802: 4060,1VR2151J9N1004060
290043,SC70TX: 3018,1VRK1203TN1003018
290044,D40X55DRS3: 1054,1VR3240MCN1001054
290046,RTX250: 2797,1VRD070DVN1002797
290047,BC1800XL: 10455,1VRY151Z7N1010455
290048,D24X40III: 2641,1VRX200FAN1002641
290049,HG6800TX: 1038,1VRK4804LN1001038
290050,D20X22III: 3019,1VRA170VVN1003019
290052,BC1200XL: 6145,1VR7141Y9N1006145
290067,RTX250: 2794,1VRD070DKN1002794
290072,BC1800XL: 10456,1VRY151Z9N1010456
290074,S450TX: 2210,1VRD060BJN1002210
290075,D24X40III: 2642,1VRX200FLN1002642
290076,BC1000XL: 35960,1VRY11191N1035960
290077,BC1000XL: 35961,1VRY11193N1035961
290078,BC1000XL: 35962,1VRY11195N1035962
290079,BC1000XL: 35963,1VRY11197N1035963
290080,BC1000XL: 35964,1VRY11199N1035964
290086,S450TX: 2211,1VRD060BCN1002211
290088,BC1000XL: 35965,1VRY11190N1035965
290097,SC552: 1126,1VR9132UAN1001126
290098,D23X30III: 2484,1VRN2007TN1002484
290121,D20X22III: 3020,1VRA170VJN1003020
290122,T755III: 612,1VR2180RCN1000612
290123,SC70TX: 3019,1VRK1203PN1003019
290125,D10X15III: 2591,1VRA130VVN1002591
290126,RTX200: 1588,1VR6071RLN1001588
290128,D10X15III: 2592,1VRA130VAN1002592
290134,D23X30III: 2464,1VRN2007HN1002464
290135,RTX200: 1589,1VR6071RHN1001589
290137,SC70TX: 3020,1VRK1203CN1003020
290144,D20X22III: 3021,1VRA170VCN1003021
290145,RTX200: 1590,1VR6071RAN1001590
290150,D20X22III: 3022,1VRA170VVN1003022
290151,BC1000XL: 35967,1VRY11194N1035967
290163,SC802: 4061,1VR2151J0N1004061
290164,D10X15III: 2593,1VRA130VLN1002593
290167,BC700XL: 4756,1VRC101VXN1004756
290172,RTX250: 2795,1VRD070DJN1002795
290178,BC700XL: 4757,1VRC101V1N1004757
290183,D40X55III: 1741,1VRY240GHN1001741
290185,SC1052: 99,1VR7132SPM1000099
290189,BC1000XL: 35959,1VRY11195N1035959
290192,D20X22III: 3023,1VRA170VAN1003023
290194,RTX450: 6204,1VR4202UAN1006204
290195,SC70TX: 3021,1VRK1203TN1003021
290196,D24X40III: 2643,1VRX200FHN1002643
290198,BC700XL: 4758,1VRC101V3N1004758
290208,BC700XL: 4759,1VRC101V5N1004759
290213,D20X22III: 3024,1VRA170VLN1003024
290228,D23X30III: 2485,1VRN2007PN1002485
290233,RTX200: 1591,1VR6071RLN1001591
290234,D10X15III: 2594,1VRA130VHN1002594
290245,SC70TX: 3022,1VRK1203PN1003022
290246,SC70TX: 3023,1VRK1203KN1003023
290251,BC1000XL: 35899,1VRY11192N1035899
290252,BC1000XL: 35954,1VRY11196N1035954
290253,BC1000XL: 35968,1VRY11196N1035968
290254,BC1000XL: 35969,1VRY11198N1035969
290255,BC1000XL: 35971,1VRY11196N1035971
290256,BC1000XL: 35972,1VRY11198N1035972
290257,BC1000XL: 35973,1VRY1119XN1035973
290258,BC1000XL: 35974,1VRY11191N1035974
290259,BC1000XL: 35975,1VRY11193N1035975
290260,BC1000XL: 35976,1VRY11195N1035976
290261,BC1000XL: 35977,1VRY11197N1035977
290262,BC1000XL: 35978,1VRY11199N1035978
290263,BC1000XL: 35979,1VRY11190N1035979
290264,BC1000XL: 35983,1VRY11192N1035983
290265,D23X30III: 2486,1VRN2007KN1002486
290266,RTX200: 1592,1VR6071RHN1001592
290267,BC1000XL: 35984,1VRY11194N1035984
290268,BC1000XL: 35985,1VRY11196N1035985
290272,BC1000XL: 35986,1VRY11198N1035986
290273,BC1000XL: 35987,1VRY1119XN1035987
290274,D20X22III: 3025,1VRA170VHN1003025
290275,RTX200: 1593,1VR6071REN1001593
290276,BC1000XL: 35474,1VRY11195M1035474
290277,BC1000XL: 35988,1VRY11191N1035988
290279,BC1500: 12452,1VR2181V7M1012452
290280,S450TX: 2213,1VRD060BAN1002213
290281,SC852: 2086,1VR7122LCN1002086
290282,BC1000XL: 35989,1VRY11193N1035989
290283,BC1000XL: 35990,1VRY1119XN1035990
290287,BC1000XL: 35991,1VRY11191N1035991
290288,D24X40III: 2644,1VRX200FEN1002644
290290,S450TX: 2214,1VRD060BLN1002214
290291,D24X40III: 2645,1VRX200FCN1002645
290294,SC70TX: 3024,1VRK1203JN1003024
290295,D20X22III: 3026,1VRA170VEN1003026
290301,BC1000XL: 35992,1VRY11193N1035992
290307,BC1000XL: 35993,1VRY11195N1035993
290322,D24X40III: 2646,1VRX200FTN1002646
290323,BC1000XL: 35995,1VRY11199N1035995
290335,BC1200XL: 6147,1VR7141Y2N1006147
290344,BC1200XL: 6148,1VR7141Y4N1006148
290347,BC1200XL: 6149,1VR7141Y6N1006149
290348,BC1000XL: 35996,1VRY11190N1035996
290349,HG6000: 3014,1VRY39317N1003014
290350,SC70TX: 3025,1VRK1203CN1003025
290351,D24X40III: 2647,1VRX200FPN1002647
290352,S450TX: 2215,1VRD060BHN1002215
290353,S450TX: 2212,1VRD060BVN1002212
290354,BC1000XL: 35477,1VRY11190M1035477
290355,BC1000XL: 35997,1VRY11192N1035997
290356,BC1800XL: 10448,1VRY151ZXN1010448
290360,D100X140S3: 318,1VRB360WLN1000318
290364,SC70TX: 3026,1VRK1203VN1003026
290365,S925TX: 5334,1VRL0705AN1005334
290366,D20X22III: 3027,1VRA170VCN1003027
290368,SC852: 2087,1VR7122LVN1002087
290370,D8X12 SN001099,1vr7130san1001099
290371,D10X15III: 2596,1VRA130VCN1002596
290372,SC70TX: 3027,1VRK1203AN1003027
290373,BC1000XL: 35404,1VRY11196M1035404
290381,D20X22III: 3028,1VRA170VTN1003028
290382,HG6000: 3015,1VRY39319N1003015
290385,D20X22III: 3029,1VRA170VPN1003029
290386,D40X55III: 1742,1VRY240GEN1001742
290388,SC70TX: 3028,1VRK1203LN1003028
290389,RTX250: 2805,1VRD070DHN1002805
290390,BC1200XL: 6150,1VR7141Y2N1006150
290393,SC70TX: 3029,1VRK1203HN1003029
290399,D24X40III: 2648,1VRX200FKN1002648
290400,RTX250: 2806,1VRD070DEN1002806
290401,D23X30III: 2487,1VRN2007JN1002487
290403,D10X15III: 2597,1VRA130VTN1002597
290413,SC552: 1127,1VR9132ULN1001127
290416,D10X15III: 2598,1VRA130VPN1002598
290417,BC1800XL: 10471,1VRY151Z5N1010471
290419,SC362 SN004656,1VRF112YCN10046
290419,SC362: 4656,1VRF112YCN1004656
290420,SC362 SN004657,1VRF112YTN10046
290420,SC362: 4657,1VRF112YTN1004657
290421,D23X30III: 2488,1VRN2007CN1002488
290422,BC1000XL: 36014,1VRY11197N1036014
290424,SC362: 4658,1VRF112YPN1004658
290425,SC292: 2146,1VRF102YJN1002146
290426,SC292: 2145,1VRF102YKN1002145
290427,BC1000XL: 36017,1VRY11192N1036017
290428,D20X22III: 3030,1VRA170VCN1003030
290429,BC1200XL: 6151,1VR7141Y4N1006151
290430,SC552: 1128,1VR9132UHN1001128
290431,D24X40III: 2649,1VRX200FJN1002649
290435,D20X22III: 3031,1VRA170VTN1003031
290444,BC700XL: 4775,1VRC101V3N1004775
290458,BC1000XL: 36023,1VRY11198N1036023
290474,BC1000XL: 36024,1VRY1119XN1036024
290475,D23X30III: 2489,1VRN2007VN1002489
290489,D10X15III: 2599,1VRA130VKN1002599
290491,BC1000XL: 36025,1VRY11191N1036025
290492,SC362: 4659,1VRF112YKN1004659
290497,D220X500S3: 105,1VR4500NCN1000105
290506,BC1000XL: 36026,1VRY11193N1036026
290507,BC1000XL: 36027,1VRY11195N1036027
290508,RTX1250I2: 607,1VRR1329EN1000607
290509,SC70TX: 3031,1VRK1203LN1003031
290510,D20X22III: 3032,1VRA170VPN1003032
290511,RTX200: 1595,1VR6071RTN1001595
290513,D24X40III: 2650,1VRX200FPN1002650
290514,D10X15III: 2600,1VRA130VEN1002600
290515,S925TX: 5391,1VRL0705PN1005391
290517,BC1200XL: 6152,1VR7141Y6N1006152
290518,T1255III: 622,1VR230066L1000622
290519,HG6800TX: 1039,1VRK4804HN1001039
290520,SPX25: 1694,1VR9070UCN1001694
290521,CTX100: 3804,1VRZ080HVN1003804
290522,CTX100: 3802,1VRZ080HJN1003802
290524,RTX200: 1596,1VR6071RPN1001596
290527,CTX100: 3805,1VRZ080HAN1003805
290534,D23X30III: 2490,1VRN2007JN1002490
290535,BC1800XL: 10462,1VRY151Z4N1010462
290536,D20X22III: 3033,1VRA170VKN1003033
290537,ATS Test 3248 - RevG (JG-OM Team),1VRxxxxxxxxxx3248
290541,RTX200: 1597,1VR6071RKN1001597
290543,D24X40III: 2651,1VRX200FKN1002651
290544,RTX200: 1598,1VR6071RJN1001598
290545,S925TX: 5396,1VRL0705AN1005396
290551,D8X12: 1100,1VR7130SKN1001100
290552,SC70TX: 3033,1VRK1203EN1003033
290553,BC1000XL: 36037,1VRY11198N1036037
290555,BC1000XL: 36038,1VRY1119XN1036038
290556,D23X30III: 2491,1VRN2007CN1002491
290557,RTX750: 4140,1VR9112MKN1004140
290558,D23X30III: 2492,1VRN2007VN1002492
290559,D20X22III: 3034,1VRA170VJN1003034
290561,BC1000XL: 36039,1VRY11191N1036039
290562,BC1000XL: 36040,1VRY11198N1036040
290564,BC1000XL: 36041,1VRY1119XN1036041
290565,SC552: 1129,1VR9132UEN1001129
290566,SC70TX: 3034,1VRK1203CN1003034
290567,S925TX: 5399,1VRL0705EN1005399
290568,BC1000XL: 36042,1VRY11191N1036042
290570,BC1000XL: 36043,1VRY11193N1036043
290571,BC1000XL: 35651,1VRY1119XN1035651
290573,D10X15III: 2602,1VRA130VTN1002602
290574,SC70TX: 3035,1VRK1203TN1003035
290575,D23X30III: 2493,1VRN2007AN1002493
290577,D60X90S3: 1024,1VRJ2903HN1001024
290579,S925TX: 5403,1VRL0705HN1005403
290580,D20X22III: 3035,1VRA170VCN1003035
290582,T655III: 652,1VR7160GCN1000652
290584,SC802: 4062,1VR2151J2N1004062
290585,D10X15III: 2603,1VRA130VPN1002603
290586,S925TX: 5402,1VRL0705LN1005402
290591,D40X55III: 1743,1VRY240GCN1001743
290594,SC802: 4063,1VR2151J4N1004063
290595,BC1800XL: 10479,1VRY151ZXN1010479
290599,D23X30III: 2494,1VRN2007LN1002494
290600,BC1200XL: 6154,1VR7141YXN1006154
290601,AX19: 1066,1VRL1925XN1001066
290602,WC2500TX: 1011,1VRF2700EN1001011
290603,D23X30III: 2495,1VRN2007HN1002495
290605,D20X22III: 3037,1VRA170VAN1003037
290607,SC70TX: 3037,1VRK1203KN1003037
290610,SPX25: 1695,1VR9070UTN1001695
290612,D10X15III: 2604,1VRA130VKN1002604
290613,D20X22III: 3036,1VRA170VVN1003036
290614,D40X55III: 1744,1VRY240GTN1001744
290615,SC70TX: 3038,1VRK1203JN1003038
290616,D20X22III: 3038,1VRA170VLN1003038
290617,SPX25: 1697,1VR9070UKN1001697
290618,SC70TX: 3039,1VRK1203CN1003039
290619,D20X22III: 3039,1VRA170VHN1003039
290621,BC1200XL: 6155,1VR7141Y1N1006155
290625,BC1800XL: 10463,1VRY151Z6N1010463
290626,D23X30III: 2496,1VRN2007EN1002496
290627,RTX200: 1599,1VR6071RCN1001599
290628,SC70TX: 3040,1VRK1203KN1003040
290631,D23X30III: 2497,1VRN2007CN1002497
290634,D24X40III: 2652,1VRX200FJN1002652
290640,CTX160: 1508,1VR3080MLN1001508
290641,SPX25: 1698,1VR9070UJN1001698
290642,SC852: 2088,1VR7122LAN1002088
290643,D23X30III: 2498,1VRN2007TN1002498
290645,BC1000XL: 36044,1VRY11195N1036044
290646,CTX100: 4514,1VRZ080HJN1004514
290647,BC1000XL: 36085,1VRY11198N1036085
290648,SC70TX: 3041,1VRK1203JN1003041
290650,BC1000XL: 36086,1VRY1119XN1036086
290653,BC1000XL: 36087,1VRY11191N1036087
290656,BC1000XL: 36088,1VRY11193N1036088
290657,D23X30III: 2499,1VRN2007PN1002499
290658,SC70TX: 3042,1VRK1203CN1003042
290659,SPX25: 1699,1VR9070UCN1001699
290660,CTX100: 4515,1VRZ080HCN1004515
290661,SC30TX: 4559,1VRC070NCN1004559
290662,RTX750: 4145,1VR9112MLN1004145
290664,D40X55III: 1745,1VRY240GPN1001745
290665,SC30TX: 4560,1VRC070NHN1004560
290668,D23X30III: 2500,1VRN2007HN1002500
290670,D23X30III: 2501,1VRN2007EN1002501
290671,SC30TX: 4561,1VRC070NEN1004561
290672,D10X15III: 2605,1VRA130VJN1002605
290673,D24X40III: 2653,1VRX200FCN1002653
290674,BC1000XL: 36093,1VRY11197N1036093
290675,BC1000XL: 36094,1VRY11199N1036094
290676,SC30TX: 4562,1VRC070NCN1004562
290677,S925TX: 5432,1VRL0705AN1005432
290678,BC1000XL: 36095,1VRY11190N1036095
290679,RTX750: 4143,1VR9112MVN1004143
290683,SC802: 4064,1VR2151J6N1004064
290684,CTX160: 1510,1VR3080MAN1001510
290685,D23X30III: 2502,1VRN2007CN1002502
290686,D8X12: 1101,1VR7130SJN1001101
290687,BC1500: 12602,1VR2181V9N1012602
290688,CTX160: 1509,1VR3080MHN1001509
290693,CTX160: 1507,1VR3080MAN1001507
290694,S925TX: 5431,1VRL0705VN1005431
290695,CTX100: 4521,1VRZ080HLN1004521
290696,SC552: 1130,1VR9132ULN1001130
290697,D23X30III: 2503,1VRN2007TN1002503
290701,CTX100: 4522,1VRZ080HHN1004522
290703,BC1000XL: 36098,1VRY11196N1036098
290704,BC1000XL: 36097,1VRY11194N1036097
290705,SC70TX: 3043,1VRK1203VN1003043
290707,D20X22III: 3040,1VRA170VAN1003040
290712,CTX100: 4520,1VRZ080HAN1004520
290713,BC1500: 12604,1VR2181V2N1012604
290718,SC70TX: 3044,1VRK1203AN1003044
290721,D40X55III: 1746,1VRY240GKN1001746
290722,CTX160: 1515,1VR3080MTN1001515
290723,CTX160: 1514,1VR3080MCN1001514
290724,D23X30III: 2504,1VRN2007PN1002504
290726,SC802: 4065,1VR2151J8N1004065
290727,CTX160: 1516,1VR3080MPN1001516
290729,D100X140S3: 319,1VRB360WHN1000319
290737,CTX100: 4526,1VRZ080HPN1004526
290738,CTX160: 1517,1VR3080MKN1001517
290739,SC70TX: 3045,1VRK1203LN1003045
290740,D24X40III: 2654,1VRX200FVN1002654
290741,D8X12: 1102,1VR7130SCN1001102
290743,RTX200: 1600,1VR6071RTN1001600
290744,CTX100: 4525,1VRZ080HTN1004525
290745,PTX40: 1095,1VR8072TCN1001095
290747,CTX160: 1518,1VR3080MJN1001518
290748,BC1000XL: 36119,1VRY1119XN1036119
290749,SC70TX: 3046,1VRK1203HN1003046
290750,BC1200XL: 6158,1VR7141Y7N1006158
290754,CTX100: 4528,1VRZ080HJN1004528
290760,D10X15III: 2606,1VRA130VCN1002606
290765,BC1800XL: 10458,1VRY151Z2N1010458
290768,BC1800XL: 10457,1VRY151Z0N1010457
290769,SC852: 2089,1VR7122LLN1002089
290776,D10X15III: 2607,1VRA130VVN1002607
290777,BC1500: 12608,1VR2181VXN1012608
290778,BC1000XL: 36129,1VRY11192N1036129
290779,BC1000XL: 36128,1VRY11190N1036128
290784,SC30TX: 4568,1VRC070NVN1004568
290786,D23X30DRS3: 1080,1VRJ2103PN1001080
290787,SPX25: 1706,1VR9070UAN1001706
290788,BC1800XL: 10489,1VRY151Z2N1010489
290789,SC802: 4066,1VR2151JXN1004066
290792,BC1200XL: 6159,1VR7141Y9N1006159
290793,D24X40III: 2655,1VRX200FAN1002655
290794,D20X22III: 3041,1VRA170VLN1003041
290795,BC1000XL: 36120,1VRY11196N1036120
290798,PD10: 3232,1VRB100ZAN1003232
290799,SC70TX: 3047,1VRK1203EN1003047
290800,CTX160: 1519,1VR3080MCN1001519
290801,BC1800XL: 10432,1VRY151Z6N1010432
290802,SPX25: 1707,1VR9070ULN1001707
290803,BC1800XL: 10460,1VRY151Z0N1010460
290804,D40X55III: 1747,1VRY200GHN1001747
290805,T655III: 653,1VR7160GTN1000653
290806,CTX100: 4529,1VRZ080HCN1004529
290809,SC30TX: 4570,1VRC070NCN1004570
290814,S925TX: 5454,1VRL0705TN1005454
290815,D23X30III: 2505,1VRN2007KN1002505
290816,SPX25: 1705,1VR9070UVN1001705
290819,PD10R: 1133,1VRR1008LN1001133
290820,PD10: 3233,1VRB100ZLN1003233
290822,D20X22III: 3042,1VRA170VHN1003042
290823,D24X40III: 2656,1VRX200FLN1002656
290824,SC70TX: 3048,1VRK1203CN1003048
290825,SC30TX: 4569,1VRC070NAN1004569
290826,BC1800XL: 10490,1VRY151Z9N1010490
290827,BC1000XL: 36132,1VRY11192N1036132
290828,BC1000XL: 36131,1VRY11190N1036131
290829,BC1500: 12616,1VR2181V9N1012616
290830,BC1000XL: 36130,1VRY11199N1036130
290831,D20X22III: 3043,1VRA170VEN1003043
290833,BC700XL: 4808,1VRC101V3N1004808
290836,D24X40III: 2657,1VRX200FHN1002657
290837,BC1800XL: 10491,1VRY151Z0N1010491
290838,SC852: 2090,1VR7122LVN1002090
290839,AX19: 1067,1VRL19251N1001067
290840,SC30TX: 4571,1VRC070NVN1004571
290841,BC1800XL: 10466,1VRY151Z1N1010466
290842,BC1800XL: 10469,1VRY151Z7N1010469
290845,D40X55DRS3: 1055,1VR3240MVN1001055
290846,D20X22III: 3044,1VRA170VCN1003044
290847,BC1000XL: 36154,1VRY11191N1036154
290848,BC1000XL: 36155,1VRY11193N1036155
290853,D23X30III: 2506,1VRN2007JN1002506
290854,D20X22III: 3045,1VRA170VTN1003045
290855,SC70TX: 3049,1VRK1203TN1003049
290857,BC1500: 12645,1VR2181V5N1012645
290859,D24X40III: 2658,1VRX200FEN1002658
290860,PD5R: 169,1VR6120RCN1000169
290861,PD10R: 1134,1VRR1008HN1001134
290870,SC70TX: 3050,1VRK1203EN1003050
290871,D10X15III: 2608,1VRA130VAN1002608
290872,D40X55III: 1748,1VRY240GCN1001748
290874,BC1800XL: 10433,1VRY151Z8N1010433
290878,D20X22III: 3046,1VRA170VPN1003046
290881,SC552: 1131,1VR9132UHN1001131
290883,D24X40III: 2659,1VRX200FCN1002659
290891,BC1800XL: 10451,1VRY151ZXN1010451
290897,D20X22III: 3047,1VRA170VKN1003047
290898,D23X30III: 2507,1VRN2007CN1002507
290903,D24X40III: 2660,1VRX200FHN1002660
290907,D8X12: 1103,1VR7130SVN1001103
290908,SC70TX: 3051,1VRK1203CN1003051
290911,BC1800XL: 10495,1VRY151Z8N1010495
290915,D40X55III: 1749,1VRY200GCN1001749
290922,D10X15III: 2609,1VRA130VLN1002609
290924,BC1500: 12621,1VR2181V2N1012621
290926,D23X30III: 2508,1VRN2007VN1002508
290929,SC70TX: 3052,1VRK1203TN1003052
290930,BC1800XL: 10482,1VRY151ZXN1010482
290934,D20X22III: 3048,1VRA170VJN1003048
290935,PD10R: 1135,1VRR1008EN1001135
290942,D20X22III: 3049,1VRA170VCN1003049
290943,D24X40III: 2661,1VRX200FEN1002661
290945,SC852: 2091,1VR7122LAN1002091
290948,D10X15III: 2610,1VRA130VVN1002610
290950,D23X30III: 2509,1VRN2007AN1002509
290951,SC30TX: 4581,1VRC070NPN1004581
290952,SC70TX: 3053,1VRK1203PN1003053
290953,SC30TX: 4580,1VRC070NTN1004580
290957,D20X22III: 3050,1VRA170VKN1003050
290958,SC30TX: 4572,1VRC070NAN1004572
290961,D23X30III: 2510,1VRN2007CN1002510
290963,AX17: 104,1VRV192CXN1000104
290973,D20X22III: 3051,1VRA170VJN1003051
290977,RTX750: 4149,1VR9112MTN1004149
290978,T1255III: 634,1VR22906EN1000634
290979,RTX1250I2: 635,1VRR1429KN1000635
290980,BC1200XL: 6162,1VR7141Y9N1006162
290984,D100X140S3: 321,1VRB360WLN1000321
290987,TG7000: 2026,1VRY4636XN1002026
290990,RTX1250I2: 631,1VRR1429EN1000631
290991,D10X15III: 2611,1VRA130VAN1002611
290993,D24X40III: 2662,1VRX200FCN1002662
290994,HG4000G2: 102,1VRG32215N1000102
290996,SC852: 2092,1VR7122LLN1002092
290997,CTX100: 4554,1VRZ080HEN1004554
290998,TG7000: 2027,1VRY46361N1002027
290999,D20X22III: 3052,1VRA170VCN1003052
291001,BC1800XL: 10445,1VRY151Z4N1010445
291002,D23X30III: 2511,1VRN2007VN1002511
291006,CTX100: 4556,1VRZ080HTN1004556
291007,D40X55DRS3: 1056,1VR3240MAN1001056
291008,CTX100: 4559,1VRZ080HJN1004559
291009,CTX160: 1543,1VR3080MHN1001543
291010,SC70TX: 3055,1VRK1203JN1003055
291012,RTX1250I2: 615,1VRR1329JN1000615
291013,PD10R: 1136,1VRR1008CN1001136
291014,CTX100: 4558,1VRZ080HKN1004558
291015,D20X22III: 3053,1VRA170VVN1003053
291019,BC1500: 12603,1VR2181V0N1012603
291022,BC1500: 12607,1VR2181V8N1012607
291024,TG5000: 2012,1VR24020XN1002012
291025,D23X30III: 2512,1VRN2007AN1002512
291027,SC70TX: 3056,1VRK1203CN1003056
291032,D10X15III: 2612,1VRA130VLN1002612
291033,BC1200XL: 6116,1VR7141Y4M1006116
291034,D24X40III: 2663,1VRX200FTN1002663
291035,CTX100: 4557,1VRZ080HPN1004557
291036,CTX160: 1544,1VR3080MEN1001544
291037,CTX160: 1520,1VR3080MKN1001520
291038,CTX100: 4560,1VRZ080HPN1004560
291039,CTX100: 4555,1VRZ080HCN1004555
291040,CTX160: 1545,1VR3080MCN1001545
291041,CTX160: 1541,1VR3080MAN1001541
291042,CTX160: 1524,1VR3080MAN1001524
291043,BC1500: 12609,1VR2181V1N1012609
291044,BC1500: 12612,1VR2181V1N1012612
291046,CTX160: 1542,1VR3080MLN1001542
291047,BC1500: 12615,1VR2181V7N1012615
291049,BC1500: 12614,1VR2181V5N1012614
291053,BC1500: 12618,1VR2181V2N1012618
291054,PD10R: 1137,1VRR1008TN1001137
291055,D23X30DRS3: 1081,1VRJ2103KN1001081
291056,BC1000XL: 36235,1VRY11191N1036235
291058,BC1500: 12620,1VR2181V0N1012620
291059,BC1500: 12622,1VR2181V4N1012622
291060,BC1800XL: 10474,1VRY151Z0N1010474
291067,D20X22III: 3054,1VRA170VAN1003054
291069,SC30TX: 4593,1VRC070NCN1004593
291070,D40X55III: 1751,1VRY240GCN1001751
291072,D23X30III: 2513,1VRN2007LN1002513
291073,SC70TX: 3057,1VRK1203VN1003057
291077,D10X15III: 2613,1VRA130VHN1002613
291081,SC802: 4067,1VR2151J1N1004067
291083,D24X40III: 2664,1VRX200FPN1002664
291084,SC70TX: 3058,1VRK1203AN1003058
291085,BC1500: 12623,1VR2181V6N1012623
291087,BC1500: 12635,1VR2181V2N1012635
291088,SC30TX: 4595,1VRC070NPN1004595
291089,RTX1250I2: 617,1VRR1329VN1000617
291090,S925TX: 5512,1VRL0705VN1005512
291091,D23X30III: 2514,1VRN2007HN1002514
291092,BC1500: 12638,1VR2181V8N1012638
291093,D20X22III: 3055,1VRA170VLN1003055
291094,SC30TX: 4592,1VRC070NEN1004592
291095,BC1500: 12637,1VR2181V6N1012637
291096,BC1500: 12639,1VR2181VXN1012639
291097,SC552: 1132,1VR9132UEN1001132
291101,SC30TX: 4594,1VRC070NTN1004594
291102,D10X15III: 2614,1VRA130VEN1002614
291103,D24X40III: 2665,1VRX200FKN1002665
291104,BC1500: 12642,1VR2181VXN1012642
291105,BC1500: 12643,1VR2181V1N1012643
291106,PD10R: 1138,1VRR1008PN1001138
291107,BC1500: 12644,1VR2181V3N1012644
291108,SC70TX: 3059,1VRK1203LN1003059
291110,D20X22III: 3056,1VRA170VHN1003056
291111,D23X30III: 2515,1VRN2007EN1002515
291112,BC1500: 12646,1VR2181V7N1012646
291114,RTX1250I2: 618,1VRR1329AN1000618
291116,SC70TX: 3060,1VRK1203VN1003060
291118,BC1500: 12650,1VR2181V9N1012650
291119,BC1500: 12649,1VR2181V2N1012649
291126,D10X15III: 2615,1VRA130VCN1002615
291128,S925TX: 5514,1VRL0705LN1005514
291131,BC1500: 12657,1VR2181V1N1012657
291132,BC1800XL: 10475,1VRY151Z2N1010475
291133,S925TX: 5471,1VRL0705TN1005471
291134,D24X40III: 2666,1VRX200FJN1002666
291135,AX17: 105,1VRV192C1N1000105
291138,SC30TX: 4600,1VRC070NPN1004600
291139,D20X22III: 3057,1VRA170VEN1003057
291140,BC1000XL: 36149,1VRY11198N1036149
291141,BC1000XL: 36153,1VRY1119XN1036153
291142,BC1000XL: 36152,1VRY11198N1036152
291143,BC1000XL: 36229,1VRY11196N1036229
291144,BC1000XL: 36230,1VRY11192N1036230
291145,BC1000XL: 36148,1VRY11196N1036148
291146,D10X15III: 2616,1VRA130VTN1002616
291147,BC1200XL: 6164,1VR7141Y2N1006164
291148,D24X40III: 2667,1VRX200FCN1002667
291154,PD10: 3254,1VRB100ZTN1003254
291157,SC70TX: 3061,1VRK1203AN1003061
291164,D40X55III: 1752,1VRY200GCN1001752
291165,S925TX: 5519,1VRL0705PN1005519
291178,S925TX: 5518,1VRL0705TN1005518
291180,BC1500: 12653,1VR2181V4N1012653
291182,RTX1250I2: 619,1VRR1329LN1000619
291183,BC1500: 12633,1VR2181V9N1012633
291184,D23X30III: 2516,1VRN2007CN1002516
291185,BC1800XL: 10480,1VRY151Z6N1010480
291186,BC1500: 12625,1VR2181VXN1012625
291188,S925TX: 5517,1VRL0705CN1005517
291189,D10X15III: 2617,1VRA130VPN1002617
291191,SC70TX: 3062,1VRK1203LN1003062
291192,D20X22III: 3058,1VRA170VCN1003058
291194,BC1500: 12632,1VR2181V7N1012632
291196,D24X40III: 2668,1VRX200FVN1002668
291197,D20X22III: 3059,1VRA170VTN1003059
291207,BC1000XL: 36151,1VRY11196N1036151
291208,BC1000XL: 36218,1VRY11191N1036218
291209,D40X55III: 1753,1VRY200GTN1001753
291210,BC1500: 12702,1VR2181V2N1012702
291212,RTX750: 4154,1VR9112MKN1004154
291213,RTX1250I2: 620,1VRR1329VN1000620
291217,D10X15III: 2618,1VRA130VKN1002618
291218,D24X40III: 2669,1VRX200FAN1002669
291220,D23X30III: 2109,1VRN20073L1002109
291222,BC1800XL: 10484,1VRY151Z3N1010484
291223,BC1500: 12703,1VR2181V4N1012703
291224,SC70TX: 3063,1VRK1203HN1003063
291226,D23X30III: 2517,1VRN2007TN1002517
291227,D100X140S3: 322,1VRB360WHN1000322
291228,D10X15III: 2619,1VRA130VJN1002619
291229,BC1500: 12628,1VR2181V5N1012628
291231,D24X40III: 2670,1VRX200FCN1002670
291232,BC1500: 12705,1VR2181V8N1012705
291233,D20X22III: 3061,1VRA170VCN1003061
291234,SC552: 1134,1VR9132UTN1001134
291253,SC552: 1133,1VR9132UCN1001133
291255,HG6800TX: 1035,1VRK4804CN1001035
291256,D23X30III: 2518,1VRN2007PN1002518
291257,D10X15III: 2620,1VRA130VPN1002620
291258,SC70TX: 3064,1VRK1203EN1003064
291259,CTX160: 1522,1VR3080MCN1001522
291260,RTX750: 4155,1VR9112MJN1004155
291261,SC30TX: 4603,1VRC070NCN1004603
291263,SC30TX: 4605,1VRC070NAN1004605
291264,SC30TX: 4604,1VRC070NVN1004604
291265,SC70TX: 3065,1VRK1203CN1003065
291266,D20X22III: 3062,1VRA170VTN1003062
291267,HG6000TX: 3011,1VR2390AJN1003011
291268,HG6000TX: 3010,1VR2390AKN1003010
291269,D40X55III: 1754,1VRY200GPN1001754
291271,BC1200XL: 6166,1VR7141Y6N1006166
291272,CTX160: 1523,1VR3080MVN1001523
291276,D24X40III: 2671,1VRX200FVN1002671
291278,SC70TX: 3066,1VRK1203TN1003066
291280,PD10R: 1140,1VRR1008TN1001140
291281,D10X15III: 2621,1VRA130VKN1002621
291283,CTX160: 1525,1VR3080MLN1001525
291284,D23X30III: 2519,1VRN2007KN1002519
291290,D24X40III: 2672,1VRX200FAN1002672
291291,SC30TX: 4606,1VRC070NLN1004606
291293,SC30TX: 4607,1VRC070NHN1004607
291294,SC852: 2093,1VR7122LHN1002093
291295,D20X22III: 3063,1VRA170VPN1003063
291296,CTX100: 4535,1VRZ080HLN1004535
291299,CTX100: 4538,1VRZ080HCN1004538
291300,CTX100: 4534,1VRZ080HAN1004534
291303,SC70TX: 3067,1VRK1203PN1003067
291306,D10X15III: 2622,1VRA130VJN1002622
291307,CTX100: 4539,1VRZ080HTN1004539
291309,BC1200XL: 6167,1VR7141Y8N1006167
291310,D24X40III: 2673,1VRX200FLN1002673
291312,CTX160: 1527,1VR3080MEN1001527
291313,SC30TX: 4608,1VRC070NEN1004608
291314,SC70TX: 3068,1VRK1203KN1003068
291315,Mini Skid,LHP-ASSETID-291315
291318,D23X30III: 2520,1VRN2007TN1002520
291326,S925TX: 5543,1VRL0705VN1005543
291327,D40X55DRS3: 1057,1VR3240MLN1001057
291328,SC30TX: 4609,1VRC070NCN1004609
291329,D20X22III: 3064,1VRA170VKN1003064
291330,SC30TX: 4610,1VRC070NHN1004610
291331,CTX160: 1526,1VR3080MHN1001526
291335,D10X15III: 2623,1VRA130VCN1002623
291338,CTX160: 1521,1VR3080MJN1001521
291340,CTX100: 4540,1VRZ080HEN1004540
291342,D40X55III: 1755,1VRY200GKN1001755
291343,CTX100: 4536,1VRZ080HHN1004536
291351,D20X22III: 3065,1VRA170VJN1003065
291353,CTX100: 4530,1VRZ080HKN1004530
291356,CTX160: 1529,1VR3080MTN1001529
291358,CTX160: 1528,1VR3080MCN1001528
291359,D10X15III: 2624,1VRA130VVN1002624
291360,D23X30DRS3: 1082,1VRJ2103JN1001082
291362,SC70TX: 3070,1VRK1203PN1003070
291363,CTX100: 4541,1VRZ080HCN1004541
291365,S925TX: 5486,1VRL0705PN1005486
291366,S925TX: 5544,1VRL0705AN1005544
291367,BC1500: 12666,1VR2181V2N1012666
291369,BC1500: 12664,1VR2181V9N1012664
291370,BC900XL: 5013,1VR712161NF005013
291371,CTX100: 4543,1VRZ080HPN1004543
291373,BC1500: 12665,1VR2181V0N1012665
291375,CTX100: 4542,1VRZ080HTN1004542
291376,D20X22III: 3066,1VRA170VCN1003066
291377,SC70TX: 3069,1VRK1203JN1003069
291379,BC1500: 12663,1VR2181V7N1012663
291380,S925TX: 5485,1VRL0705TN1005485
291381,CTX100: 4545,1VRZ080HJN1004545
291382,CTX100: 4537,1VRZ080HEN1004537
291384,SC852: 2094,1VR7122LEN1002094
291385,D23X30III: 2521,1VRN2007PN1002521
291388,BC1000XL: 35966,1VRY11192N1035966
291389,D10X15III: 2625,1VRA130VAN1002625
291390,BC1500: 12660,1VR2181V1N1012660
291391,CTX160: 1532,1VR3080MTN1001532
291394,CTX100: 4531,1VRZ080HJN1004531
291395,D20X22III: 3067,1VRA170VVN1003067
291396,S925TX: 5491,1VRL0705JN1005491
291397,BC1800XL: 10476,1VRY151Z4N1010476
291398,D24X40III: 2675,1VRX200FEN1002675
291399,PD10: 3198,1VRB100ZHN1003198
291400,PD10: 3199,1VRB100ZEN1003199
291401,PD10: 3200,1VRB100ZVN1003200
291402,PD10: 3231,1VRB100ZVN1003231
291404,CTX100: 4544,1VRZ080HKN1004544
291405,CTX100: 4547,1VRZ080HVN1004547
291406,BC1500: 12662,1VR2181V5N1012662
291407,CTX100: 4533,1VRZ080HVN1004533
291408,BC1800XL: 10483,1VRY151Z1N1010483
291409,RTX750: 4157,1VR9112MVN1004157
291410,D23X30III: 2522,1VRN2007KN1002522
291411,BC1500: 12661,1VR2181V3N1012661
291412,CTX160: 1531,1VR3080MCN1001531
291413,CTX160: 1530,1VR3080MEN1001530
291414,BC1800XL: 10449,1VRY151Z1N1010449
291415,CTX100: 4546,1VRZ080HCN1004546
291416,CTX100: 4548,1VRZ080HAN1004548
291417,CTX100: 4567,1VRZ080HHN1004567
291418,D24X40III: 2676,1VRX200FCN1002676
291421,D23X30III: 2523,1VRN2007JN1002523
291422,D20X22III: 3068,1VRA170VAN1003068
291423,CTX160: 1533,1VR3080MPN1001533
291425,BC1500: 12717,1VR2181V4N1012717
291426,RTX1250I2: 627,1VRR1329PN1000627
291427,SC70TX: 3071,1VRK1203KN1003071
291429,CTX160: 1534,1VR3080MKN1001534
291430,HG6800TX: 1040,1VRK4804AN1001040
291431,T655III: 654,1VR7160GPN1000654
291432,D24X40III: 2677,1VRX200FTN1002677
291435,D10X15III: 2627,1VRA130VHN1002627
291437,SC70TX: 3072,1VRK1203JN1003072
291439,AX17: 106,1VRV192C3N1000106
291440,CTX160: 1535,1VR3080MJN1001535
291442,D40X55III: 1756,1VRY200GJN1001756
291443,CTX160: 1536,1VR3080MCN1001536
291445,BC1200XL: 6168,1VR7141YXN1006168
291447,CTX100: 4550,1VRZ080HVN1004550
291455,D40X55DRS3: 1058,1VR3240MHN1001058
291458,PD10R: 1145,1VRR1008VN1001145
291460,D20X22III: 3069,1VRA170VLN1003069
291463,D24X40III: 2678,1VRX200FPN1002678
291465,D10X15III: 2628,1VRA130VEN1002628
291466,SC70TX: 3073,1VRK1203CN1003073
291467,D8X12: 1104,1VR7130SAN1001104
291468,D23X30III: 2524,1VRN2007CN1002524
291470,D10X15III: 2629,1VRA130VCN1002629
291471,BC1500: 12722,1VR2181V8N1012722
291473,RTX1250I2: 626,1VRR1329TN1000626
291477,TG5000: 2013,1VR240201N1002013
291483,CTX100: 4562,1VRZ080HJN1004562
291499,D24X40III: 2679,1VRX200FKN1002679
291500,D20X22III: 3070,1VRA170VVN1003070
291503,SC70TX: 3076,1VRK1203LN1003076
291504,BC1000XL: 36295,1VRY11198N1036295
291505,CTX100: 4563,1VRZ080HCN1004563
291506,AX19: 1068,1VRL19253N1001068
291507,D23X30III: 2525,1VRN2007VN1002525
291509,D10X15III: 2630,1VRA130VHN1002630
291511,CTX100: 4561,1VRZ080HKN1004561
291513,CTX100: 4568,1VRZ080HEN1004568
291514,CTX100: 4549,1VRZ080HLN1004549
291518,BC900XL: 5019,1VR712162NF005019
291519,BC1500: 12651,1VR2181V0N1012651
291520,D24X40III: 2680,1VRX200FTN1002680
291521,D10X15III: 2631,1VRA130VEN1002631
291522,CTX100: 4564,1VRZ080HVN1004564
291524,CTX160: 1547,1VR3080MPN1001547
291526,BC1000XL: 36303,1VRY11193N1036303
291533,RTX1250I2: 304,1VRR13297L1000304
291536,BC1000XL: 36304,1VRY11195N1036304
291537,CTX100: 4566,1VRZ080HLN1004566
291538,BC1000XL: 36305,1VRY11197N1036305
291542,CTX160: 1550,1VR3080MPN1001550
291545,BC1000XL: 36306,1VRY11199N1036306
291547,D20X22III: 3071,1VRA170VAN1003071
291553,CTX160: 1549,1VR3080MJN1001549
291554,D40X55III: 1757,1VRY240GCN1001757
291556,D24X40III: 2681,1VRX200FPN1002681
291557,BC1000XL: 36307,1VRY11190N1036307
291558,BC1000XL: 36308,1VRY11192N1036308
291559,BC1000XL: 36309,1VRY11194N1036309
291563,BC900XL: 5020,1VR712169NF005020
291564,BC1000XL: 36310,1VRY11190N1036310
291566,RTX1250I2: 636,1VRR1429JN1000636
291567,D23X30III: 2526,1VRN2007AN1002526
291568,BC1000XL: 36311,1VRY11192N1036311
291569,RTX1250I2: 637,1VRR1429CN1000637
291574,SC552: 1135,1VR9132UPN1001135
291575,D24X40III: 2682,1VRX200FKN1002682
291580,BC1000XL: 36312,1VRY11194N1036312
291581,BC1000XL: 36313,1VRY11196N1036313
291582,CTX100: 4565,1VRZ080HAN1004565
291583,BC1000XL: 36314,1VRY11198N1036314
291584,BC900XL: 5021,1VR712160NF005021
291585,CTX160: 1546,1VR3080MTN1001546
291586,D24X40III: 2683,1VRX200FJN1002683
291587,D8X12: 1105,1VR7130SLN1001105
291589,SC70TX: 3079,1VRK1203CN1003079
291590,D10X15III: 2275,1VRA130VPM1002275
291592,RTX750: 4159,1VR9112MLN1004159
291593,CTX160: 1548,1VR3080MKN1001548
291595,D23X30III: 2527,1VRN2007LN1002527
291597,D20X22III: 3072,1VRA170VLN1003072
291598,RTX1250I2: 638,1VRR1429VN1000638
291602,D24X40III: 2684,1VRX200FCN1002684
291604,AX19: 1069,1VRL19255N1001069
291610,D100X140S3: 323,1VRB360WEN1000323
291611,D10X15III: 2633,1VRA130VTN1002633
291612,D40X55III: 1758,1VRY240GTN1001758
291613,D23X30III: 2528,1VRN2007HN1002528
291614,BC900XL: 5022,1VR712162NF005022
291615,Geometris Test (S925TX SN583),1VRxxxxxxxxxxxxxx583
291616,Geometris Test (SC30TX SN2822),1VRxxxxxxxxxxxxx2822
291617,Geometris Test (S925TX SN2083),1VRxxxxxxxxxxxxx2083
291618,Geometris Test (HG6800TX SN144),1VRxxxxxxxxxxxxxx144
291619,Geometris Test (SC30TX SN4011),1VRxxxxxxxxxxxxx4011
291620,Geometris Test (SC30TX SN2576),1VRxxxxxxxxxxxxx2576
291621,Geometris Test (SC30TX SN2459),1VRxxxxxxxxxxxxx2459
291622,Geometris Test (SC30TX SN1796),1VRxxxxxxxxxxxxx1796
291623,D20X22III: 3073,1VRA170VHN1003073
291624,D24X40III: 2685,1VRX200FVN1002685
291625,SC30TX: 4579,1VRC070NKN1004579
291633,D8X12: 1106,1VR7130SHN1001106
291634,D10X15III: 2634,1VRA130VPN1002634
291636,SC552: 1136,1VR9132UKN1001136
291638,D23X30III: 2529,1VRN2007EN1002529
291645,D20X22III: 3074,1VRA170VEN1003074
291648,SC30TX: 4611,1VRC070NEN1004611
291649,TG7000: 2028,1VRY46363N1002028
291650,HG6000TX: 3012,1VR2390ACN1003012
291651,RTX1250I2: 639,1VRR1429AN1000639
291658,D40X55III: 1759,1VRY200GAN1001759
291659,RTX750: 4160,1VR9112MVN1004160
291661,T955III: 547,1VR22202CM1000547
291662,BC900XL: 5023,1VR712164NF005023
291663,D24X40III: 2686,1VRX200FAN1002686
291665,D20X22III: 3075,1VRA170VCN1003075
291666,S925TX: 5577,1VRL0705HN1005577
291667,D23X30III: 2530,1VRN2007LN1002530
291670,Truck-2303 Dan Jones Service Truck,1FDWF7DC3HDB02303
291673,BC900XL: 5024,1VR712166NF005024
291674,S925TX: 5576,1VRL0705LN1005576
291675,D24X40III: 2687,1VRX200FLN1002687
291677,SC30TX: 4612,1VRC070NCN1004612
291679,SC30TX: 4613,1VRC070NTN1004613
291680,D8X12: 1107,1VR7130SEN1001107
291681,D23X30III: 2531,1VRN2007HN1002531
291685,D10X15III: 2635,1VRA130VKN1002635
291688,D24X40III: 2688,1VRX200FHN1002688
291771,RTX750: 4161,1VR9112MAN1004161
291772,BC1000XL: 35906,1VRY11196N1035906
291773,BC900XL: 5025,1VR712168NF005025
291775,D20X22III: 3076,1VRA170VTN1003076
291776,D60G4: 98,1VRB320WLN1000098
291780,SC852: 2095,1VR7122LCN1002095
291781,D10X15III: 2636,1VRA130VJN1002636
291782,SC30TX: 4614,1VRC070NPN1004614
291784,D40X55III: 1760,1VRY240GCN1001760
291791,PD10: 3264,1VRB100ZLN1003264
291793,PD10: 3265,1VRB100ZHN1003265
291794,D23X30III: 2532,1VRN2007EN1002532
291795,S925TX: 5584,1VRL0705PN1005584
291796,D20X22III: 3077,1VRA170VPN1003077
291797,D8X12: 1108,1VR7130SCN1001108
291798,S925TX: 5585,1VRL0705KN1005585
291800,S925TX: 5586,1VRL0705JN1005586
291803,D24X40III: 2689,1VRX200FEN1002689
291804,BC1000XL: 36365,1VRY11193N1036365
291805,BC1500: 12751,1VR2181V4N1012751
291806,BC1000XL: 36366,1VRY11195N1036366
291809,D10X15III: 2637,1VRA130VCN1002637
291811,S925TX: 5587,1VRL0705CN1005587
291812,SC30TX: 4615,1VRC070NKN1004615
291813,BC1000XL: 36367,1VRY11197N1036367
291814,S925TX: 5588,1VRL0705VN1005588
291815,D23X30III: 2533,1VRN2007CN1002533
291817,RTX750: 4163,1VR9112MHN1004163
291819,SC852: 2096,1VR7122LTN1002096
291822,S925TX: 5589,1VRL0705AN1005589
291823,D40X55DRS3: 1059,1VR3240MEN1001059
291825,SC30TX: 4616,1VRC070NJN1004616
291826,D20X22III: 3078,1VRA170VKN1003078
291827,BC1000XL: 36369,1VRY11190N1036369
291831,BC1000XL: 36370,1VRY11197N1036370
291834,D24X40III: 2690,1VRX200FLN1002690
291835,RTX1250I2: 643,1VRR1429LN1000643
291836,S925TX: 5590,1VRL0705CN1005590
291838,BC1000XL: 36371,1VRY11199N1036371
291839,BC1000XL: 36372,1VRY11190N1036372
291840,S925TX: 5591,1VRL0705VN1005591
291843,BC1000XL: 36373,1VRY11192N1036373
291844,D23X30III: 2534,1VRN2007TN1002534
291845,D20X22III: 3079,1VRA170VJN1003079
291846,BC1000XL: 36374,1VRY11194N1036374
291847,S925TX: 5592,1VRL0705AN1005592
291852,WC2500TX: 1012,1VRF2700CN1001012
291854,D40X55III: 1761,1VRY240GTN1001761
291855,SC30TX: 4617,1VRC070NCN1004617
291857,D10X15III: 2638,1VRA130VVN1002638
291858,D24X40III: 2691,1VRX200FHN1002691
291862,SC852: 2097,1VR7122LPN1002097
291863,RTX1250I2: 645,1VRR1429EN1000645
291866,D20X22III: 3080,1VRA170VPN1003080
291867,D23X30III: 2535,1VRN2007PN1002535
291868,SPX25: 1728,1VR9070UTN1001728
291869,D10X15III: 2626,1VRA130VLN1002626
291872,RTX750: 4164,1VR9112MEN1004164
291874,AX19: 1070,1VRL19251N1001070
291875,Darrins Truck,LHP-ASSETID-291875
291880,D24X40III: 2692,1VRX200FEN1002692
291886,D10X15III: 2639,1VRA130VAN1002639
291887,D23X30III: 2536,1VRN2007KN1002536
291894,S925TX: 5599,1VRL0705KN1005599
291896,D20X22III: 3081,1VRA170VKN1003081
291898,SC552: 1137,1VR9132UJN1001137
291899,D24X40III: 2693,1VRX200FCN1002693
291900,SC30TX: 4621,1VRC070NVN1004621
291901,D10X15III: 2640,1VRA130VCN1002640
291902,S925TX: 5601,1VRL0705CN1005601
291903,D20X22III: 3082,1VRA170VJN1003082
291904,HG4000G2: 103,1VRG32217N1000103
291906,RTX1250I2: 641,1VRR1429VN1000641
291907,T555III: 1526,1VR2150WKN1001526
291908,CC155: 1042,1VR2152ECN1001042
291918,D23X30III: 2537,1VRN2007JN1002537
291919,BC1800XL: 10507,1VRY151Z0N1010507
291920,CTX160: 1596,1VR3080MKN1001596
291923,S925TX: 5603,1VRL0705PN1005603
291924,D10X15III: 2641,1VRA130VVN1002641
291925,D24X40III: 2694,1VRX200FTN1002694
291926,D20X22III: 3083,1VRA170VCN1003083
291927,SC70TX: 3090,1VRK1203CN1003090
291928,D23X30III: 2538,1VRN2007CN1002538
291931,RTX750: 4165,1VR9112MCN1004165
291934,S925TX: 5602,1VRL0705TN1005602
291937,S925TX: 5604,1VRL0705KN1005604
291941,SC30TX: 4623,1VRC070NLN1004623
291943,SC70TX: 3091,1VRK1203VN1003091
291944,RTX750: 4166,1VR9112MTN1004166
291945,D10X15III: 2642,1VRA130VAN1002642
291946,SC30TX: 4622,1VRC070NAN1004622
291947,D24X40III: 2695,1VRX200FPN1002695
291951,S925TX: 5600,1VRL0705EN1005600
291954,BOBBY HOLLAND VSF162,1FVACWDTXCDBF7733
291955,MICHEAL GAYNOR VSF188,3ALACWDT5EDFY5859
291956,THOMAS WHITE VSF264,1FDUF5HT0LEE49967
291957,GARY BITTLE,3ALACWDT1EDFY7396
291958,JUSTIN WILSON VSF208,3ALACWDT6GDGA6202
291959,KAYLOBE COLEMAN VSF215,3ALACWDT3GDGA6206
291960,D23X30III: 2539,1VRN2007VN1002539
291961,MATT CRAWFORD VSF229,3ALACWDT9GDHD9293
291962,RONNIE IZQUIERDO VSF263,3ALACWFC0LDKU8331
291969,SC552: 1138,1VR9132UCN1001138
291989,D20X22III: 3084,1VRA170VVN1003084
291990,SC30TX: 4624,1VRC070NHN1004624
291991,D24X40III: 2696,1VRX200FKN1002696
291992,SC802: 4070,1VR2151J1N1004070
291995,D23X30III: 2540,1VRN2007JN1002540
291996,D10X15III: 2643,1VRA130VLN1002643
291997,D8X12: 1109,1VR7130STN1001109
292000,AX19: 1071,1VRL19253N1001071
292008,D24X40III: 2697,1VRX200FJN1002697
292009,SC70TX: 3092,1VRK1203AN1003092
292010,SC30TX: 4625,1VRC070NEN1004625
292011,T1255III: 560,1VR230068D1000560
292013,D20X22III: 3085,1VRA170VAN1003085
292015,D23X30III: 2541,1VRN2007CN1002541
292020,RTX1250I2: 647,1VRR1429TN1000647
292021,BC1000XL: 36422,1VRY11190N1036422
292022,BC1000XL: 36423,1VRY11192N1036423
292023,D24X40III: 2698,1VRX200FCN1002698
292028,SC552: 1139,1VR9132UVN1001139
292029,D10X15III: 2644,1VRA130VHN1002644
292030,BC1000XL: 36424,1VRY11194N1036424
292034,BC1000XL: 36425,1VRY11196N1036425
292036,PD10R: 1110,1VRR1008PN1001110
292037,PD10R: 1111,1VRR1008KN1001111
292038,PD10R: 1113,1VRR1008CN1001113
292040,D20X22III: 3086,1VRA170VLN1003086
292041,RTX1250I2: 648,1VRR1429PN1000648
292042,RTX750: 4167,1VR9112MPN1004167
292045,SC70TX: 3093,1VRK1203LN1003093
292046,D23X30III: 2542,1VRN2007VN1002542
292051,D100X140S3: 325,1VRB360WTN1000325
292054,D24X40III: 2699,1VRX200FVN1002699
292055,D8X12: 1110,1VR7130SEN1001110
292056,SC552: 1140,1VR9132UJN1001140
292059,Data Collection Test TCM (Quality Team),LHP-ASSETID-292059
292060,D23X30III: 2543,1VRN2007AN1002543
292061,BC1000XL: 36444,1VRY1119XN1036444
292062,BC1200XL: 6170,1VR7141Y8N1006170
292066,BC1000XL: 36445,1VRY11191N1036445
292072,BC1000XL: 36446,1VRY11193N1036446
292078,D24X40III: 2700,1VRX200FPN1002700
292079,BC1200XL: 6169,1VR7141Y1N1006169
292086,D10X15III: 2645,1VRA130VEN1002645
292089,D23X30III: 2544,1VRN2007LN1002544
292096,HG6800TX: 1041,1VRK4804LN1001041
292097,BC1000XL: 36449,1VRY11199N1036449
292098,Truck-3104 Kevin,2NP2HJ6X0NM723104
292099,BC1000XL: 36450,1VRY11195N1036450
292100,FI SPX25 SN1573 CCT,LHP-ASSETID-292100
292101,FI SPX25 SN1574 CCT,LHP-ASSETID-292101
292102,D24X40III: 2701,1VRX200FKN1002701
292104,RTX1250I2: 649,1VRR1429KN1000649
292106,RTX1250I2: 650,1VRR1429TN1000650
292107,SC802: 4073,1VR2151J7N1004073
292108,D10X15III: 2646,1VRA130VCN1002646
292111,D40X55III: 1762,1VRY240GPN1001762
292113,AX19: 1072,1VRL19255N1001072
292115,D20X22III: 3088,1VRA170VEN1003088
292116,SC552: 1141,1VR9132UCN1001141
292117,D23X30III: 2545,1VRN2007HN1002545
292120,S925TX: 5631,1VRL0705EN1005631
292121,D40X55DRS3: 1060,1VR3240MLN1001060
292125,BC900XL: 50003,1VRD12AM1NF050003
292126,BC1000XL: 36032,1VRY11199N1036032
292127,BC1000XL: 36033,1VRY11190N1036033
292128,BC1000XL: 36034,1VRY11192N1036034
292129,BC1000XL: 36134,1VRY11196N1036134
292130,BC1200XL: 6161,1VR7141Y7N1006161
292132,BC900XL: 50001,1VRD12AM8NF050001
292134,S925TX: 5633,1VRL0705TN1005633
292135,S925TX: 5634,1VRL0705PN1005634
292136,D24X40III: 2702,1VRX200FJN1002702
292148,D20X22III: 3089,1VRA170VCN1003089
292149,S925TX: 5635,1VRL0705KN1005635
292170,S925TX: 5636,1VRL0705JN1005636
292171,BC900XL: 50004,1VRD12AM3NF050004
292172,D23X30III: 2546,1VRN2007EN1002546
292173,D10X15III: 2648,1VRA130VPN1002648
292177,BC900XL: 50006,1VRD12AM7NF050006
292178,RTX750: 4169,1VR9112MJN1004169
292179,D24X40III: 2703,1VRX200FCN1002703
292180,HARLEY WILLIAMS VSF175,3ALACWDT8EDFV4802
292182,S925TX: 5638,1VRL0705VN1005638
292187,D23X30III: 2547,1VRN2007CN1002547
292190,S925TX: 5637,1VRL0705CN1005637
292191,S925TX: 5639,1VRL0705AN1005639
292192,BC1000XL: 36451,1VRY11197N1036451
292193,RTX1250I2: 651,1VRR1429PN1000651
292194,D8X12: 1111,1VR7130SCN1001111
292195,BC900XL: 50005,1VRD12AM5NF050005
292196,BC900XL: 50007,1VRD12AM9NF050007
292197,D24X40III: 2704,1VRX200FVN1002704
292199,SC852: 2099,1VR7122LJN1002099
292201,D20X22III: 3090,1VRA170VHN1003090
292204,KEVIN COLE VSF199,3ALACWDT6FDGA6196
292205,D10X15III: 2649,1VRA130VKN1002649
292208,RTX550: 4070,1VR91125CN1004070
292209,RTX1250I2: 652,1VRR1429KN1000652
292211,D23X30DRS3: 1083,1VRJ2103CN1001083
292212,RTX750: 4170,1VR9112MPN1004170
292216,D24X40III: 2705,1VRX200FAN1002705
292220,D20X22III: 3091,1VRA170VEN1003091
292229,D23X30III: 2548,1VRN2007TN1002548
292230,SC802: 4074,1VR2151J9N1004074
292231,BC900XL: 50008,1VRD12AM0NF050008
292233,D40X55III: 1763,1VRY200GLN1001763
292235,D10X15III: 2650,1VRA130VTN1002650
292237,D8X12: 1112,1VR7130STN1001112
292239,D24X40III: 2706,1VRX200FLN1002706
292241,REX WHITE VSF240,1FDUF5HT8JEB74376
292242,D20X22III: 3092,1VRA170VCN1003092
292250,D23X30III: 2549,1VRN2007PN1002549
292253,BC900XL: 50009,1VRD12AM2NF050009
292255,Marcus Walling VSF246,1FDUF5HT4KEC14499
292256,RTX750: 4171,1VR9112MKN1004171
292257,BC1000XL: 36355,1VRY11190N1036355
292259,AX19: 1073,1VRL19257N1001073
292261,D24X40III: 2707,1VRX200FHN1002707
292262,D10X15III: 2651,1VRA130VPN1002651
292267,D23X30III: 2550,1VRN2007CN1002550
292269,D100X140S3: 320,1VRB360WAN1000320
292271,TG5000: 2014,1VR240203N1002014
292272,SC552: 1142,1VR9132UVN1001142
292274,D20X22III: 3093,1VRA170VTN1003093
292275,BC700XL: 4922,1VRC101V1N1004922
292276,D40X55III: 1764,1VRY200GHN1001764
292277,D40X55DRS3: 1024,1VR3240MAM1001024
292278,D10X15III: 2652,1VRA130VKN1002652
292280,Fishers service truck 89,LHP-ASSETID-292280
292281,TG7000: 2029,1VRY46365N1002029
292288,D8X12: 1113,1VR7130SPN1001113
292293,S925TX: 5641,1VRL0705VN1005641
292294,BC700XL: 4923,1VRC101V3N1004923
292295,D23X30III: 2551,1VRN2007TN1002551
292301,SC30TX: 4637,1VRC070NLN1004637
292302,D20X22III: 3094,1VRA170VPN1003094
292303,D24X40III: 2708,1VRX200FEN1002708
292304,BC1000XL: 36452,1VRY11199N1036452
292305,BC1000XL: 36432,1VRY11193N1036432
292306,RTX750: 4172,1VR9112MJN1004172
292310,BC1000XL: 36433,1VRY11195N1036433
292314,BC700XL: 4924,1VRC101V5N1004924
292318,D10X15III: 2653,1VRA130VJN1002653
292319,D24X40III: 2709,1VRX200FCN1002709
292328,S925TX: 5646,1VRL0705CN1005646
292329,D23X30III: 2552,1VRN2007PN1002552
292330,PD10R: 1154,1VRR1008TN1001154
292331,D20X22III: 3095,1VRA170VKN1003095
292334,BC700XL: 4925,1VRC101V7N1004925
292339,D24X40III: 2710,1VRX200FHN1002710
292340,D10X15III: 2654,1VRA130VCN1002654
292341,BC900XL: 50012,1VRD12AM2NF050012
292343,RTX1250I2: 656,1VRR1429AN1000656
292344,BC700XL: 4926,1VRC101V9N1004926
292346,D8X12: 1114,1VR7130SKN1001114
292348,RTX750: 4173,1VR9112MCN1004173
292349,D23X30III: 2553,1VRN2007KN1002553
292357,HG6000: 3016,1VRY39310N1003016
292360,D20X22III: 3096,1VRA170VJN1003096
292363,D24X40III: 2711,1VRX200FEN1002711
292371,D10X15III: 2655,1VRA130VVN1002655
292372,D23X30III: 2554,1VRN2007JN1002554
292374,RTX1250I2: 468,1VRR1329VM1000468
292375,RTX1250I2: 482,1VRR1329KM1000482
292377,RTX750: 4174,1VR9112MVN1004174
292378,D20X22III: 3097,1VRA170VCN1003097
292379,BC900XL: 50013,1VRD12AM4NF050013
292380,D24X40III: 2712,1VRX200FCN1002712
292386,D23X30III: 2555,1VRN2007CN1002555
292395,D220X500S3: 106,1VR4500NTN1000106
292585,D40X55DRS3: 1061,1VR3240MHN1001061
292591,AX19: 1074,1VRL19259N1001074
292595,RTX1250I2: 657,1VRR1429LN1000657
292599,S925TX: 5640,1VRL0705CN1005640
292600,RTX750: 4175,1VR9112MAN1004175
292611,RTX1250I2: 658,1VRR1429HN1000658
292618,BC700XL: 50002,1VRA10AL5N1050002
292631,S925TX: 5670,1VRL0705JN1005670
292635,RTX1250I2: 659,1VRR1429EN1000659
292636,RTX1250I2: 660,1VRR1429LN1000660
292638,D24X40III: 2713,1VRX200FTN1002713
292639,BC700XL: 50003,1VRA10AL7N1050003
292646,AX19: 1075,1VRL19250N1001075
292648,D23X30III: 2556,1VRN2007VN1002556
292649,S925TX: 5675,1VRL0705HN1005675
292654,D100X140S3: 324,1VRB360WCN1000324
292656,D10X15III: 2656,1VRA130VAN1002656
292657,D20X22III: 3098,1VRA170VVN1003098
292659,BC1000XL: 36488,1VRY11198N1036488
292661,D24X40III: 2714,1VRX200FPN1002714
292663,D23X30III: 2557,1VRN2007AN1002557
292665,S925TX: 5648,1VRL0705PN1005648
292671,Truck-7054 Service Truck Rick Bonelli,1FDWF7DC6GDA07054
292672,Truck-8285 Service Truck-Tony Garber,1FD0X5HT0FED38285
292673,HG6800TX: 1042,1VRK4804HN1001042
292674,T1255III: 635,1VR22906CN1000635
292678,D23X30DRS3: 1084,1VRJ2103VN1001084
292679,BC900XL: 50014,1VRD12AM6NF050014
292682,BC1000XL: 36506,1VRY11196N1036506
292683,BC1000XL: 36504,1VRY11192N1036504
292685,BC1000XL: 36507,1VRY11198N1036507
292686,RTX750: 4176,1VR9112MLN1004176
292689,RTX1250I2: 662,1VRR1429EN1000662
292690,BC1000XL: 36508,1VRY1119XN1036508
292691,D24X40III: 2715,1VRX200FKN1002715
292692,BC1000XL: 36509,1VRY11191N1036509
292697,SC30TX: 4658,1VRC070NTN1004658
292698,BC1000XL: 36510,1VRY11198N1036510
292699,SC30TX: 4659,1VRC070NPN1004659
292708,BC1000XL: 36511,1VRY1119XN1036511
292710,BC1000XL: 36512,1VRY11191N1036512
292716,D23X30III: 2558,1VRN2007LN1002558
292718,BC1000XL: 36514,1VRY11195N1036514
292721,Larry newest test,LHP-ASSETID-292721
292726,BC1000XL: 36516,1VRY11199N1036516
292727,D24X40III: 2716,1VRX200FJN1002716
292728,AX19: 1076,1VRL19252N1001076
292729,D220X500S3: 107,1VR4500NPN1000107
292731,BC1000XL: 36517,1VRY11190N1036517
292735,RTX750: 4177,1VR9112MHN1004177
292737,BC1000XL: 36515,1VRY11197N1036515
292738,SC30TX: 4660,1VRC070NCN1004660
292739,BC1000XL: 36518,1VRY11192N1036518
292740,SC30TX: 4661,1VRC070NTN1004661
292741,BC1000XL: 36519,1VRY11194N1036519
292745,D40X55III: 1765,1VRY240GCN1001765
292747,BC1000XL: 36520,1VRY11190N1036520
292749,BC1000XL: 36521,1VRY11192N1036521
292750,BC1000XL: 36522,1VRY11194N1036522
292752,BC700XL: 50005,1VRA10AL0N1050005
292753,D23X30III: 2559,1VRN2007HN1002559
292754,BC1000XL: 36524,1VRY11198N1036524
292755,BC1000XL: 50001,1VRD11ACXN1050001
292757,SC30TX: 4662,1VRC070NPN1004662
292758,BC1000XL: 50004,1VRD11AC5N1050004
292759,BC700XL SN050006,1VRA10AL2N1060006
292760,D24X40III: 2717,1VRX200FCN1002717
292761,BC1000XL: 50002,1VRD11AC1N1050002
292764,BC1000XL: 36523,1VRY11196N1036523
292765,BC700XL: 50004,1VRA10AL9N1050004
292766,BC700XL: 50008,1VRA10AL6N1050008
292767,D23X30III: 2560,1VRN2007AN1002560
292769,PD10: 3291,1VRB100ZJN1003291
292774,BC1000XL: 36466,1VRY11199N1036466
292775,RTX1250I2: 286,1VRR13299L1000286
292776,BC1000XL: 36467,1VRY11190N1036467
292778,BC1000XL: 50010,1VRD11AC0N1050010
292779,BC1000XL: 50011,1VRD11AC2N1050011
292780,BC700XL: 50007,1VRA10AL4N1050007
292781,BC700XL: 50006,1VRA10AL2N1050006
292782,RTX1250I2: 664,1VRR1429TN1000664
292787,RTX750: 4178,1VR9112MEN1004178
292790,BC700XL: 50011,1VRA10AL6N1050011
292791,BC700XL: 50010,1VRA10AL4N1050010
292792,BC700XL: 50012,1VRA10AL8N1050012
292793,D40X55DRS3: 1062,1VR3240MEN1001062
292795,D23X30III: 2561,1VRN2007LN1002561
292796,D24X40III: 2719,1VRX200FAN1002719
292797,RTX750: 4179,1VR9112MCN1004179
292798,D10X15III: 2657,1VRA130VLN1002657
292799,BC700XL: 50014,1VRA10AL1N1050014
292802,BC1000XL: 50012,1VRD11AC4N1050012
292805,PD10: 3292,1VRB100ZCN1003292
292807,D23X30III: 2562,1VRN2007HN1002562
292809,BC700XL: 50013,1VRA10ALXN1050013
292810,CTX160: 1625,1VR3080MEN1001625
292812,D40X55III: 1766,1VRY200GCN1001766
292816,D20X22III: 3099,1VRA170VAN1003099
292817,BC700XL: 50015,1VRA10AL3N1050015
292819,PD10R: 1179,1VRR1008HN1001179
292824,D24X40III: 2720,1VRX200FCN1002720
292826,BC700XL: 50016,1VRA10AL5N1050016
292836,BC700XL: 50018,1VRA10AL9N1050018
292838,D10X15III: 2658,1VRA130VHN1002658
292846,D23X30III: 2563,1VRN2007EN1002563
292847,Data Collection Test TCM2 (Quality Team),1VRxxxxxxxxxx3413
292848,BC1000XL: 50031,1VRD11AC8N1050031
292849,BC700XL: 50019,1VRA10AL0N1050019
292850,BC1000XL: 50032,1VRD11ACXN1050032
292853,D20X22III: 3100,1VRA170VKN1003100
292860,RTX750: 4180,1VR9112MHN1004180
292861,BC700XL: 50020,1VRA10AL7N1050020
292862,BC700XL: 50017,1VRA10AL7N1050017
292869,D40X55III: 1767,1VRY200GTN1001767
292873,TG7000: 2013,1VRY46365L1002013
292874,PD10: 3293,1VRB100ZVN1003293
292875,AX19: 1077,1VRL19254N1001077
292876,AX19: 1078,1VRL19256N1001078
292880,D20X22III: 3101,1VRA170VJN1003101
292881,BC700XL: 50023,1VRA10AL2N1050023
292882,BC1000XL: 50036,1VRD11AC7N1050036
292884,BC700XL: 50022,1VRA10AL0n1050022
292885,BC1000XL: 50037,1VRD11AC9N1050037
292888,BC1000XL: 50038,1VRD11AC0N1050038
292891,SC30TX: 4665,1VRC070NCN1004665
292892,SC30TX: 4666,1VRC070NVN1004666
292893,BC700XL: 50024,1VRA10AL4N1050024
292894,CTX160: 1634,1VR3080MCN1001634
292895,D10X15III: 2659,1VRA130VEN1002659
292896,BC1000XL: 50039,1VRD11AC2N1050039
292898,BC1000XL: 50040,1VRD11AC9N1050040
292899,D24X40III: 2721,1VRX200FVN1002721
292900,RTX750: 4181,1VR9112MEN1004181
292902,BC700XL: 50025,1VRA10AL6N1050025
292904,BC700XL: 50021,1VRA10AL9N1050021
292907,BC700XL: 50026,1VRA10AL8N1050026
292911,SC30TX: 4667,1VRC070NAN1004667
292912,BC700XL: 50027,1VRA10ALXN1050027
292913,BC700XL: 50028,1VRA10AL1N1050028
292914,D20X22III: 3102,1VRA170VCN1003102
292916,BC1000XL: 50042,1VRD11AC2N1050042
292918,BC700XL: 50029,1VRA10AL3N1050029
292920,BC1000XL: 50043,1VRD11AC4N1050043
292922,BC1000XL: 50044,1VRD11AC6N1050044
292923,D23X30III: 2564,1VRN2007CN1002564
292924,BC1000XL: 50045,1VRD11AC8N1050045
292925,BC1000XL: 36503,1VRY11190N1036503
292926,AX19: 1020,1VRL1925XM1001020
292927,BC1000XL: 50046,1VRD11ACXN1050046
292929,BC1000XL: 50041,1VRD11AC0N1050041
292930,RTX750: 4182,1VR9112MCN1004182
292931,BC700XL: 50030,1VRA10ALXN1050030
292932,BC1000XL: 50048,1VRD11AC3N1050048
292933,PD10R: 1184,1VRR1008CN1001184
292935,BC1000XL: 36364,1VRY11191N1036364
292936,D24X40III: 2722,1VRX200FAN1002722
292937,BC1000XL: 50049,1VRD11AC5N1050049
292938,D10X15III: 2660,1VRA130VLN1002660
292939,T1055: 106,1VRN210Y5W1000106
292942,BC900XL: 50019,1VRD12AM5NF050019
292943,BC1000XL: 50051,1VRD11AC3N1050051
292951,CTX160: 1639,1VR3080MEN1001639
292956,BC700XL: 50031,1VRA10AL1N1050031
292957,HG6800TX: 1043,1VRK4804EN1001043
292958,CC155: 1043,1VR2152ETN1001043
292959,BC1000XL: 50047,1VRD11AC1N1050047
292961,BC700XL: 50032,1VRA10AL3N1050032
292963,BC1000XL: 50054,1VRD11AC9N1050054
292965,D23X30III: 2565,1VRN2007TN1002565
292966,BC1000XL: 50056,1VRD11AC2N1050056
292969,BC1000XL: 50057,1VRD11AC4N1050057
292971,D24X40III: 2723,1VRX200FLN1002723
292972,BC1000XL: 50058,1VRD11AC6N1050058
292973,BC700XL: 50033,1VRA10AL5N1050033
292977,BC1000XL: 50059,1VRD11AC8N1050059
292980,BC900XL: 50020,1VRD12AM1NF050020
292983,BC1000XL: 50060,1VRD11AC4N1050060
292990,D60X90S3: 1025,1VRJ2903EN1001025
292996,PTX40: 1129,1VR8072TTN1001129
293009,BC700XL: 50034,1VRA10AL7N1050034
293011,D24X40III: 2724,1VRX200FHN1002724
293012,BC1000XL: 50061,1VRD11AC6N1050061
293013,D20X22III: 3103,1VRA170VVN1003103
293015,UNKNOWN - PTX40 CONFIG TEST,1VR8072TTN10000000
293020,D8X12: 1115,1VR7130SJN1001115
293031,BC900XL: 50021,1VRD12AM3NF050021
293032,PD5R: 192,1VR6120RKN1000192
293036,D24X40III: 2725,1VRX200FEN1002725
293037,SC70TX: 3128,1VRK1203EN1003128
293040,D24X40III: 2726,1VRX200FCN1002726
293041,RTX450: 6262,1VR4202UKN1006262
293042,RTX450: 6263,1VR4202UJN1006263
293043,AX19: 1079,1VRL19258N1001079
293044,CTX160: 1641,1VR3080MHN1001641
293045,"East Tennessee Rent Alls, Inc 7480-21",1VRY1119N1036123
293046,CTX160: 1640,1VR3080MLN1001640
293049,BC700XL: 50036,1VRA10AL0N1050036
293051,D23X30III: 2566,1VRN2007PN1002566
293052,RTX450: 6264,1VR4202UCN1006264
293053,D20X22III: 3104,1VRA170VAN1003104
293054,SC30TX: 4673,1VRC070NEN1004673
293055,D23X30III: 2567,1VRN2007KN1002567
293057,SC30TX: 4674,1VRC070NCN1004674
293058,BC900XL: 50022,1VRD12AM5NF050022
293061,D10X15III: 2661,1VRA130VHN1002661
293062,PD10R: 1189,1VRR1008CN1001189
293063,BC700XL: 50040,1VRA10AL2N1050040
293064,D24X40III: 2727,1VRX200FTN1002727
293066,T755III: 596,1VR2180R0L1000596
293070,CTX160: 1648,1VR3080MCN1001648
293071,SC30TX: 4675,1VRC070NTN1004675
293073,BC700XL: 50041,1VRA10AL4N1050041
293074,RTX750: 4183,1VR9112MTN1004183
293075,PD10: 3296,1VRB100ZHN1003296
293076,D23X30III: 2568,1VRN2007JN1002568
293077,RTX250: 2872,1VRD070DCN1002872
293081,BC1000XL: 51022,1VRD11AC1N1051022
293085,BC700XL: 50042,1VRA10AL6N1050042
293086,BC1000XL: 51023,1VRD11AC3N1051023
293087,D23X30III: 2569,1VRN2007CN1002569
293090,CTX160: 1647,1VR3080MJN1001647
293092,BC1000XL: 51024,1VRD11AC5N1051024
293094,BC1000XL: 51025,1VRD11AC7N1051025
293099,PD10: 3297,1VRB100ZEN1003297
293100,D10X15III: 2662,1VRA130VEN1002662
293101,BC700XL: 50043,1VRA10AL8N1050043
293105,D40X55III: 1768,1VRY240GLN1001768
293114,AX19: 1080,1VRL19251NK001080
293118,SC30TX: 4676,1VRC070NPN1004676
293119,BC700XL: 50044,1VRA10ALXN1050044
293122,D10X15III: 2663,1VRA130VCN1002663
293123,BC700XL: 50045,1VRA10AL1N1050045
293124,SC30TX: 4677,1VRC070NKN1004677
293127,D23X30III: 2570,1VRN2007KN1002570
293129,PD10: 3298,1VRB100ZCN1003298
293131,BC700XL: 50046,1VRA10AL3N1050046
293134,BC1000XL: 36448,1VRY11197N1036448
293135,D24X40III: 2728,1VRX200FPN1002728
293136,D23X30III: 2571,1VRN2007JN1002571
293137,D20X22III: 3105,1VRA170VLN1003105
293139,RTX750: 4184,1VR9112MPN1004184
293141,BC700XL: 50047,1VRA10AL5N1050047
293147,CTX160: 1651,1VR3080MCN1001651
293148,CTX160: 1650,1VR3080MJN1001650
293150,SC30TX: 4679,1VRC070NCN1004679
293157,D100X140S3: 326,1VRB360WPN1000326
293160,CTX160: 1652,1VR3080MVN1001652
293161,CTX160: 1653,1VR3080MAN1001653
293162,Ignored asset,'--------
293163,SC30TX: 4680,1VRC070NKN1004680
293164,SC30TX: 4681,1VRC070NJN1004681
293165,D24X40III: 2729,1VRX200FKN1002729
293166,D10X15III: 2664,1VRA130VTN1002664
293167,BC900XL: 50024,1VRD12AM9NF050024
293170,SC30TX: 4683,1VRC070NVN1004683
293172,BC1000XL: 50050,1VRD11AC1N1050050
293173,PD10: 3299,1VRB100ZTN1003299
293174,D23X30III: 2572,1VRN2007CN1002572
293175,BC700XL: 50048,1VRA10AL7N1050048
293177,PD10: 3300,1VRB100ZLN1003300
293178,TG5000: 50001,1VRJ40BE4N1050001
293179,D24X40III: 2730,1VRX200FTN1002730
293181,SC30TX: 4682,1VRC070NCN1004682
293182,BC1000XL: 35828,1VRY11191N1035828
293185,BC1000XL: 51003,1VRD11AC8N1051003
293202,BC900XL: 50025,1VRD12AM0NF050025
293203,D10X15III: 2665,1VRA130VPN1002665
293204,BC700XL: 50053,1VRA10AL0N1050053
293210,D23X30DRS3: 1085,1VRJ2103AN1001085
293218,BC700XL: 50054,1VRA10AL2N1050054
293223,D24X40III: 2731,1VRX200FPN1002731
293224,D20X22III: 3107,1VRA170VEN1003107
293228,D10X15III: 2666,1VRA130VKN1002666
293232,BC1000XL: 36513,1VRY11193N1036513
293233,D24X40III: 2732,1VRX200FKN1002732
293235,T1055III: 590,1VR2230TCN1000590
293237,HG6000: 50002,1VRM39A21N1050002
293239,S925TX: 5776,1VRL0705TN1005776
293244,BC900XL: 50026,1VRD12AM2NF050026
293248,D40X55III: 1769,1VRY200GKN1001769
293253,RTX750: 4185,1VR9112MKN1004185
293255,D20X22III: 3108,1VRA170VCN1003108
293258,D23X30III: 2573,1VRN2007VN1002573
293264,BC1200XL: 50014,1VRD14AD5N1050014
293266,RTX750: 4186,1VR9112MJN1004186
293267,D10X15III: 2667,1VRA130VJN1002667
293273,D24X40III: 2733,1VRX200FJN1002733
293274,D20X22III: 3109,1VRA170VTN1003109
293275,D40X55DRS3: 1016,1VR3240M7L1001016
293276,PD10: 3301,1VRB100ZHN1003301
293277,RTX450: 6271,1VR4202UHN1006271
293278,BC1000XL: 51004,1VRD11ACXN1051004
293281,BC900XL: 50027,1VRD12AM4NF050027
293282,CH TC69 #0096,L23GT0096
293283,D23X30III: 2574,1VRN2007AN1002574
293301,D8X12: 1116,1VR7130SCN1001116
293302,BC700XL: 51001,1VRA10AL8N1051001
293303,D24X40III: 2734,1VRX200FCN1002734
293304,BC1000XL: 51002,1VRD11AC6N1051002
293307,BC1200XL: 50016,1VRD14AD9N1050016
293310,BC1000XL: 51034,1VRD11AC8N1051034
293650,RTX450: 6272,1VR4202UEN1006272
293651,RTX250: 2942,1VRD070DKN1002942
293657,CTX160: 1664,1VR3080MJN1001664
293659,CTX160: 1657,1VR3080MCN1001657
293662,RTX250: 2943,1VRD070DJN1002943
293663,CTX160: 1655,1VR3080MHN1001655
293665,BC900XL: 50028,1VRD12AM6NF050028
293668,D20X22III: 3110,1VRA170VEN1003110
293672,D23X30III: 2575,1VRN2007LN1002575
293677,TG5000: 2015,1VR240205N1002015
293679,D8X12: 1117,1VR7130SVN1001117
293681,BC1000XL: 36092,1VRY11195N1036092
293684,CTX160: 1654,1VR3080MLN1001654
293685,RTX750: 4187,1VR9112MCN1004187
293686,RTX450: 6273,1VR4202UCN1006273
293688,CTX160: 1656,1VR3080MEN1001656
293690,D24X40III: 2735,1VRX200FVN1002735
293691,D20X22III: 3111,1VRA170VCN1003111
293692,BC700XL: 50055,1VRA10AL4N1050055
293697,CTX160: 1667,1VR3080MAN1001667
293698,D60X90S3: 1026,1VRJ2903CN1001026
293699,SC30TX: 4693,1VRC070NPN1004693
293700,D23X30III: 2576,1VRN2007HN1002576
293701,BC1200XL: 50006,1VRD14AD6N1050006
293702,CTX160: 1660,1VR3080MCN1001660
293707,BC1000XL: 51070,1VRD11AC1N1051070
293709,CTX160: 1658,1VR3080MTN1001658
293710,D10X15III: 2668,1VRA130VCN1002668
293711,CTX160: 1662,1VR3080MPN1001662
293715,CTX160: 1666,1VR3080MVN1001666
293716,BC900XL: 50029,1VRD12AM8NF050029
293718,BC1200XL: 50007,1VRD14AD8N1050007
293720,D40X55III: 1771,1VRY240GLN1001771
293725,BC1200XL: 50004,1VRD14AD2N1050004
293726,CTX160: 1668,1VR3080MLN1001668
293729,CTX160: 1661,1VR3080MTN1001661
293730,D20X22III: 3112,1VRA170VTN1003112
293732,D24X40III: 2736,1VRX200FAN1002736
293733,CTX160: 1665,1VR3080MCN1001665
293735,RTX750: 4188,1VR9112MVN1004188
293737,CTX160: 1669,1VR3080MHN1001669
293739,D10X15III: 2669,1VRA130VVN1002669
293740,BC1200XL: 6173,1VR7141Y3N1006173
293741,BC1000XL: 51081,1VRD11AC6N1051081
293742,BC1000XL: 51005,1VRD11AC1N1051005
293743,D20X22III: 3113,1VRA170VPN1003113
293744,BC700XL: 51012,1VRA10AL2N1051012
293760,D23X30III: 2577,1VRN2007EN1002577
293769,D10X15III: 2670,1VRA130VJN1002670
293770,HG6800TX: 1044,1VRK4804CN1001044
293771,HG6000: 3017,1VRY39312N1003017
293773,BC1200XL: 50003,1VRD14AD0N1050003
293775,PD10: 3302,1VRB100ZEN1003302
293776,D24X40III: 2737,1VRX200FLN1002737
293785,D23X30III: 2578,1VRN2007CN1002578
293788,BC900XL: 50030,1VRD12AM4NF050030
293789,D20X22III: 3115,1VRA170VJN1003115
293790,D20X22III: 3114,1VRA170VKN1003114
293793,BC1200XL: 50018,1VRD14AD2N1050018
293794,T1055III: 591,1VR2230TTN1000591
293797,SC30TX: 4699,1VRC070NLN1004699
293798,D40X55III: 1772,1VRY200GKN1001772
293799,CTX160: 1671,1VR3080MLN1001671
293800,BC1000XL: 51046,1VRD11AC4N1051046
293801,CTX160: 1672,1VR3080MHN1001672
293802,RTX750: 4189,1VR9112MAN1004189
293803,BC1000XL: 51047,1VRD11AC6N1051047
293804,BC1000XL: 51048,1VRD11AC8N1051048
293805,BC1000XL: 51045,1VRD11AC2N1051045
293807,D24X40III: 2738,1VRX200FHN1002738
293808,CTX160: 1673,1VR3080MEN1001673
293810,SC30TX: 4698,1VRC070NAN1004698
293811,RTX450: 6277,1VR4202UJN1006277
293813,D20X22III: 3116,1VRA170VCN1003116
293814,PD10R: 1203,1VRR1008CN1001203
293815,PD10R: 1202,1VRR1008EN1001202
293816,BC1000XL: 51038,1VRD11AC5N1051038
293817,BC1000XL: 51039,1VRD11AC7N1051039
293819,D23X30III: 2579,1VRN2007TN1002579
293821,duplicate asset,00000--
293822,BC1000XL: 51037,1VRD11AC3N1051037
293825,RTX450: 6278,1VR4202UCN1006278
293826,BC1000XL: 51161,1VRD11AC4N1051161
293828,D24X40III: 2739,1VRX200FEN1002739
293829,BC1000XL: 51163,1VRD11AC8N1051163
293830,D40X55DRS3: 1063,1VR3240MCN1001063
293831,D20X22III: 3117,1VRA170VVN1003117
293832,D8X12: 1118,1VR7130SAN1001118
293833,BC1000XL: 51160,1VRD11AC2N1051160
293834,D23X30III: 2580,1VRN2007EN1002580
293837,Stone Taylor EV/IK truck,5306
293840,D10X15III: 2671,1VRA130VCN1002671
293842,PD10: 3305,1VRB100ZPN1003305
293843,SC30TX: 4705,1VRC070NHN1004705
293845,D24X40III: 2740,1VRX200FLN1002740
293849,D20X22III: 3118,1VRA170VAN1003118
293850,RTX750: 4190,1VR9112MCN1004190
293852,PD10: 3306,1VRB100ZKN1003306
293853,RTX450: 6279,1VR4202UVN1006279
293855,D40X55III: 1773,1VRY200GJN1001773
294022,SC30TX: 4706,1VRC070NEN1004706
294041,BC1000XL: 51054,1VRD11AC3N1051054
294042,D10X15III: 2672,1VRA130VVN1002672
294054,CTX160: 1675,1VR3080MTN1001675
294055,D24X40III: 2741,1VRX200FHN1002741
294058,BC1000XL: 51087,1VRD11AC7N1051087
294064,BC900XL: 50033,1VRD12AMXNF050033
294065,D20X22III: 3119,1VRA170VLN1003119
294072,BC1000XL: 51088,1VRD11AC9N1051088
294083,CTX160: 1676,1VR3080MPN1001676
294088,BC1000XL: 51089,1VRD11AC0N1051089
294094,BC1000XL: 51090,1VRD11AC7N1051090
294098,BC1000XL: 51049,1VRD11ACXN1051049
294102,D23X30III: 2581,1VRN2007CN1002581
294113,RTX250: 2949,1VRD070DEN1002949
294134,D10X15III: 2673,1VRA130VAN1002673
294139,BC1000XL: 51051,1VRD11AC8N1051051
294145,D24X40III: 2742,1VRX200FEN1002742
294149,PD5R: 201,1VR6120RAN1000201
294151,SC30TX: 4707,1VRC070NCN1004707
294154,CTX160: 1677,1VR3080MKN1001677
294168,RTX450: 6280,1VR4202UJN1006280
294177,D20X22III: 3120,1VRA170VVN1003120
294181,BC700XL: 51023,1VRA10AL7N1051023
294191,D23X30III: 2582,1VRN2007TN1002582
294364,SPX25: 1786,1VR9070ULN1001786
294387,BC700XL: 51024,1VRA10AL9N1051024
294406,D24X40III: 2743,1VRX200FCN1002743
294415,D10X15III: 2674,1VRA130VLN1002674
294426,BC1000XL: 51050,1VRD11AC6N1051050
294430,SC30TX: 4708,1VRC070NTN1004708
294437,BC900XL: 50034,1VRD12AM1NF050034
294448,D24X40III: 2744,1VRX200FTN1002744
294452,CTX160: 1678,1VR3080MJN1001678
294678,D20X22III: 3121,1VRA170VAN1003121
294687,PD10: 3307,1VRB100ZJN1003307
294705,BC1000XL: 51093,1VRD11AC2N1051093
294812,D40X55DRS3: 1064,1VR3240MTN1001064
295494,D40X55III: 1774,1VRY240GCN1001774
295495,D10X15III: 2675,1VRA130VHN1002675
295501,BC1000XL: 51094,1VRD11AC4N1051094
295510,RTX250: 2952,1VRD070DEN1002952
295517,SC30TX: 4709,1VRC070NPN1004709
295518,D20X22III: 3122,1VRA170VLN1003122
295523,D23X30III: 2583,1VRN2007PN1002583
295524,RTX450: 6282,1VR4202UVN1006282
295525,BC1000XL: 51095,1VRD11AC6N1051095
295528,BC1000XL: 51096,1VRD11AC8N1051096
295537,BC1000XL: 51097,1VRD11ACXN1051097
295540,PD10R: 1211,1VRR1008CN1001211
295549,BC1000XL: 51098,1VRD11AC1N1051098
295558,D10X15III: 2676,1VRA130VEN1002676
295564,BC1000XL: 36096,1VRY11192N1036096
295572,BC900XL: 50035,1VRD12AM3NF050035
295596,D24X40III: 2745,1VRX200FPN1002745
295611,D20X22III: 3123,1VRA170VHN1003123
295614,PD10R: 1212,1VRR1008VN1001212
295644,RTX450: 6283,1VR4202UAN1006283
295746,BC700XL: 51031,1VRA10AL6N1051031
295750,SC30TX: 4710,1VRC070NCN1004710
295788,RTX250: 2953,1VRD070DCN1002953
295831,D10X15III: 2677,1VRA130VCN1002677
295852,PD5R: 202,1VR6120RLN1000202
295870,D23X30III: 2584,1VRN2007KN1002584
295883,D20X22III: 3124,1VRA170VEN1003124
295884,RTX750: 4193,1VR9112MLN1004193
295901,PD10R: 1213,1VRR1008AN1001213
295909,SC30TX: 4711,1VRC070NTN1004711
295921,BC1000XL: 32332,1VRY11195L1032332
295927,D10X15III: 2678,1VRA130VTN1002678
295936,BC700XL: 51033,1VRA10ALXN1051033
295945,PD10R: 1214,1VRR1008LN1001214
295949,BC1800XL SN010370 GEOMETRIS,1VRY*******010370
295966,RTX750: 4192,1VR9112MAN1004192
296141,SC30TX: 4712,1VRC070NPN1004712
296144,SC30TX: 4713,1VRC070NKN1004713
296180,D20X22III: 3125,1VRA170VCN1003125
296184,D40X55III: 1775,1VRY200GVN1001775
296186,SC30TX: 4714,1VRC070NJN1004714
296203,BC1500: 50053,1VRD18AE4N1050053
296207,D23X30III: 2585,1VRN2007JN1002585
296225,D10X15III: 2679,1VRA130VPN1002679
296229,SC30TX: 4715,1VRC070NCN1004715
296239,D24X40III: 2746,1VRX200FKN1002746
296244,BC1000XL: 51099,1VRD11AC3N1051099
296246,PD10R: 1216,1VRR1008EN1001216
296277,D20X22III: 3126,1VRA170VTN1003126
296279,RTX450: 6284,1VR4202ULN1006284
296281,D10X15III: 2680,1VRA130VCN1002680
296287,D24X40III: 2747,1VRX200FJN1002747
296453,SC30TX: 4718,1VRC070NLN1004718
296470,PD10R: 1217,1VRR1008CN1001217
296481,BC1000XL: 51101,1VRD11AC8N1051101
296486,SC30TX: 4719,1VRC070NHN1004719
296495,BC1000XL: 51102,1VRD11ACXN1051102
296501,D23X30III: 2586,1VRN2007CN1002586
296508,BC1000XL: 51103,1VRD11AC1N1051103
296512,RTX450: 6285,1VR4202UHN1006285
296521,BC1000XL: 51104,1VRD11AC3N1051104
296526,D20X22III: 3127,1VRA170VPN1003127
296534,BC1000XL: 51105,1VRD11AC5N1051105
296543,SC30TX: 4720,1VRC070NAN1004720
296548,BC1000XL: 51106,1VRD11AC7N1051106
296559,BC1000XL: 51107,1VRD11AC9N1051107
296564,D10X15III: 2681,1VRA130VTN1002681
296567,RTX750: 4194,1VR9112MHN1004194
296568,D23X30III: 2587,1VRN2007VN1002587
296574,PD10R: 1218,1VRR1008TN1001218
296583,BC1000XL: 51108,1VRD11AC0N1051108
296586,D24X40III: 2748,1VRX200FCN1002748
296598,SC30TX: 4721,1VRC070NLN1004721
296605,RTX250: 2950,1VRD070DLN1002950
296607,D20X22III: 3128,1VRA170VKN1003128
296613,D20X22III: 3129,1VRA170VJN1003129
296619,D23X30III: 2588,1VRN2007AN1002588
296694,D100X140S3: 328,1VRB360WJN1000328
296821,PD10R: 1219,1VRR1008PN1001219
296843,D40X55III: 1776,1VRY200GAN1001776
296855,PD10R: 1220,1VRR1008CN1001220
296863,D10X15III: 2682,1VRA130VPN1002682
296866,BC900XL: 50039,1VRD12AM0NF050039
296881,D24X40III: 2749,1VRX200FVN1002749
296888,PD10R: 1221,1VRR1008TN1001221
296896,D20X22III: 3130,1VRA170VPN1003130
296913,D23X30III: 2589,1VRN2007LN1002589
296945,D24X40III: 2750,1VRX200FJN1002750
297138,D20X22III: 3131,1VRA170VKN1003131
297142,D23X30III: 2590,1VRN2007VN1002590
297174,D24X40III: 2751,1VRX200FCN1002751
297654,SC30TX: 4726,1VRC070NPN1004726
297690,HG6800TX: 1045,1VRK4804TN1001045
297693,T555III: 1527,1VR2150WJN1001527
297698,D10X15III: 2683,1VRA130VKN1002683
297704,SC30TX: 4727,1VRC070NKN1004727
297738,SC30TX: 4725,1VRC070NTN1004725
297741,BC1500: 12716,1VR2181V2N1012716
297757,D23X30III: 2591,1VRN2007AN1002591
297762,BC900XL: 50040,1VRD12AM7NF050040
297795,SC30TX: 4729,1VRC070NCN1004729
297805,SC30TX: 4730,1VRC070NKN1004730
297808,D24X40III: 2752,1VRX200FVN1002752
297811,D20X22III: 3132,1VRA170VJN1003132
297830,SC30TX: 4723,1VRC070NEN1004723
297837,D20X22III: 3133,1VRA170VCN1003133
297844,RTX250: 2958,1VRD070DCN1002958
297847,D24X40III: 2753,1VRX200FAN1002753
297982,SC30TX: 4722,1VRC070NHN1004722
298004,SC30TX: 4731,1VRC070NJN1004731
298059,BC900XL: 50041,1VRD12AM9NF050041
298064,PD10R: 1225,1VRR1008CN1001225
298066,D10X15III: 2684,1VRA130VJN1002684
298075,RTX450: 6288,1VR4202UTN1006288
298081,D23X30III: 2592,1VRN2007LN1002592
298088,RTX750: 4195,1VR9112MEN1004195
298095,BC1500: 50065,1VRD18AE0N1050065
298100,PD10R: 1226,1VRR1008VN1001226
298107,D20X22III: 3134,1VRA170VVN1003134
298111,BC1200XL: 6174,1VR7141Y5N1006174
298129,D10X15III: 2685,1VRA130VCN1002685
298134,D40X55III: 1777,1VRY200GLN1001777
298136,BC1200XL: 6175,1VR7141Y7N1006175
298164,PD10R: 1227,1VRR1008AN1001227
298166,D20X22III: 3135,1VRA170VAN1003135
298174,BC1000XL: 51183,1VRD11AC3N1051183
298175,BC1500: 50069,1VRD18AE8N1050069
298179,BC1200XL: 6176,1VR7141Y9N1006176
298183,D24X40III: 2754,1VRX200FLN1002754
298188,BC1500: 50071,1VRD18AE6N1050071
298207,BC1200XL: 6179,1VR7141Y4N1006179
298301,D40X55DRS3: 1065,1VR3240MPN1001065
298396,S925TX: 5880,1VRL0705JN1005880
298403,D10X15III: 2686,1VRA130VVN1002686
298410,BC1800XL: 10370,1VRY151ZXN1010370
298413,D10X15III: 2687,1VRA130VAN1002687
298414,D23X30III: 2593,1VRN2007HN1002593
298430,BC1200XL: 6180,1VR7141Y0N1006180
298437,PD10R: 1228,1VRR1008LN1001228
298449,D24X40III: 2755,1VRX200FHN1002755
298454,RTX750: 4196,1VR9112MCN1004196
298479,D23X30III: 2594,1VRN2007EN1002594
298487,BC1000XL: 51182,1VRD11AC1N1051182
298500,SC30TX: 4724,1VRC070NCN1004724
298506,BC1200XL: 6181,1VR7141Y2N1006181
298513,BC1000XL: 51184,1VRD11AC5N1051184
298514,D20X22III: 3136,1VRA170VLN1003136
298523,BC1000XL: 51266,1VRD11AC7N1051266
298530,D23X30III: 2595,1VRN2007CN1002595
298533,BC1000XL: 51265,1VRD11AC5N1051265
298718,BC1000XL: 51185,1VRD11AC7N1051185
298721,D10X15III: 2688,1VRA130VLN1002688
298728,BC1000XL: 51186,1VRD11AC9N1051186
298741,PD10R: 1229,1VRR1008HN1001229
298759,D20X22III: 3137,1VRA170VHN1003137
298761,BC1000XL: 51187,1VRD11AC0N1051187
298763,D40X55III: 1778,1VRY240GJN1001778
298765,D10X15III: 2689,1VRA130VHN1002689
298772,BC1000XL: 51188,1VRD11AC2N1051188
298783,BC1500: 50076,1VRD18AE5N1050076
298796,BC1000XL: 51189,1VRD11AC4N1051189
298798,BC900XL: 50042,1VRD12AM0NF050042
298811,BC1000XL: 51191,1VRD11AC2N1051191
298824,PD10R: 1230,1VRR1008AN1001230
298826,D24X40III: 2756,1VRX200FEN1002756
298837,BC1000XL: 51026,1VRD11AC9N1051026
298847,BC1000XL: 51027,1VRD11AC0N1051027
298856,D23X30III: 2596,1VRN2007TN1002596
298858,BC1000XL: 51194,1VRD11AC8N1051194
298863,RTX750: 4198,1VR9112MPN1004198
298866,BC1000XL: 51029,1VRD11AC4N1051029
298871,BC1000XL: 51028,1VRD11AC2N1051028
299048,BC1000XL: 51195,1VRD11ACXN1051195
299051,D10X15III: 2690,1VRA130VAN1002690
299057,BC1000XL: 51030,1VRD11AC0N1051030
299061,D20X22III: 3138,1VRA170VEN1003138
299064,BC1000XL: 51196,1VRD11AC1N1051196
299082,BC1000XL: 51197,1VRD11AC3N1051197
299086,BC900XL: 50043,1VRD12AM2NF050043
299093,BC1000XL: 51198,1VRD11AC5N1051198
299104,BC1000XL: 51199,1VRD11AC7N1051199
299109,BC1000XL: 51035,1VRD11ACXN1051035
299111,RTX250: 2841,1VRD070DCN1002841
299116,BC700XL: 51045,1VRA10AL6N1051045
299119,PD5R: 203,1VR6120RHN1000203
299133,BC1000XL: 51036,1VRD11AC1N1051036
299137,D23X30DRS3: 1087,1VRJ2103HN1001087
299140,D20X22III: 3139,1VRA170VCN1003139
299150,BC700XL: 51044,1VRA10AL4N1051044
299151,BC1500: 50079,1VRD18AE0N1050079
299162,BC1000XL: 51192,1VRD11AC4N1051192
299187,D10X15III: 2691,1VRA130VLN1002691
299399,SC30TX: 4728,1VRC070NJN1004728
299418,D100X140S3: 327,1VRB360WKN1000327
299954,RTX250: 2863,1VRD070DCN1002863
299956,D24X40III: 2757,1VRX200FCN1002757
299963,HG6000: 50001,1VRM39A2XN1050001
299965,D20X22III: 3140,1VRA170VHN1003140
299975,D10X15III: 2692,1VRA130VHN1002692
299987,D23X30III: 2597,1VRN2007PN1002597
299990,RTX750: 4199,1VR9112MKN1004199
299996,RTX1250I2: 463,1VRR1329TM1000463
300011,PD10R: 1232,1VRR1008HN1001232
300013,RTX1250I2: 126,1VRR13290K1000126
300015,D24X40III: 2758,1VRX200FTN1002758
300023,PD10R: 1233,1VRR1008EN1001233
300032,S925TX: 5900,1VRL0705CN1005900
300046,D40X55DRS3: 1017,1VR3240M9L1001017
300052,BC1500: 50085,1VRD18AE6N1050085
300055,D20X22III: 3141,1VRA170VEN1003141
300060,D40X55III: 1779,1VRY240GCN1001779
300078,SC292: 2180,1VRF102YJN1002180
300089,D23X30III: 2598,1VRN2007KN1002598
300270,D10X15III: 2694,1VRA130VCN1002694
300274,RTX750: 4200,1VR9112MEN1004200
300277,SC30TX: 4755,1VRC070NCN1004755
300288,BC1500: 50086,1VRD18AE8N1050086
300308,SC30TX: 4754,1VRC070NEN1004754
300311,D24X40III: 2759,1VRX200FPN1002759
300316,RTX450: 6295,1VR4202UCN1006295
300318,D24X40III: 2718,1VRX200FVN1002718
300328,D20X22III: 3142,1VRA170VCN1003142
300345,RTX550: 3010,1VR91125VM1003010
300347,D10X15III: 2693,1VRA130VEN1002693
300352,S925TX: 5838,1VRL0705EN1005838
300355,D23X30III: 2599,1VRN2007JN1002599
300388,D20X22III: 3143,1VRA170VTN1003143
300394,TG9000: 50001,1VRP46BG6N1050001
300404,D24X40III: 2760,1VRX200FCN1002760
300413,BC1800XL SN010370 Geometris 2,1VRY******1010370
300418,RTX550: 4069,1VR91125AN1004069
300419,RTX200: 1615,1VR6071RPN1001615
300422,SC362: 4740,1VRF112YCN1004740
300497,SC30TX: 4750,1VRC070NVN1004750
300599,PD10R: 1235,1VRR1008TN1001235
300606,S925TX: 5815,1VRL0705JN1005815
300614,BC900XL: 50047,1VRD12AMXNF050047
300620,RTX750: 4027,1VR9112M4L1004027
300625,D10X15III: 2695,1VRA130VTN1002695
300628,D23X30III: 2600,1VRN2007CN1002600
300629,RTX450: 6296,1VR4202UVN1006296
300660,D20X22III: 3144,1VRA170VPN1003144
300665,PD10: 3316,1VRB100ZEN1003316
300668,D24X40III: 2761,1VRX200FTN1002761
300688,S925TX: 5912,1VRL0705KN1005912
300691,D10X15III: 2696,1VRA130VPN1002696
300715,PD10R: 1236,1VRR1008PN1001236
300722,D20X22III: 3145,1VRA170VKN1003145
300726,PD10R: 1152,1VRR1008EN1001152
300728,PD10R: 1153,1VRR1008CN1001153
300730,PD10R: 1155,1VRR1008PN1001155
300733,PD10R: 1156,1VRR1008KN1001156
300735,PD10R: 1175,1VRR1008CN1001175
300741,PD10R: 1176,1VRR1008VN1001176
300743,D23X30III: 2601,1VRN2007TN1002601
300744,PD10R: 1177,1VRR1008AN1001177
300746,PD10R: 1178,1VRR1008LN1001178
300748,PD10R: 1186,1VRR1008PN1001186
300749,PD10R: 1187,1VRR1008KN1001187
300925,HG6800TX: 1046,1VRK4804PN1001046
300929,CC155: 1044,1VR2152EPN1001044
300959,D10X15III: 2697,1VRA130VKN1002697
300971,D24X40III: 2762,1VRX200FPN1002762
300995,D20X22III: 3146,1VRA170VJN1003146
300996,PD10: 3317,1VRB100ZCN1003317
301007,D23X30III: 2602,1VRN2007PN1002602
301044,D10X15III: 2698,1VRA130VJN1002698
301049,PD10R: 1238,1VRR1008JN1001238
301060,D40X55III: 1780,1VRY200GLN1001780
301095,RTX250: 2823,1VRD070DEN1002823
301097,RTX750: 4203,1VR9112MPN1004203
301100,D23X30III: 2603,1VRN2007KN1002603
301296,D20X22III: 3147,1VRA170VCN1003147
301320,D24X40III: 2763,1VRX200FKN1002763
301333,D10X15III: 2699,1VRA130VCN1002699
301358,D23X30III: 2604,1VRN2007JN1002604
301373,PD10R: 1194,1VRR1008AN1001194
301376,PD10R: 1188,1VRR1008JN1001188
301377,PD10R: 1196,1VRR1008HN1001196
301379,PD10R: 1191,1VRR1008JN1001191
301381,PD10R: 1197,1VRR1008EN1001197
301386,D20X22III: 3148,1VRA170VVN1003148
301388,PD10R: 1192,1VRR1008CN1001192
301402,D10X15III: 2700,1VRA130VTN1002700
301404,PD10R: 1234,1VRR1008CN1001234
301407,TG7000: 50001,1VRM46BF3N1050001
301410,D24X40III: 2764,1VRX200FJN1002764
301423,PD10R: 1240,1VRR1008KN1001240
301620,D40X55DRS3: 1066,1VR3240MKN1001066
302195,D20X22III: 3149,1VRA170VAN1003149
302213,D10X15III: 2701,1VRA130VPN1002701
302233,BC1200XL: 50008,1VRD14ADXN1050008
302239,RTX450: 6300,1VR4202UCN1006300
302241,RTX750: 4008,1VR9112M0L1004008
302250,D24X40III: 2765,1VRX200FCN1002765
302255,TG7000: 50002,1VRM46BF5N1050002
302256,D23X30III: 2605,1VRN2007CN1002605
302259,PD10R: 1242,1VRR1008CN1001242
302263,RTX750: 4204,1VR9112MKN1004204
302270,D20X22III: 3150,1VRA170VCN1003150
302284,RTX550: 3023,1VR91125EM1003023
302294,RTX550: 4011,1VR91125HM1004011
302296,D10X15III: 2702,1VRA130VKN1002702
302300,D23X30III: 2606,1VRN2007VN1002606
302310,BC1500: 50110,1VRD18AE1N1050110
302332,BC1000XL: 51314,1VRD11AC3N1051314
302336,BC1000XL: 51315,1VRD11AC5N1051315
302340,D24X40III: 2766,1VRX200FVN1002766
302520,SC30TX: 4773,1VRC070NTN1004773
302523,PD10R: 1243,1VRR1008VN1001243
302538,BC1000XL: 51316,1VRD11AC7N1051316
302544,BC1000XL: 51317,1VRD11AC9N1051317
302546,Truck-9721 Lube Unit,1FD0X5HT5LEE09721
302559,BC1000XL: 51318,1VRD11AC0N1051318
302561,BC1200XL: 50009,1VRD14AD1N1050009
302565,D20X22III: 3151,1VRA170VVN1003151
302568,BC900XL: 50050,1VRD12AMXNF050050
302575,D23X30III: 2607,1VRN2007AN1002607
302579,RTX450: 6301,1VR4202UVN1006301
302584,BC1000XL: 51320,1VRD11AC9N1051320
302602,D10X15III: 2703,1VRA130VJN1002703
302604,BC1000XL: 51321,1VRD11AC0N1051321
302608,PD10R: 1244,1VRR1008AN1001244
302616,BC900XL: 50051,1VRD12AM1NF050051
302622,RTX750: 4205,1VR9112MJN1004205
302628,D40X55III: 1781,1VRY240GJN1001781
302633,D20X22III: 3153,1VRA170VLN1003153
302643,RTX750: 4080,1VR9112MLM1004080
302646,PTX42: 351,1VRK0724CN1000351
302656,D10X15III: 2704,1VRA130VCN1002704
302661,D24X40III: 2767,1VRX200FAN1002767
302812,BC700XL: 51053,1VRA10AL5N1051053
302880,HG6800TX: 1049,1VRK4804CN1001049
302882,BC1000XL: 51319,1VRD11AC2N1051319
302884,D23X30III: 2608,1VRN2007LN1002608
302887,T1255III: 636,1VR22906TN1000636
302899,D20X22III: 3154,1VRA170VHN1003154
302902,RTX450: 6304,1VR4202UHN1006304
302908,BC900XL: 50052,1VRD12AM3NF050052
302932,D10X15III: 2705,1VRA130VVN1002705
302955,Data Collection Test TCM3 (Quality Team),1VRxxxxxxxxxx6899
302957,Data Collection Test TCM4 (Quality Team),1VRxxxxxxxxx5433
302970,D23X30DRS3: 1088,1VRJ2103EN1001088
302976,RTX450: 6306,1VR4202UCN1006306
302978,PTX42: 352,1VRK0724TN1000352
302995,D24X40III: 2768,1VRX200FLN1002768
303063,duplicate asset,000007
303122,SC30TX: 4779,1VRC070NAN1004779
303157,SC30TX: 4780,1VRC070NCN1004780
303173,PD10R: 1246,1VRR1008HN1001246
303185,D10X15III: 2706,1VRA130VAN1002706
303199,PD10R: 1245,1VRR1008LN1001245
303208,D23X30III: 2609,1VRN2007HN1002609
303251,D20X22III: 3152,1VRA170VAN1003152
303265,D20X22III: 3155,1VRA170VEN1003155
303266,D24X40III: 2769,1VRX200FHN1002769
303272,SC30TX: 4782,1VRC070NAN1004782
303283,SC30TX: 4781,1VRC070NVN1004781
303297,D10X15III: 2707,1VRA130VLN1002707
303299,RTX450: 6307,1VR4202UTN1006307
303320,D23X30III: 2610,1VRN2007AN1002610
303459,SC30TX: 4783,1VRC070NLN1004783
303521,BC900XL: 50053,1VRD12AM5NF050053
303535,D20X22III: 3156,1VRA170VCN1003156
303537,RTX750: 4197,1VR9112MTN1004197
303545,RTX550: 4008,1VR91125HM1004008
303546,D24X40III: 2770,1VRX200FAN1002770
303553,PD10R: 1248,1VRR1008CN1001248
303580,RTX450: 6308,1VR4202UPN1006308
303582,D10X15III: 2708,1VRA130VHN1002708
303590,D23X30III: 2611,1VRN2007LN1002611
303627,PD10R: 1247,1VRR1008EN1001247
303633,D20X22III: 3157,1VRA170VTN1003157
303634,D24X40III: 2771,1VRX200FLN1002771
303644,BC900XL: 50054,1VRD12AM7NF050054
303653,D10X15III: 2709,1VRA130VEN1002709
304361,SC30TX: 4784,1VRC070NHN1004784
304434,D23X30III: 2612,1VRN2007HN1002612
304442,PD10R: 1251,1VRR1008CN1001251
304463,RTX450: 6309,1VR4202UKN1006309
304465,D20X22III: 3158,1VRA170VPN1003158
304482,D24X40III: 2772,1VRX200FHN1002772
304496,BC900XL: 50055,1VRD12AM9NF050055
304524,D23X30III: 2613,1VRN2007EN1002613
304531,D10X15III: 2710,1VRA130VLN1002710
304541,PTX40: 1143,1VR8072THN1001143
304561,D24X40III: 2773,1VRX200FEN1002773
304756,PD10R: 1253,1VRR1008PN1001253
304778,HG4000: 1135,1VRC312H8M1001135
304804,D20X22III: 3159,1VRA170VKN1003159
304806,RTX450: 6310,1VR4202UTN1006310
304809,D40X55III: 1782,1VRY240GCN1001782
304816,PD10R: 1252,1VRR1008TN1001252
304822,PD10R: 1254,1VRR1008KN1001254
304843,BC900XL: 50056,1VRD12AM0NF050056
304848,D20X22III: 3160,1VRA170VTN1003160
304855,D24X40III: 2774,1VRX200FCN1002774
304860,PD10R: 1255,1VRR1008JN1001255
304873,D10X15III: 2711,1VRA130VHN1002711
304881,D23X30III: 2614,1VRN2007CN1002614
304887,RTX450: 6311,1VR4202UPN1006311
304999,D40X55DRS3: 1067,1VR3240MJN1001067
305061,SC30TX: 4797,1VRC070NLN1004797
305095,D20X22III: 3161,1VRA170VPN1003161
305100,TG5000: 50002,1VRM46BE6N1050002
305104,PD10R: 1256,1VRR1008CN1001256
305117,BC1000XL: 51394,1VRD11AC5N1051394
305121,BC1000XL: 50006,1VRD11AC9N1050006
305124,BC1800XL: 10561,1VRY151Z6N1010561
305126,BC1000XL: 50030,1VRD11AC6N1050030
305130,TG7000: 2017,1VRY46360M1002017
305132,TG7000: 2004,1VRY46366K1002004
305133,TG5000: 1039,1VR240207L1001039
305134,TG7000: 2015,1VRY46369L1002015
305135,RTX130: 1011,1VR5071PPM1001011
305137,BC1000XL: 51395,1VRD11AC7N1051395
305140,T655III: 655,1VR7160GKN1000655
305141,SC362: 4780,1VRF112YVN1004780
305143,D40X55III: 1783,1VRY240GVN1001783
305144,SC382: 1466,1VRU112BEN1001466
305145,D10X15III: 2712,1VRA130VEN1002712
305147,RTX750: 4029,1VR9112MLM1004029
305148,RTX130: 1090,1VR5071PTN1001090
305151,ATX850: 353265,1M1KALB0EKV353265
305152,PD10R: 1257,1VRR1008VN1001257
305156,T755III: 600,1VR2180R9L1000600
305157,TR626: 4045,56S8552N1KF004045
305159,D10X15III: 667,1VRA130V7J1000667
305160,D24X40III: 525,1VRX200F8H1000525
305162,D23X30III: 861,1VRN20075J1000861
305167,BC1000XL: 51396,1VRD11AC9N1051396
305183,BC1000XL: 51397,1VRD11AC0N1051397
305188,D20X22III: 3162,1VRA170VKN1003162
305198,BC1000XL: 51398,1VRD11AC2N1051398
305215,PD10R: 1258,1VRR1008AN1001258
305219,D10X15III: 2713,1VRA130VCN1002713
305223,BC1000XL: 51399,1VRD11AC4N1051399
305227,D23X30III: 2615,1VRN2007TN1002615
305235,BC1000XL: 51400,1VRD11AC7N1051400
305239,RTX750: 4208,1VR9112MAN1004208
305245,BC1000XL: 51401,1VRD11AC9N1051401
305251,D24X40III: 2775,1VRX200FTN1002775
305437,PD10: 3324,1VRB100ZJN1003324
305451,BC900XL: 50057,1VRD12AM2NF050057
305453,D20X22III: 3163,1VRA170VJN1003163
305463,D23X30III: 2616,1VRN2007PN1002616
305475,D10X15III: 2714,1VRA130VTN1002714
305480,ATS Test 2928 - RevG (KM-OM Team),354596113242928
305481,ATS Test 4270 - RevG (ET-OM Team),354596113244270
305486,RTX450: 6312,1VR4202UKN1006312
305492,PD10R: 1259,1VRR1008LN1001259
305510,T755III: 613,1VR2180RTN1000613
305514,HG6800TX: 1050,1VRK4804KN1001050
305515,D23X30III: 2617,1VRN2007KN1002617
305553,D24X40III: 2776,1VRX200FPN1002776
305564,BC900XL: 50058,1VRD12AM4NF050058
305566,PD5R: 204,1VR6120REN1000204
305576,D20X22III: 3164,1VRA170VCN1003164
305586,D23X30III: 2618,1VRN2007JN1002618
305778,D20X22III: 3165,1VRA170VVN1003165
305781,PD10R: 1260,1VRR1008VN1001260
305790,D24X40III: 2777,1VRX200FKN1002777
305812,D10X15III: 2715,1VRA130VPN1002715
305839,D40X55III: 1784,1VRY240GAN1001784
305859,D20X22III: 3166,1VRA170VAN1003166
305869,PTX40: 1140,1VR8072TVN1001140
305878,D23X30III: 2619,1VRN2007CN1002619
305886,RTX450: 6314,1VR4202UCN1006314
306078,BC1000XL: 51040,1VRD11AC3N1051040
306085,BC1000XL: 51044,1VRD11AC0N1051044
306086,D24X40III: 2778,1VRX200FJN1002778
306090,BC1000XL: 51043,1VRD11AC9N1051043
306096,BC1000XL: 51042,1VRD11AC7N1051042
306100,BC1000XL: 51041,1VRD11AC5N1051041
306105,D23X30III: 2620,1VRN2007KN1002620
306114,BC1000XL: 51052,1VRD11ACXN1051052
306675,D20X22III: 3167,1VRA170VLN1003167
306684,PD10: 3326,1VRB100ZVN1003326
306695,D24X40III: 2779,1VRX200FCN1002779
306724,RTX550: 4007,1VR91125LM1004007
306726,RTX450: 6315,1VR4202UVN1006315
306734,D10X15III: 2716,1VRA130VKN1002716
306741,PTX40: 1139,1VR8072TLN1001139
306743,D24X40III: 2780,1VRX200FKN1002780
306747,PTX40: 1144,1VR8072TEN1001144
306754,SC30TX: 4808,1VRC070NKN1004808
306774,D10X15III: 2717,1VRA130VJN1002717
306777,PD10: 3327,1VRB100ZAN1003327
306784,BC900XL: 50059,1VRD12AM6NF050059
306809,D40X55III: 1785,1VRY200GPN1001785
306961,SC30TX: 4811,1VRC070NKN1004811
306976,SC30TX: 4809,1VRC070NJN1004809
306993,D20X22III: 3168,1VRA170VHN1003168
306998,SC30TX: 4810,1VRC070NPN1004810
306999,RTX750: 4209,1VR9112MLN1004209
307007,SC30TX: 4812,1VRC070NJN1004812
307017,SC30TX: 4813,1VRC070NCN1004813
307024,D10X15III: 2718,1VRA130VCN1002718
307027,HG6800TX: 1047,1VRK4804KN1001047
307055,D23X30III: 2622,1VRN2007CN1002622
307061,T655III: 656,1VR7160GJN1000656
307085,D10X15III: 2719,1VRA130VVN1002719
307111,D24X40III: 2781,1VRX200FJN1002781
307135,D20X22III: 3170,1VRA170VLN1003170
307138,SC362: 4798,1VRF112YEN1004798
307140,SC362: 4701,1VRF112YVN1004701
307142,BC1500: 50100,1VRD18AE9N1050100
307162,S925TX: 5693,1VRL0705EN1005693
307163,RTX1250: 4113,1VR6142R9H1004113
307165,RTX750: 3250,1VR9112M6J1003250
307167,RTX550: 3012,1VR91125PM1003012
307169,D24X40III: 1004,1VRX200F8K1001004
307170,RTX1250I2: 245,1VRR13296L1000245
307172,D24X40III: 1048,1VRX200F4L1001048
307175,D23X30III: 1356,1VRN20074L1001356
307176,D23X30III: 1106,1VRN20075K1001106
307178,PTX40: 223,1VR8072T9J1000223
307179,D24X40III: 955,1VRX200F1K1000955
307181,D24X40III: 838,1VRX200F8K1000838
307183,RTX1250: 4127,1VR6142R9H1004127
307226,D60X90S3: 1027,1VRJ2903TN1001027
307312,SC30TX: 4815,1VRC070NAN1004815
307332,SC30TX: 4816,1VRC070NLN1004816
307351,D23X30III: 2623,1VRN2007VN1002623
307356,D20X22III: 3169,1VRA170VEN1003169
307364,D10X15III: 2720,1VRA130VJN1002720
307378,RTX450: 6317,1VR4202ULN1006317
307380,BC1000XL: 51091,1VRD11AC9N1051091
307395,D24X40III: 2782,1VRX200FCN1002782
307409,D20X22III: 3171,1VRA170VHN1003171
307419,BC1000XL: 51092,1VRD11AC0N1051092
307437,RTX450: 6042,1VR4202ULM1006042
307438,BC900XL: 50061,1VRD12AM4NF050061
307441,D10X15III: 2721,1VRA130VCN1002721
307445,D23X30III: 2624,1VRN2007AN1002624
307602,SC30TX: 4817,1VRC070NHN1004817
307683,SC30TX: 4818,1VRC070NEN1004818
307684,D24X40III: 2783,1VRX200FVN1002783
307691,D10X15III: 2722,1VRA130VVN1002722
307693,PD10: 3328,1VRB100ZLN1003328
307721,SC30TX: 4819,1VRC070NCN1004819
307726,RTX450: 6049,1VR4202UJM1006049
307728,D23X30III: 2625,1VRN2007LN1002625
307735,PD10R: 1266,1VRR1008TN1001266
307754,D40X55DRS3: 1068,1VR3240MCN1001068
307762,BC900XL: 50062,1VRD12AM6NF050062
307770,D24X40III: 2784,1VRX200FAN1002784
307882,SC30TX: 4820,1VRC070NHN1004820
307932,SC30TX: 4821,1VRC070NEN1004821
308904,D20X22III: 3172,1VRA170VEN1003172
308908,D24X40III: 2785,1VRX200FLN1002785
308915,D10X15III: 2724,1VRA130VLN1002724
308918,PD10: 3330,1VRB100ZAN1003330
308920,D20X22III: 3174,1VRA170VTN1003174
308924,D20X22III: 3173,1VRA170VCN1003173
308927,Duplicate asset 003,LHP-ASSETID-308927
308933,RTX550: 4091,1VR91125HN1004091
308965,RTX450: 6318,1VR4202UHN1006318
308994,SC30TX: 4822,1VRC070NCN1004822
309025,PD10R: 1267,1VRR1008PN1001267
309039,D23X30III: 2626,1VRN2007HN1002626
309042,D10X15III: 2725,1VRA130VHN1002725
309054,BC1000XL: 51138,1VRD11AC9N1051138
309060,D40X55III: 1786,1VRY200GKN1001786
309065,RTX750: 4210,1VR9112MVN1004210
309069,BC1000XL: 51140,1VRD11AC7N1051140
309073,BC900XL: 50063,1VRD12AM8NF050063
309085,D10X15III: 2723,1VRA130VAN1002723
309089,D20X22III: 3175,1VRA170VPN1003175
309099,RTX450: 6313,1VR4202UJN1006313
309101,RTX130: 1136,1VR5071PCN1001136
309102,BC1000XL: 51032,1VRD11AC4N1051032
309104,BC1000XL: 51033,1VRD11AC6N1051033
309105,CTX100: 4754,1VRZ080HKN1004754
309106,1VRF102TYN1002201,1VRF102TYN1002201
309111,SC30TX: 4734,1VRC070NAN1004734
309113,S925TX: 5791,1VRL0705EN1005791
309281,SC30TX: 4824,1VRC070NPN1004824
309299,D23X30III: 2627,1VRN2007EN1002627
309309,BC900XL: 50064,1VRD12AMXNF050064
309311,D10X15III: 2726,1VRA130VEN1002726
309314,PD10R: 1268,1VRR1008KN1001268
309316,BC1000XL: 51162,1VRD11AC6N1051162
309330,PD10: 3332,1VRB100ZHN1003332
309331,SC30TX: 4825,1VRC070NKN1004825
309358,SC30TX: 4823,1VRC070NTN1004823
309373,D20X22III: 3176,1VRA170VKN1003176
309379,D24X40III: 2786,1VRX200FHN1002786
309384,RTX750: 4211,1VR9112MAN1004211
309392,BC1200XL: 50019,1VRD14AD4N1050019
309395,PD10: 3331,1VRB100ZLN1003331
309398,PD10R: 1269,1VRR1008JN1001269
309407,D10X15III: 2727,1VRA130VCN1002727
309416,PD10: 3333,1VRB100ZEN1003333
309614,BC900XL: 50065,1VRD12AM1NF050065
309622,SC30TX: 4827,1VRC070NCN1004827
309626,PD10R: 1270,1VRR1008PN1001270
309628,SC30TX: 4826,1VRC070NJN1004826
309629,D20X22III: 3177,1VRA170VJN1003177
309695,RTX450: 6045,1VR4202UCM1006045
309698,BC1000XL: 51193,1VRD11AC6N1051193
309702,D23X30DRS3: 1089,1VRJ2103CN1001089
309703,BC1200XL: 50011,1VRD14ADXN1050011
309707,PD10: 3334,1VRB100ZCN1003334
309709,BC1000XL: 51190,1VRD11AC0N1051190
309715,RTX550: 4092,1VR91125EN1004092
309723,SC30TX: 4828,1VRC070NVN1004828
309739,BC1200XL: 50010,1VRD14AD8N1050010
309740,D10X15III: 2728,1VRA130VTN1002728
309741,D23X30III: 2621,1VRN2007JN1002621
309745,BC1000XL: 51200,1VRD11ACXN1051200
309749,PD10R: 1271,1VRR1008KN1001271
309774,duplicate asset,0007
309968,D-28,LHP-ASSETID-309968
309985,BC1000XL: 51201,1VRD11AC1N1051201
309996,D40X55III: 1787,1VRY200GJN1001787
310001,SC30TX: 4829,1VRC070NAN1004829
310002,D8X12: 1119,1VR7130SLN1001119
310016,SC30TX: 4830,1VRC070NCN1004830
310053,D20X22III: 3178,1VRA170VCN1003178
310056,SC30TX: 4831,1VRC070NVN1004831
310059,D10X15III: 2729,1VRA130VPN1002729
310064,D24X40III: 2787,1VRX200FEN1002787
310110,PD10: 3336,1VRB100ZPN1003336
310113,D23X30III: 2628,1VRN2007CN1002628
310118,D20X22III: 3179,1VRA170VVN1003179
310126,PD10: 3335,1VRB100ZTN1003335
310291,SC30TX: 4832,1VRC070NAN1004832
310325,RTX450: 6323,1VR4202UCN1006323
310343,T655III: 657,1VR7160GCN1000657
310351,HG6800TX: 1048,1VRK4804JN1001048
310360,D10X15III: 2730,1VRA130VCN1002730
310362,TG5000: 50003,1VRM46BE8N1050003
310365,PD10R: 1272,1VRR1008JN1001272
310390,BC900XL: 50067,1VRD12AM5NF050067
310397,PD10: 3337,1VRB100ZKN1003337
310406,SC292: 2155,1VRF102YEN1002155
310432,BC700XL: 51080,1VRA10AL8N1051080
310434,D23X30III: 4001,1VRN2007CN1004001
310440,D8X12: 1120,1VR7130SVN1001120
310443,RTX450: 6324,1VR4202UTN1006324
310447,RTX750: 4213,1VR9112MHN1004213
310463,PD10R: 1273,1VRR1008CN1001273
310466,D24X40III: 2788,1VRX200FCN1002788
310645,CTX160: 1722,1VR3080MHN1001722
310646,D10X15III: 2731,1VRA130VTN1002731
310659,D23X30III: 2629,1VRN2007TN1002629
310665,D20X22III: 3180,1VRA170VJN1003180
310698,D24X40III: 2789,1VRX200FTN1002789
311231,D20X22III: 3181,1VRA170VCN1003181
311240,PD10: 3338,1VRB100ZJN1003338
311246,D40X55III: 1788,1VRY240GCN1001788
311288,D24X40III: 2790,1VRX200FEN1002790
311305,D10X15III: 2732,1VRA130VPN1002732
311307,RTX1250I2: 577,1VRR1329PN1000577
311308,D24X40III: 1080,1VRX200F0L1001080
311310,RTX750: 4201,1VR9112MCN1004201
311313,TR626: 4053,56S8552N0KF004053
311343,RTX750: 4045,1VR9112MAM1004045
311359,PD10R: 1274,1VRR1008VN1001274
311365,D20X22III: 3182,1VRA170VVN1003182
311367,RTX750: 4058,1VR9112MVM1004058
311372,BC1000XL: 51411,1VRD11AC1N1051411
311375,BC1000XL: 51011,1VRD11AC7N1051011
311376,RTX250: 2916,1VRD070DLN1002916
311379,BC1500: 12457,1VR2181V4N1012457
311380,RTX750: 4214,1VR9112MEN1004214
311381,BC1500: 50034,1VRD18AE0N1050034
311417,RTX450: 6325,1VR4202UPN1006325
311614,D40X55III: 1789,1VRY200GVN1001789
311617,D10X15III: 2733,1VRA130VKN1002733
311624,D24X40III: 2791,1VRX200FCN1002791
311628,TR6400: 107,1VRT402A2MF000107
311641,PD10: 3339,1VRB100ZCN1003339
311664,D8X12: 1121,1VR7130SAN1001121
311675,MX300D: 110,1VRK0604CNF000110
311684,RTX750: 4215,1VR9112MCN1004215
311688,BC1000XL: 50055,1VRD11AC0N1050055
311713,D23X30III: 2630,1VRN2007EN1002630
311716,PD10R: 1276,1VRR1008LN1001276
311718,D20X22III: 3183,1VRA170VAN1003183
311735,D10X15III: 2734,1VRA130VJN1002734
311742,D24X40III: 2792,1VRX200FTN1002792
311918,HG6800TX: 1051,1VRK4804JN1001051
311935,BC700XL: 51081,1VRA10ALXN1051081
311939,SC30TX: 4833,1VRC070NLN1004833
311947,BC900XL: 50070,1VRD12AM5NF050070
311950,SC30TX: 4834,1VRC070NHN1004834
311965,BC700XL SN051083,1VRA10AL1N1051083
311966,PD10: 3340,1VRB100ZKN1003340
311968,HG6000: 3005,1VRY39318M1003005
311974,D23X30III: 2631,1VRN2007CN1002631
311979,D20X22III: 3184,1VRA170VLN1003184
311980,PD10: 3341,1VRB100ZJN1003341
312009,PD10R: 1277,1VRR1008HN1001277
312018,RTX1250I2: 593,1VRR1329TN1000593
312027,SC30TX: 4836,1VRC070NCN1004836
312037,D40X55III: 1790,1VRY200GJN1001790
312048,D8X12: 1122,1VR7130SLN1001122
312058,TR5300EM: 101,1VR1391K2LF000101
312076,D24X40III: 2793,1VRX200FPN1002793
312241,SC30TX: 4837,1VRC070NTN1004837
312266,D20X22III: 3185,1VRA170VHN1003185
312296,D10X15III: 2736,1VRA130VVN1002736
312300,D23X30III: 2632,1VRN2007TN1002632
312301,RTX750: 4006,1VR9112M7L1004006
312306,BC900XL: 50071,1VRD12AM7NF050071
312311,RTX550: 3016,1VR91125VM1003016
312312,D10X15III: 2735,1VRA130VCN1002735
312314,PD10: 3343,1VRB100ZVN1003343
312316,RTX750: 4216,1VR9112MTN1004216
312331,PTX40: 1148,1VR8072TKN1001148
312338,D20X22III: 3186,1VRA170VEN1003186
312343,D24X40III: 2794,1VRX200FKN1002794
312353,D10X15III: 2737,1VRA130VAN1002737
312376,BC1000XL: 51322,1VRD11AC2N1051322
312394,PTX40: 1147,1VR8072TPN1001147
312399,PD10R: 1278,1VRR1008EN1001278
312408,D23X30III: 2633,1VRN2007PN1002633
312418,BC700XL: 51088,1VRA10AL2N1051088
312425,PD10R: 1181,1VRR1008LN1001181
312434,D60X90S3: 1028,1VRJ2903PN1001028
312591,BC700XL: 51089,1VRA10AL4N1051089
312613,D20X22III: 3187,1VRA170VCN1003187
312628,PD10: 3344,1VRB100ZAN1003344
312646,D24X40III: 2795,1VRX200FJN1002795
312648,BC700XL: 51090,1VRA10AL0N1051090
312653,PD10R: 1279,1VRR1008CN1001279
312665,PD10: 3342,1VRB100ZCN1003342
312672,D10X15III: 2738,1VRA130VLN1002738
312697,BC900XL: 50072,1VRD12AM9NF050072
312704,D23X30III: 2634,1VRN2007KN1002634
312726,PD10: 3345,1VRB100ZLN1003345
312730,D8X12: 1123,1VR7130SHN1001123
312738,BC700XL: 51091,1VRA10AL2N1051091
312748,D24X40III: 2796,1VRX200FCN1002796
312811,D40X55DRS3: 1069,1VR3240MVN1001069
312935,D20X22III: 3188,1VRA170VTN1003188
312946,D23X30III: 2635,1VRN2007JN1002635
312969,D10X15III: 2739,1VRA130VHN1002739
312991,SC30TX: 4835,1VRC070NEN1004835
312995,D20X22III: 3189,1VRA170VPN1003189
312997,D24X40III: 2797,1VRX200FVN1002797
313512,T655III: 658,1VR7160GVN1000658
313515,HG6800TX: 1054,1VRK4804AN1001054
313541,D10X15III: 2740,1VRA130VAN1002740
313548,D23X30III: 2636,1VRN2007CN1002636
313566,BC700XL: 51092,1VRA10AL4N1051092
313580,D24X40III: 2798,1VRX200FAN1002798
313587,D20X22III: 3190,1VRA170VCN1003190
313595,PD10: 3346,1VRB100ZHN1003346
313608,BC900XL: 50073,1VRD12AM0NF050073
313612,RTX450: 6330,1VR4202UJN1006330
313619,D23X30III: 2637,1VRN2007VN1002637
313620,PD10: 3347,1VRB100ZEN1003347
313627,PD10R: 1207,1VRR1008JN1001207
313628,PD10R: 1205,1VRR1008PN1001205
313629,PD10R: 1185,1VRR1008TN1001185
313630,PD10R: 1199,1VRR1008TN1001199
313631,BC1000XL: 51031,1VRD11AC2N1051031
313633,CTX100: 4613,1VRZ080HCN1004613
313634,1VR8072PTN1001150,1VR8072PTN1001150
313636,D10X15III: 2741,1VRA130VLN1002741
313649,BC1000XL: 36468,1VRY11192N1036468
313651,MX300: 143,1VRL05051KF000143
313652,MX300: 366,1VRL05058LF000366
313656,TK1000: 404,1VRM08063LF000404
313657,TK1000: 881,1VRM0806VMF000881
313658,BC1000XL: 51007,1VRD11AC5N1051007
313659,IVRD11ACXN1051004,IVRD11ACXN1051004
313661,BC1500: 50121,1VRD18AE6N1050121
313849,PD10R: 1280,1VRR1008HN1001280
313851,BC700XL: 51094,1VRA10AL8N1051094
313860,D24X40III: 2799,1VRX200FLN1002799
313864,D8X12: 1124,1VR7130SEN1001124
313879,BC700XL: 51093,1VRA10AL6N1051093
313885,PD10R: 1281,1VRR1008EN1001281
313901,D20X22III: 3191,1VRA170VTN1003191
313910,TG5000: 50004,1VRJ40BEXN1050004
313923,SC292: 2213,1VRF102YJN1002213
313933,D10X15III: 2742,1VRA130VHN1002742
313935,RTX550: 4095,1VR91125PN1004095
313937,D23X30III: 2638,1VRN2007AN1002638
313956,BC700XL: 51096,1VRA10AL1N1051096
313966,PD10: 3349,1VRB100ZTN1003349
313972,D20X22III: 3192,1VRA170VPN1003192
314162,PD10R: 1282,1VRR1008CN1001282
314184,PD10: 3348,1VRB100ZCN1003348
314187,BC900XL: 50075,1VRD12AM4NF050075
314194,BC700XL: 51097,1VRA10AL3N1051097
314195,D10X15III: 2743,1VRA130VEN1002743
314217,PD10: 3350,1VRB100ZEN1003350
314230,RTX750: 4219,1VR9112MJN1004219
314232,BC700XL: 51098,1VRA10AL5N1051098
314239,D10X15III: 2744,1VRA130VCN1002744
314245,D24X40III: 2800,1VRX200FJN1002800
314248,RTX750: 4220,1VR9112MPN1004220
314253,ORLANDO VACANT TRUCK,1FVACWDT1DHFH4569
314265,BC700XL: 51099,1VRA10AL7N1051099
314287,D20X22III: 3193,1VRA170VKN1003193
314294,D24X40III: 2801,1VRX200FCN1002801
314308,BC700XL: 51100,1VRA10ALXN1051100
314311,D10X15III: 2745,1VRA130VTN1002745
314489,PD10R: 1283,1VRR1008TN1001283
314504,BC700XL: 51101,1VRA10AL1N1051101
314515,BC900XL: 50076,1VRD12AM6NF050076
314527,D40X55III: 1791,1VRY240GCN1001791
314532,D20X22III: 3194,1VRA170VJN1003194
314542,BC700XL: 51102,1VRA10AL3N1051102
314545,PD10: 3352,1VRB100ZTN1003352
314569,D23X30III: 2639,1VRN2007LN1002639
314574,RTX750: 4221,1VR9112MKN1004221
314577,D10X15III: 2746,1VRA130VPN1002746
314582,BC1200XL: 50036,1VRD14AD4N1050036
314610,PD10R: 1284,1VRR1008PN1001284
314616,D24X40III: 2802,1VRX200FVN1002802
314638,D20X22III: 3195,1VRA170VCN1003195
314811,PD10: 3353,1VRB100ZPN1003353
314813,D23X30III: 2640,1VRN2007VN1002640
314814,HG4000G2: 50001,1VRL37A10N1050001
314828,PD10: 3351,1VRB100ZCN1003351
314838,BC700XL: 51103,1VRA10AL5N1051103
314872,BC900XL: 50077,1VRD12AM8NF050077
314874,D24X40III: 2803,1VRX200FAN1002803
314880,D10X15III: 2747,1VRA130VKN1002747
314889,PD10R: 1285,1VRR1008KN1001285
314914,RTX550: 4096,1VR91125KN1004096
314919,RTX450: 6334,1VR4202ULN1006334
314930,PD10: 3354,1VRB100ZKN1003354
314932,D23X30III: 2641,1VRN2007AN1002641
314941,D8X12: 1125,1VR7130SCN1001125
314960,RTX450: 6335,1VR4202UHN1006335
314963,D20X22III: 3196,1VRA170VVN1003196
315741,PD10R: 1286,1VRR1008JN1001286
315745,D10X15III: 2748,1VRA130VJN1002748
315748,D24X40III: 2804,1VRX200FLN1002804
315771,D100X140S3: 329,1VRB360WCN1000329
315773,D20X22III: 3197,1VRA170VAN1003197
315779,PD10: 3355,1VRB100ZJN1003355
315784,RTX750: 4222,1VR9112MJN1004222
315796,D10X15III: 2749,1VRA130VCN1002749
315800,TG7000: 50003,1VRM46BF7N1050003
315804,RTX450: 6037,1VR4202UVM1006037
315811,SC30TX: 4856,1VRC070NKN1004856
315813,BC900XL: 50078,1VRD12AMXNF050078
315825,BC900XL: 50079,1VRD12AM1NF050079
315830,D20X22III: 3198,1VRA170VLN1003198
315836,D10X15III: 2750,1VRA130VKN1002750
315838,PD10R: 1287,1VRR1008CN1001287
315840,SC30TX: 4855,1VRC070NPN1004855
315845,D23X30DRS3: 1090,1VRJ2103HN1001090
315852,RTX450: 6336,1VR4202UEN1006336
315858,BC1000XL: 51141,1VRD11AC9N1051141
315876,D8X12: 182,1VR7130S5J1000182
315878,S925TX: 5848,1VRL0705VN1005848
315880,BC700XL: 51061,1VRA10AL4N1051061
315882,FT100: 2003,1VRN10076H1002003
315934,D40X55DRS3: 1070,1VR3240MJN1001070
316062,BC1000XL: 51590,1VRD11AC5N1051590
316065,T655III: 659,1VR7160GAN1000659
316076,BC1000XL: 51591,1VRD11AC7N1051591
316078,D23X30III: 2642,1VRN2007LN1002642
316090,D20X22III: 3199,1VRA170VHN1003199
316095,D10X15III: 2751,1VRA130VJN1002751
316098,PD10: 3356,1VRB100ZCN1003356
316102,PD10R: 1288,1VRR1008VN1001288
316111,D24X40III: 2805,1VRX200FHN1002805
316127,D20X22III: 3200,1VRA170VCN1003200
316134,PD10: 3357,1VRB100ZVN1003357
316156,D23X30III: 2643,1VRN2007HN1002643
316162,RTX750: 4223,1VR9112MCN1004223
316167,RTX1250I2: 721,1VRR1429CN1000721
316177,D10X15III: 2752,1VRA130VCN1002752
316182,D23X30DRS3: 2001,1VRJ2103EN1002001
316372,PD10R: 1289,1VRR1008AN1001289
316384,D40X55III: 1792,1VRY240GTN1001792
316394,D20X22III: 3201,1VRA170VVN1003201
316397,SC30TX: 4858,1VRC070NCN1004858
316408,PD10: 3358,1VRB100ZAN1003358
316432,D23X30III: 2644,1VRN2007EN1002644
316439,D10X15III: 2753,1VRA130VVN1002753
316449,BC900XL: 50080,1VRD12AM8NF050080
316451,PD10: 3359,1VRB100ZLN1003359
316463,D100X140S3: 304,1VRB360WHM1000304
316472,RTX750: 4224,1VR9112MVN1004224
316492,D8X12: 1126,1VR7130STN1001126
316494,SC70TX: 3084,1VRK1203PN1003084
316504,D24X40III: 2806,1VRX200FEN1002806
316565,D40X55DRS3: 1071,1VR3240MCN1001071
316690,D20X22III: 3202,1VRA170VAN1003202
316695,BC1000XL: 51606,1VRD11AC5N1051606
316704,PD10R: 1290,1VRR1008CN1001290
316707,BC1000XL: 51607,1VRD11AC7N1051607
316720,D10X15III: 2754,1VRA130VAN1002754
316752,PD10: 3360,1VRB100ZVN1003360
316761,D23X30III: 4002,1VRN2007VN1004002
316763,D20X22III: 3203,1VRA170VLN1003203
316788,D10X15III: 2755,1VRA130VLN1002755
316791,RTX450: 6340,1VR4202UCN1006340
316797,D10X15III: 949,1VRA130V4K1000949
316811,SC30TX: 4857,1VRC070NJN1004857
316814,BC1000XL: 51608,1VRD11AC9N1051608
316835,RTX550: 4097,1VR91125JN1004097
317024,PD10R: 1291,1VRR1008VN1001291
317028,D23X30DRS3: 1091,1VRJ2103EN1001091
317042,D20X22III: 3204,1VRA170VHN1003204
317053,D10X15III: 2756,1VRA130VHN1002756
317055,D24X40III: 2807,1VRX200FCN1002807
317090,BC1000XL: 51618,1VRD11AC1N1051618
317101,D23X30III: 2645,1VRN2007CN1002645
317102,BC900XL: 50082,1VRD12AM1NF050082
317115,BC1000XL: 51619,1VRD11AC3N1051619
317118,SC30TX: 4859,1VRC070NVN1004859
317127,D8X12: 1127,1VR7130SPN1001127
317129,PD10R: 1292,1VRR1008AN1001292
317135,BC700XL: 51121,1VRA10AL7N1051121
317195,T655III: 628,1VR7260G3K1000628
317938,D24X40III: 2808,1VRX200FTN1002808
317944,D20X22III: 3205,1VRA170VEN1003205
317951,PD10: 3362,1VRB100ZLN1003362
317956,RTX750: 4225,1VR9112MAN1004225
317957,BC1000XL: 51623,1VRD11AC5N1051623
317966,D40X55III: 1793,1VRY240GPN1001793
317969,PD10: 3364,1VRB100ZEN1003364
317975,BC1000XL: 51624,1VRD11AC7N1051624
318972,BC700XL: 51122,1VRA10AL9N1051122
318976,BC1000XL: 51625,1VRD11AC9N1051625
318981,D24X40III: 2809,1VRX200FPN1002809
318985,D10X15III: 2758,1VRA130VCN1002758
318989,PD10: 3365,1VRB100ZCN1003365
318999,BC900XL: 50083,1VRD12AM3NF050083
319007,D10X15III: 2757,1VRA130VEN1002757
319023,T555III: 1528,1VR2150WCN1001528
319026,D23X30III: 2646,1VRN2007TN1002646
319029,HG6800TX: 1052,1VRK4804CN1001052
319035,HG6000TX: 3016,1VR2390AHN1003016
319037,D20X22III: 3206,1VRA170VCN1003206
319044,RTX750: 4226,1VR9112MLN1004226
319053,BC1000XL: 36428,1VRY11191N1036428
319090,BC900XL: 50060,1VRD12AM2NF050060
319092,SC70TX: 3184,1VRK1203JN1003184
319093,BC900XL: 50036,1VRD12AM5NF050036
319094,PD10R: 1190,1VRR1008KN1001190
319275,D24X40III: 2810,1VRX200FCN1002810
319276,PD10: 3366,1VRB100ZTN1003366
319279,RTX450: 6345,1VR4202UCN1006345
319290,D10X15III: 2759,1VRA130VTN1002759
319306,PD10R: 1293,1VRR1008LN1001293
319307,D10X15III: 450,1VRA130V1H1000450
319309,PTX44: 1678,1VR8072SAN1001678
319311,PTX44: 1671,1VR8072SCN1001671
319312,WG111786,WG111786
319317,BC700XL: 51124,1VRD10AL6N1051124
319332,D20X22III: 3207,1VRA170VTN1003207
319338,D23X30III: 2647,1VRN2007PN1002647
319431,BC900XL: 50084,1VRD12AM5NF050084
319435,EV Test HG4000G2 Simulator,3102035003338
319440,D10X15III: 2760,1VRA130VEN1002760
319441,PD10R: 1163,1VRR1008AN1001163
319443,PD10R: 1164,1VRR1008LN1001164
319445,PD10R: 1168,1VRR1008TN1001168
319495,D40X55III: 1794,1VRY240GKN1001794
319500,TG5000: 50005,1VRJ40BE1N1050005
319516,D23X30III: 2648,1VRN2007KN1002648
319815,PD10: 3368,1VRB100ZKN1003368
319852,D24X40III: 2811,1VRX200FTN1002811
319872,PD10R: 1294,1VRR1008HN1001294
319880,D10X15III: 2761,1VRA130VCN1002761
319884,D8X12: 1128,1VR7130SKN1001128
319889,RTX750: 4228,1VR9112MEN1004228
319893,D24X40III: 2812,1VRX200FPN1002812
319902,PD10: 3367,1VRB100ZPN1003367
319905,PD10R: 1295,1VRR1008EN1001295
319910,D20X22III: 3208,1VRA170VPN1003208
319931,D10X15III: 2762,1VRA130VTN1002762
319933,PD5R: 207,1VR6120RPN1000207
319937,BC900XL: 50085,1VRD12AM7NF050085
319956,D23X30III: 2649,1VRN2007JN1002649
319970,D20X22III: 3209,1VRA170VKN1003209
320195,RTX450: 6347,1VR4202UAN1006347
320197,BC700XL: 51123,1VRA10AL0N1051123
320206,RTX450: 6348,1VR4202ULN1006348
320226,PD5R: 208,1VR6120RKN1000208
320231,D40X55III: 1795,1VRY200GHN1001795
320233,BC1500: 51047,1VRD18AE3N1051047
320242,D10X15III: 2763,1VRA130VPN1002763
320287,PD10R: 1296,1VRR1008CN1001296
320293,PD10: 3369,1VRB100ZJN1003369
320301,D23X30III: 2650,1VRN2007PN1002650
320342,D20X22III: 3210,1VRA170VTN1003210
320361,D8X12: 1129,1VR7130SJN1001129
320369,BC1000XL: 51653,1VRD11AC3N1051653
320387,PD10: 3370,1VRB100ZPN1003370
320394,D23X30III: 2651,1VRN2007KN1002651
320405,RTX550: 4098,1VR91125CN1004098
320407,RTX450: 6349,1VR4202UHN1006349
320516,D100X140S3: 330,1VRB360WKN1000330
320636,BC1000XL: 51654,1VRD11AC5N1051654
320652,PTX42: 364,1VRK0724EN1000364
320654,PD10R: 1297,1VRR1008TN1001297
320661,RTX450: 6350,1VR4202UAN1006350
320668,D10X15III: 2764,1VRA130VKN1002764
320672,SC30TX: 4865,1VRC070NHN1004865
320679,D40X55III: 1796,1VRY240GCN1001796
320683,D20X22III: 3211,1VRA170VPN1003211
320708,D24X40III: 2813,1VRX200FKN1002813
320711,SC30TX: 4866,1VRC070NEN1004866
320847,D10X15III: 2765,1VRA130VJN1002765
320856,D23X30III: 2652,1VRN2007JN1002652
320862,PD10: 3371,1VRB100ZKN1003371
320868,BC700XL: 51129,1VRA10AL1N1051129
320876,duplicate asset,000008
320878,BC900XL: 50086,1VRD12AM9NF050086
321118,D24X40III: 2814,1VRX200FJN1002814
321124,SC30TX: 4867,1VRC070NCN1004867
321149,SC30TX: 4868,1VRC070NTN1004868
321156,BC700XL: 51130,1VRA10AL8N1051130
321190,D23X30DRS3: 1092,1VRJ2103CN1001092
321706,PD10: 3372,1VRB100ZJN1003372
321715,RTX750: 4230,1VR9112MHN1004230
321724,SC30TX: 4869,1VRC070NPN1004869
321730,D23X30III: 2653,1VRN2007CN1002653
321746,PD10R: 122,1VRR10082K1000122
321749,D20X22III: 3212,1VRA170VKN1003212
321763,SC30TX: 4870,1VRC070NCN1004870
321820,PD10R: 1298,1VRR1008PN1001298
321822,RTX750: 4231,1VR9112MEN1004231
321823,D10X15III: 2766,1VRA130VCN1002766
321825,TG5000: 50006,1VRJ40BE3N1050006
321888,D40X55III: 1797,1VRY200GCN1001797
321891,PD10: 3373,1VRB100ZCN1003373
321900,BC900XL: 50087,1VRD12AM0NF050087
321914,D20X22III: 3213,1VRA170VJN1003213
321917,SC30TX: 4871,1VRC070NTN1004871
321929,D24X40III: 2815,1VRX200FCN1002815
321931,BC1000XL: 51669,1VRD11AC7N1051669
321933,RTX450: 6352,1VR4202UHN1006352
321947,PD10R: 1299,1VRR1008KN1001299
321951,BC700XL: 51132,1VRA10AL1N1051132
321953,RTX550: 3008,1VR911255L1003008
322149,BC1000XL: 51670,1VRD11AC3N1051670
322154,SC30TX: 4872,1VRC070NPN1004872
322160,D23X30III: 2654,1VRN2007VN1002654
322167,D10X15III: 2767,1VRA130VVN1002767
322177,S925TX: 5897,1VRL0705AN1005897
322189,BC1000XL: 51671,1VRD11AC5N1051671
322194,RTX750: 4232,1VR9112MCN1004232
322212,D24X40III: 2816,1VRX200FVN1002816
322214,PD10: 3374,1VRB100ZVN1003374
322216,RTX450: 6353,1VR4202UEN1006353
322220,SC30TX: 4873,1VRC070NKN1004873
322224,D20X22III: 3214,1VRA170VCN1003214
322257,PD10R: 1300,1VRR1008EN1001300
322263,CTX160: 1789,1VR3080MKN1001789
322273,HG6000TX: 3017,1VR2390AEN1003017
322279,D8X12: 1130,1VR7130SPN1001130
322291,BC700XL: 51136,1VRA10AL9N1051136
322300,D24X40III: 2817,1VRX200FAN1002817
322301,PD10: 3375,1VRB100ZAN1003375
322494,D10X15III: 2768,1VRA130VAN1002768
322495,RTX450: 6354,1VR4202UCN1006354
322499,CTX160: 1747,1VR3080MVN1001747
322501,PD5R: 209,1VR6120RJN1000209
322502,RTX750: 4233,1VR9112MTN1004233
322512,BC900XL: 50088,1VRD12AM2NF050088
322519,D23X30III: 2655,1VRN2007AN1002655
322528,PD10: 3376,1VRB100ZLN1003376
322554,BC1500: 51051,1VRD18AE5N1051051
322558,BC700XL: 51138,1VRA10AL2N1051138
322563,D20X22III: 3215,1VRA170VVN1003215
322567,D40X55III: 1798,1VRY240GAN1001798
322598,CC155: 1045,1VR2152EKN1001045
322602,PD10R: 1301,1VRR1008CN1001301
322603,T755III: 614,1VR2180RPN1000614
322606,D10X15III: 2769,1VRA130VLN1002769
322610,BC700XL: 51139,1VRA10AL4N1051139
322612,T1055III: 576,1VR2210T5L1000576
322614,RTX450: 6355,1VR4202UTN1006355
322817,SC30TX: 4874,1VRC070NJN1004874
322822,D10X15III: 2770,1VRA130VVN1002770
322828,PTX42: 365,1VRK0724CN1000365
322837,BC900XL: 50089,1VRD12AM4NF050089
322839,BC700XL: 51140,1VRA10AL0N1051140
322841,D20X22III: 3216,1VRA170VAN1003216
322845,BC1000XL: 51323,1VRD11AC4N1051323
322846,BC1000XL: 51236,1VRD11AC9N1051236
322849,RTX450: 6351,1VR4202ULN1006351
322855,PD10: 3377,1VRB100ZHN1003377
322866,PD10R: 1302,1VRR1008TN1001302
322869,BC700XL: 51141,1VRA10AL2N1051141
322881,D23X30III: 4003,1VRN2007AN1004003
322885,D10X15III: 2771,1VRA130VAN1002771
322886,D24X40III: 2818,1VRX200FLN1002818
322903,BC700XL: 51142,1VRA10AL4N1051142
322921,PD10: 3378,1VRB100ZEN1003378
322922,RTX550: 4010,1VR91125LM1004010
322930,D20X22III: 3217,1VRA170VLN1003217
322932,BC1000XL: 51692,1VRD11AC2N1051692
322936,BC1500: 51058,1VRD18AE8N1051058
322940,BC1500: 51056,1VRD18AE4N1051056
322961,BC700XL: 51144,1VRA10AL8N1051144
322963,D40X55III: 1799,1VRY200GPN1001799
323143,MX300D: 111,1VRK0604TNF000111
323156,HG6800TX: 1053,1VRK4804VN1001053
323163,BC700XL: 51145,1VRA10ALXN1051145
323164,CTX160: 1790,1VR3080MTN1001790
323166,BC1500: 51060,1VRD18AE6N1051060
323174,BC1500: 51062,1VRD18AEXN1051062
323178,D24X40III: 2819,1VRX200FHN1002819
323185,D10X15III: 2772,1VRA130VLN1002772
323186,PD10: 3379,1VRB100ZCN1003379
323197,BC700XL: 51146,1VRA10AL1N1051146
323231,D20X22III: 3218,1VRA170VHN1003218
323241,BC700XL: 51147,1VRA10AL3N1051147
323247,PD10: 3380,1VRB100ZHN1003380
323251,D23X30III: 2656,1VRN2007LN1002656
323267,RTX450: 6358,1VR4202UJN1006358
324332,D24X40III: 2820,1VRX200FAN1002820
324340,D10X15III: 2773,1VRA130VHN1002773
324356,BC700XL: 51148,1VRA10AL5N1051148
324380,PD10: 3381,1VRB100ZEN1003381
324388,BC900XL: 50090,1VRD12AM0NF050090
324398,BC700XL: 51149,1VRA10AL7N1051149
324402,D20X22III: 3219,1VRA170VEN1003219
324404,PD10R: 1304,1VRR1008KN1001304
324408,D40X55III: 1800,1VRY200GHN1001800
324440,D10X15III: 2774,1VRA130VEN1002774
324452,PD10R: 1305,1VRR1008JN1001305
324455,BC700XL: 51150,1VRA10AL3N1051150
324491,SC362: 4882,1VRF112YEN1004882
324492,BC1500: 51016,1VRD18AE3N1051016
324574,D60X90S3: 1029,1VRJ2903KN1001029
324652,D23X30DRS3: 1093,1VRJ2103TN1001093
324671,RTX750: 4238,1VR9112MVN1004238
324677,RTX450: 6359,1VR4202UCN1006359
324681,D8X12: 1131,1VR7130SKN1001131
324691,PD10R: 1306,1VRR1008CN1001306
324713,PD10: 3382,1VRB100ZCN1003382
324721,D20X22III: 3220,1VRA170VLN1003220
324732,BC700XL: 51152,1VRA10AL7N1051152
324733,D24X40III: 2821,1VRX200FLN1002821
324740,D23X30III: 2657,1VRN2007HN1002657
324741,BC900XL: 50092,1VRD12AM4NF050092
324759,D10X15III: 2775,1VRA130VCN1002775
324769,RTX450: 6360,1VR4202UKN1006360
324780,RTX750: 4239,1VR9112MAN1004239
324968,D40X55III: 1801,1VRY200GEN1001801
324980,duplicate asset00032,00002
324988,RTX450: 6361,1VR4202UJN1006361
324999,RTX550: 4005,1VR91125VM1004005
325026,BC700XL: 51154,1VRA10AL0N1051154
325040,PD10: 3361,1VRB100ZAN1003361
325051,D20X22III: 3221,1VRA170VHN1003221
325059,CTX160: 1744,1VR3080MKN1001744
325076,D23X30III: 2658,1VRN2007EN1002658
325090,D24X40III: 2822,1VRX200FHN1002822
325095,BC700XL: 51155,1VRA10AL2N1051155
325111,D20X22III: 3222,1VRA170VEN1003222
325117,D40X55III: 1802,1VRY200GCN1001802
325328,BC700XL: 51156,1VRA10AL4N1051156
325351,D20X22III: 3223,1VRA170VCN1003223
325358,BC900XL: 50093,1VRD12AM6NF050093
325361,D10X15III: 2776,1VRA130VTN1002776
325374,D24X40III: 2823,1VRX200FEN1002823
325399,RTX750: 4240,1VR9112MCN1004240
325401,BC700XL: 51157,1VRA10AL6N1051157
325430,D20X22III: 3224,1VRA170VTN1003224
325500,D100X140S3: 331,1VRB360WJN1000331
326209,BC700XL: 51158,1VRA10AL8N1051158
326214,D23X30III: 2659,1VRN2007CN1002659
326224,RTX450: 6362,1VR4202UCN1006362
326240,D20X22III: 3225,1VRA170VPN1003225
326247,D10X15III: 2777,1VRA130VPN1002777
326252,PD10: 3383,1VRB100ZTN1003383
326262,D24X40III: 2824,1VRX200FCN1002824
326264,BC700XL: 51159,1VRA10ALXN1051159
326281,SC30TX: 4890,1VRC070NKN1004890
326301,D20X22III: 3226,1VRA170VKN1003226
326305,TG7000: 50004,1VRM46BF9N1050004
326307,BC700XL: 51151,1VRA10AL5N1051151
326311,D23X30III: 2660,1VRN2007HN1002660
326317,BC700XL: 51160,1VRA10AL6N1051160
326525,BC900XL: 50094,1VRD12AM8NF050094
326531,RTX750: 4241,1VR9112MVN1004241
326533,duplicate asset,000003
326550,BC700XL: 51161,1VRA10AL8N1051161
326552,PD10: 3363,1VRB100ZHN1003363
326575,CTX160: 1791,1VR3080MPN1001791
326576,D20X22III: 3227,1VRA170VJN1003227
326588,CTX160: 1792,1VR3080MKN1001792
326591,D20X22III: 3228,1VRA170VCN1003228
326592,BC700XL: 51162,1VRA10ALXN1051162
326595,PD10R: 1307,1VRR1008VN1001307
326605,D40X55III: 1803,1VRY240GAN1001803
326610,SC30TX: 4892,1VRC070NCN1004892
326640,D23X30III: 2661,1VRN2007EN1002661
326643,BC700XL: 51163,1VRA10AL1N1051163
326644,PD10: 3384,1VRB100ZPN1003384
326670,SC30TX: 4893,1VRC070NVN1004893
326854,D24X40III: 2826,1VRX200FPN1002826
326858,HG4000G2: 50002,1VRL37A12N1050002
326875,T1055III: 592,1VR2230TPN1000592
326878,BC700XL: 51164,1VRA10AL3N1051164
326881,D24X40III: 2825,1VRX200FTN1002825
326885,PD10: 3385,1VRB100ZKN1003385
326905,RTX1250I2: 583,1VRR1329CN1000583
326911,D24X40III: 2827,1VRX200FKN1002827
326918,D20X22III: 3229,1VRA170VVN1003229
326922,BC700XL: 51165,1VRA10AL5N1051165
326929,RTX750: 4242,1VR9112MAN1004242
326930,SC30TX: 4894,1VRC070NAN1004894
326957,D23X30III: 2662,1VRN2007CN1002662
326975,SC30TX: 4891,1VRC070NJN1004891
326977,D8X12: 1132,1VR7130SJN1001132
326979,BC1200XL: 50038,1VRD14AD8N1050038
326989,BC700XL: 51166,1VRA10AL7N1051166
327000,D23X30III: 2663,1VRN2007TN1002663
327003,BC900XL: 50095,1VRD12AMXNF050095
327200,PD10: 3386,1VRB100ZJN1003386
327205,BC1500: 51065,1VRD18AE5N1051065
327210,D20X22III: 3230,1VRA170VJN1003230
327215,BC1000XL: 51753,1VRD11AC7N1051753
327218,D40X55III: 1804,1VRY240GLN1001804
327231,BC1000XL: 51760,1VRD11AC4N1051760
327243,BC700XL: 51167,1VRA10AL9N1051167
327244,PD10R: 1309,1VRR1008LN1001309
327276,D20X22III: 3231,1VRA170VCN1003231
327306,D20X22III: 3232,1VRA170VVN1003232
327308,PD10R: 1308,1VRR1008AN1001308
327324,D23X30DRS3: 1094,1VRJ2103PN1001094
327518,PD10: 3387,1VRB100ZCN1003387
327521,D20X22III: 3233,1VRA170VAN1003233
327523,RTX750: 4243,1VR9112MLN1004243
327536,BC900XL: 50096,1VRD12AM1NF050096
327545,D23X30III: 2664,1VRN2007PN1002664
327546,GEOMETRIS TEST (SC292 SN1142),1*************1142
327548,GEOMETRIS TEST (SC382 SN100),1************0100
327549,GEOMETRIS TEST (SC362 SN4832),1************4832
327576,D10X15III: 2778,1VRA130VKN1002778
327591,D23X30III: 2665,1VRN2007KN1002665
327595,BC1000XL: 51771,1VRD11AC9N1051771
327608,PD10R: 1310,1VRR1008VN1001310
327614,BC1000XL: 51772,1VRD11AC0N1051772
327644,RTX550: 4102,1VR91125JN1004102
327741,D100X140S3: 332,1VRB360WCN1000332
328410,SC30TX: 4900,1VRC070NLN1004900
328424,D24X40III: 2828,1VRX200FJN1002828
328429,D20X22III: 3234,1VRA170VLN1003234
328457,D23X30III: 2666,1VRN2007JN1002666
328461,BC900XL: 50097,1VRD12AM3NF050097
328475,BC1000XL: 51773,1VRD11AC2N1051773
328479,BC1500: 51068,1VRD18AE0N1051068
328481,RTX450: 6062,1VR4202UCM1006062
328508,D40X55III: 1805,1VRY240GHN1001805
328511,HG6800TX: 1055,1VRK4804LN1001055
328513,D20X22III: 3235,1VRA170VHN1003235
328719,PD10R: 1311,1VRR1008AN1001311
328723,D24X40III: 2829,1VRX200FCN1002829
328728,D8X12: 1133,1VR7130SCN1001133
328730,BC700XL: 51153,1VRA10AL9N1051153
328739,PD10: 3389,1VRB100ZAN1003389
328757,D23X30III: 2667,1VRN2007CN1002667
328774,SC30TX: 4901,1VRC070NHN1004901
328776,D20X22III: 3236,1VRA170VEN1003236
328778,TG5000: 50007,1VRM46BE5N1050007
328789,PD10R: 1312,1VRR1008LN1001312
328805,BC1500: 51082,1VRD18AE5N1051082
328818,RTX750: 4246,1VR9112MCN1004246
328821,D20X22III: 3237,1VRA170VCN1003237
328836,PD10: 3390,1VRB100ZCN1003390
328849,BC1200XL: 50043,1VRD14AD1N1050043
328854,D40X55III: 1806,1VRY240GEN1001806
328859,D8X12 SN 1134,1vr7130svn1001134
328867,SC30TX: 4902,1VRC070NEN1004902
329064,D23X30III: 2668,1VRN2007VN1002668
329071,SC30TX: 4903,1VRC070NCN1004903
329074,D20X22III: 3238,1VRA170VTN1003238
329088,ATX850: 353196,1M1KALB0LKV353196
329105,D24X40III: 2830,1VRX200FKN1002830
329111,SC30TX: 4904,1VRC070NTN1004904
329112,PD10: 3391,1VRB100ZVN1003391
329143,PD10R: 1314,1VRR1008EN1001314
329151,RTX750SOC: 103,1VRS082AEN1000103
329170,D40X55III: 1807,1VRY200GCN1001807
329178,D20X22III: 3239,1VRA170VPN1003239
329182,RTX1250I2: 742,1VRR1429HN1000742
329194,PTX44: 1655,1VR8072STN1001655
329198,BC700XL: 51180,1VRA10AL1N1051180
329200,PD10: 3392,1VRB100ZAN1003392
329384,D20X22III: 3240,1VRA170VCN1003240
329394,D24X40III: 2831,1VRX200FJN1002831
329396,HG4000G2: 50003,1VRJ32A11N1050003
329401,SC30TX: 4905,1VRC070NPN1004905
329403,T655III: 660,1VR7160GCN1000660
329406,D23X30III: 2669,1VRN2007AN1002669
329408,SC30TX: 4906,1VRC070NKN1004906
329424,BC1000XL: 51787,1VRD11AC2N1051787
329426,D8X12: 1135,1VR7130SAN1001135
329441,PD10R: 1315,1VRR1008CN1001315
329449,D20X22III: 3241,1VRA170VTN1003241
329453,D24X40III: 2832,1VRX200FCN1002832
329458,SC30TX: 4908,1VRC070NCN1004908
329466,BC1000XL: 51786,1VRD11AC0N1051786
329634,PD10: 3393,1VRB100ZLN1003393
329648,D20X22III: 3243,1VRA170VKN1003243
329651,D20X22III: 3242,1VRA170VPN1003242
329664,SC30TX: 4909,1VRC070NVN1004909
329672,D10X15III: 2779,1VRA130VJN1002779
329708,JEAN ESTIVEZ,86975
329731,D100X140S3: 333,1VRB360WVN1000333
329858,SC30TX: 4910,1VRC070NJN1004910
329860,BC1800XL: 50116,1VRD15AG2N1050116
329861,PD10: 3394,1VRB100ZHN1003394
329864,RTX750: 4248,1VR9112MPN1004248
329870,D24X40III: 2833,1VRX200FVN1002833
329872,RTX450: 6370,1VR4202UEN1006370
329901,D10X15III: 2780,1VRA130VPN1002780
329920,D40X55III: 1808,1VRY240GTN1001808
329921,PD10R: 1316,1VRR1008TN1001316
329930,SC30TX: 4911,1VRC070NCN1004911
329939,SC30TX: 4912,1VRC070NVN1004912
329951,D10X15III: 2781,1VRA130VKN1002781
329968,D20X22III: 3244,1VRA170VJN1003244
329985,D24X40III: 2834,1VRX200FAN1002834
329987,PD10: 3395,1VRB100ZEN1003395
330008,D10X15III: 2782,1VRA130VJN1002782
330016,RTX750: 4249,1VR9112MKN1004249
331252,PD10R: 1317,1VRR1008PN1001317
331255,D23X30III: 2670,1VRN2007CN1002670
331271,RTX450: 6371,1VR4202UCN1006371
331288,duplicate asset 10,000555
331291,D10X15III: 2783,1VRA130VCN1002783
331344,RTX750: 4250,1VR9112MTN1004250
331346,PD10: 3396,1VRB100ZCN1003396
331349,BC1500: 51085,1VRD18AE0N1051085
331354,D20X22III: 3245,1VRA170VCN1003245
331363,BC1000XL: 51817,1VRD11AC7N1051817
331378,D24X40III: 2835,1VRX200FLN1002835
331389,HG6800TX: 1056,1VRK4804HN1001056
331430,BC1500: 51093,1VRD18AEXN1051093
331454,BC700XL: 51188,1VRA10AL6N1051188
331456,PD10R: 1318,1VRR1008KN1001318
331482,SC30TX: 4916,1VRC070NEN1004916
331486,D10X15III: 2784,1VRA130VVN1002784
331857,D40X55III: 1809,1VRY240GPN1001809
331872,D10X15III: 2785,1VRA130VAN1002785
331881,RTX550: 4105,1VR91125AN1004105
331893,HG6800TX: 104,1VRK48047J1000104
331921,PD10: 3397,1VRB100ZTN1003397
331922,D24X40III: 2836,1VRX200FHN1002836
331927,BC700XL: 51189,1VRA10AL8N1051189
331936,PD5R: 206,1VR6120RTN1000206
331955,SC30TX: 4917,1VRC070NCN1004917
331964,D20X22III: 3246,1VRA170VVN1003246
331974,SC30TX: 4913,1VRC070NAN1004913
331989,D10X15III: 2786,1VRA130VLN1002786
332038,PD10R: 1319,1VRR1008JN1001319
332047,D24X40III: 2837,1VRX200FEN1002837
332095,RTX450: 6372,1VR4202UTN1006372
332107,D10X15III: 2787,1VRA130VHN1002787
332110,PD10R: 1313,1VRR1008HN1001313
332111,SC30TX: 4907,1VRC070NJN1004907
332176,D40X55DRS3: 1072,1VR3240MVN1001072
332519,RTX750: 4251,1VR9112MPN1004251
332520,D23X30III: 2671,1VRN2007VN1002671
332562,D10X15III: 2788,1VRA130VEN1002788
332564,PD10: 3398,1VRB100ZPN1003398
332576,D8X12: 1136,1VR7130SLN1001136
332583,BC700XL: 51190,1VRA10AL4N1051190
332587,BC1500: 51097,1VRD18AE7N1051097
332600,D24X40III: 2838,1VRX200FCN1002838
332652,RTX550: 3017,1VR91125AM1003017
332659,D10X15III: 2789,1VRA130VCN1002789
332682,PD10R: 1320,1VRR1008PN1001320
332691,PTX42: 375,1VRK0724AN1000375
332694,TEST D24G4 SN000100,1VRB320WLN1000100
332711,BC700XL: 51137,1VRA10AL0N1051137
333112,D20X22III: 3247,1VRA170VAN1003247
333121,D24X40III: 2839,1VRX200FTN1002839
333134,SC30TX: 6001,1VRC070NAN1006001
333137,BC1000XL: 51838,1VRD11AC4N1051838
333140,PD10: 3399,1VRB100ZKN1003399
333167,BC1000XL: 51839,1VRD11AC6N1051839
333168,RTX750: 4252,1VR9112MKN1004252
333183,RTX750: 4059,1VR9112MAM1004059
333196,D10X15III: 2790,1VRA130VHN1002790
333199,D220X300III: 1025,1VRN3907EM1001025
333212,BC1000XL: 51840,1VRD11AC2N1051840
333220,PD10R: 1321,1VRR1008KN1001321
333231,BC1000XL: 51841,1VRD11AC4N1051841
333234,D24X40III: 2840,1VRX200FEN1002840
333239,RTX750: 4253,1VR9112MJN1004253
333242,D10X15III: 2791,1VRA130VEN1002791
333253,BC1000XL: 51842,1VRD11AC6N1051842
333264,BC1000XL: 51843,1VRD11AC8N1051843
333325,SC30TX: 6002,1VRC070NLN1006002
333326,PD10: 3400,1VRB100ZEN1003400
333365,BC700XL: 51193,1VRA10ALXN1051193
333726,BC1000XL: 51845,1VRD11AC1N1051845
333739,D20X22III: 3248,1VRA170VLN1003248
333759,D10X15III: 2792,1VRA130VCN1002792
333774,D23X30DRS3: 1095,1VRJ2103KN1001095
333779,PD10: 3401,1VRB100ZCN1003401
333780,HG4000G2: 50004,1VRJ32A13N1050004
333796,BC1500: 51099,1VRD18AE0N1051099
333801,BC1000XL: 51847,1VRD11AC5N1051847
333802,SC30TX: 6003,1VRC070NHN1006003
333822,BC700XL: 51194,1VRA10AL1N1051194
333847,PD10R: 1322,1VRR1008JN1001322
333877,D24X40III: 2841,1VRX200FCN1002841
333882,BC1000XL: 51846,1VRD11AC3N1051846
333907,PD10: 3402,1VRB100ZTN1003402
334397,D40X55III: 1810,1VRY200GCN1001810
334402,D24X40III: 2842,1VRX200FTN1002842
334439,D40X55III: 1811,1VRY200GVN1001811
335492,D24X40III: 2843,1VRX200FPN1002843
335505,BC1000XL: 51848,1VRD11AC7N1051848
335522,BC700XL: 51195,1VRA10AL3N1051195
335535,D10X15III: 2793,1VRA130VTN1002793
335608,D20X22III: 3249,1VRA170VHN1003249
335625,BC700XL: 51196,1VRA10AL5N1051196
335630,BC1500: 51103,1VRD18AE9N1051103
335649,BC1000XL: 51853,1VRD11AC0N1051853
335662,D23X30DRS3: 1096,1VRJ2103JN1001096
335669,PD10: 3403,1VRB100ZPN1003403
335710,HG6800TX: 1057,1VRK4804EN1001057
335714,BC700XL: 51197,1VRA10AL7N1051197
335730,CC155: 1046,1VR2152EJN1001046
335734,D10X15III: 2794,1VRA130VPN1002794
335759,D24X40III: 2844,1VRX200FKN1002844
335763,D10X15III: 2795,1VRA130VKN1002795
336319,PD10R: 1324,1VRR1008VN1001324
336342,BC700XL: 51198,1VRA10AL9N1051198
336367,D20X22III: 3250,1VRA170VAN1003250
336420,BC700XL: 51199,1VRA10AL0N1051199
336423,PD10: 3404,1VRB100ZKN1003404
336425,D24X40III: 2845,1VRX200FJN1002845
336460,D10X15III: 2796,1VRA130VJN1002796
336476,PD10R: 1323,1VRR1008CN1001323
336539,BC700XL: 51200,1VRA10AL3N1051200
336553,D10X15III: 2797,1VRA130VCN1002797
336556,PD10R: 1325,1VRR1008AN1001325
336590,D40X55III: 1812,1VRY240GPN1001812
336609,D20X22III: 3251,1VRA170VLN1003251
336632,RTX750: 4255,1VR9112MVN1004255
336699,D100X140S3: 334,1VRB360WAN1000334
337238,D23X30III: 2672,1VRN2007AN1002672
337254,PD10: 3405,1VRB100ZJN1003405
337257,D10X15III: 2798,1VRA130VVN1002798
337306,PTX42: 379,1VRK0724CN1000379
337319,PD10R: 1326,1VRR1008LN1001326
337326,Vermeer All Roads,LHP-ASSETID-337326
337345,SA400: 1013,1VRB20057K1001013
337357,D24X40III: 2846,1VRX200FCN1002846
337362,BC1000XL: 51134,1VRD11AC1N1051134
337382,D10X15III: 2799,1VRA130VAN1002799
337406,PD10: 3406,1VRB100ZCN1003406
337441,D24X40III: 2847,1VRX200FVN1002847
337450,D20X22III: 3252,1VRA170VHN1003252
337478,BC700XL: 51205,1VRA10AL2N1051205
338093,PD10R: 1327,1VRR1008HN1001327
338106,RTX1250I2: 752,1VRR1429CN1000752
338130,D24X40III: 2848,1VRX200FAN1002848
338131,D10X15III: 2800,1VRA130VKN1002800
338194,PD10: 3407,1VRB100ZVN1003407
338195,D24X40III: 2849,1VRX200FLN1002849
338244,CTX100: 4691,1VRZ080HJN1004691
338264,D10X15III: 2801,1VRA130VJN1002801
338380,D20X22III: 3253,1VRA170VEN1003253
338446,D23X30III: 2673,1VRN2007LN1002673
338495,D10X15III: 2802,1VRA130VCN1002802
339250,CTX160: 1815,1VR3080MAN1001815
339283,BC1500: 51109,1VRD18AEXN1051109
339296,PD10R: 1328,1VRR1008EN1001328
339321,D24X40III: 2850,1VRX200FVN1002850
339363,PD10R: 1329,1VRR1008CN1001329
339453,D10X15III: 2803,1VRA130VVN1002803
339490,D40X55III: 1813,1VRY240GKN1001813
339495,PD10: 3409,1VRB100ZLN1003409
339588,D10X15III: 2804,1VRA130VAN1002804
339629,D24X40III: 2851,1VRX200FAN1002851
339664,PD10: 3408,1VRB100ZAN1003408
343965,PD10R: 1330,1VRR1008HN1001330
343966,RTX750: 4256,1VR9112MAN1004256
344091,D40X55III: 1814,1VRY200GHN1001814
344205,BC700XL: 51206,1VRA10AL4N1051206
344272,BC1500: 51107,1VRD18AE6N1051107
344294,PD10R: 1331,1VRR1008EN1001331
344401,D100X140S3: 335,1VRB360WLN1000335
345087,PD10: 3410,1VRB100ZVN1003410
345115,RTX450: 6379,1VR4202ULN1006379
345140,HG6000: 50003,1VRM39A23N1050003
345150,PD10: 3411,1VRB100ZAN1003411
345155,HG6800TX: 1058,1VRK4804CN1001058
345168,D23X30DRS3: 1097,1VRJ2103CN1001097
345235,PD10: 3412,1VRB100ZLN1003412
345439,PD10R: 1332,1VRR1008CN1001332
345565,RTX450: 6380,1VR4202UVN1006380
345571,CTX160: 1813,1VR3080MCN1001813
346004,D40X55DRS3: 1073,1VR3240MAN1001073
346476,TG7000: 50005,1VRM46BF0N1050005
346532,PD10: 3413,1VRB100ZHN1003413
346553,D24X40III: 2852,1VRX200FLN1002852
346624,BC700XL: 51216,1VRA10AL7N1051216
346650,D24X40III: 2853,1VRX200FHN1002853
346817,SC30TX: 4918,1VRC070NTN1004918
346883,BC700XL: 51217,1VRA10AL9N1051217
346889,D24X40III: 2854,1VRX200FEN1002854
346900,D24X40III: 2855,1VRX200FCN1002855
346942,PD10: 3414,1VRB100ZEN1003414
346979,BC700XL: 51218,1VRA10AL0N1051218
347969,PD10R: 1333,1VRR1008TN1001333
348046,PD10R: 1334,1VRR1008PN1001334
348266,CTX160: 1814,1VR3080MVN1001814
348293,PD10: 3415,1VRB100ZCN1003415
348449,PD10R: 1335,1VRR1008KN1001335
348464,D23X30III: 2674,1VRN2007HN1002674
348516,D40X55III: 1815,1VRY200GEN1001815
352384,D24X40III: 2856,1VRX200FTN1002856
352390,BC700XL: 51221,1VRA10AL0N1051221
352411,BC700XL: 51219,1VRA10AL2N1051219
352412,D10X15III: 2805,1VRA130VLN1002805
352423,D24X40III: 2857,1VRX200FPN1002857
352577,D20X22III: 3254,1VRA170VCN1003254
352643,T555III: 1529,1VR2150WVN1001529
352669,PD10: 3416,1VRB100ZTN1003416
352858,D24X40III: 2858,1VRX200FKN1002858
352863,D10X15III: 2806,1VRA130VHN1002806
352905,D23X30III: 2675,1VRN2007EN1002675
352916,PD10R: 1336,1VRR1008JN1001336
353911,D20X22III: 3255,1VRA170VTN1003255
353938,PD10: 3417,1VRB100ZPN1003417
353964,RTX750: 4260,1VR9112MLN1004260
354010,D24X40III: 2859,1VRX200FJN1002859
354059,PD10R: 1337,1VRR1008CN1001337
354127,D10X15III: 2807,1VRA130VEN1002807
354256,RTX550: 4108,1VR91125EN1004108
354278,D20X22III: 3256,1VRA170VPN1003256
354289,D40X55III: 1816,1VRY240GVN1001816
354325,PD10: 3418,1VRB100ZKN1003418
355369,PD10R: 1338,1VRR1008VN1001338
355374,D10X15III: 2808,1VRA130VCN1002808
355461,D24X40III: 2860,1VRX200FPN1002860
355508,PD10R: 1339,1VRR1008AN1001339
355529,D10X15III: 2809,1VRA130VTN1002809
355622,D24X40III: 2861,1VRX200FKN1002861
355639,PD10: 3419,1VRB100ZJN1003419
355650,BC700XL: 51233,1VRA10AL7N1051233
355683,BC700XL: 51222,1VRA10AL2N1051222
355765,BC1000XL: 51962,1VRD11AC5N1051962
355816,BC1000XL: 51963,1VRD11AC7N1051963
355822,duplicate asset,000088
356346,D40X55DRS3: 1074,1VR3240MLN1001074
356858,BC1000XL: 51964,1VRD11AC9N1051964
356875,D20X22III: 3257,1VRA170VKN1003257
356916,BC1000XL: 51965,1VRD11AC0N1051965
356922,D23X30DRS3: 1098,1VRJ2103VN1001098
356970,BC700XL: 51235,1VRA10AL0N1051235
356978,BC1000XL: 51966,1VRD11AC2N1051966
357030,BC1000XL: 51967,1VRD11AC4N1051967
357058,PD10: 3420,1VRB100ZPN1003420
357094,D24X40III: 2862,1VRX200FJN1002862
357099,PD10: 3421,1VRB100ZKN1003421
357101,D10X15III: 2810,1VRA130VEN1002810
357118,BC1000XL: 51968,1VRD11AC6N1051968
357166,BC700XL: 51236,1VRA10AL2N1051236
357182,BC1000XL: 51969,1VRD11AC8N1051969
357188,BC700XL: 51237,1VRA10AL4N1051237
357247,PD10R: 1341,1VRR1008VN1001341
357259,D24X40III: 2863,1VRX200FCN1002863
357292,BC1000XL: 51970,1VRD11AC4N1051970
357318,BC700XL: 51238,1VRA10AL6N1051238
357361,BC1000XL: 51971,1VRD11AC6N1051971
357383,PD10R: 1340,1VRR1008CN1001340
357394,D24X40III: 2864,1VRX200FVN1002864
357435,PD10: 3422,1VRB100ZJN1003422
358336,BC700XL: 51239,1VRA10AL8N1051239
358347,BC1000XL: 51972,1VRD11AC8N1051972
358373,BC1500: 51111,1VRD18AE8N1051111
358394,D8X12: 1137,1VR7130SHN1001137
358425,BC1000XL: 51973,1VRD11ACXN1051973
358463,RTX450: 6390,1VR4202UPN1006390
358474,PD10R: 1342,1VRR1008AN1001342
358495,D40X55III: 1817,1VRY240GAN1001817
358496,BC1000XL: 51974,1VRD11AC1N1051974
358547,HG4000G2: 50005,1VRL37A18N1050005
358549,D20X22III: 3258,1VRA170VJN1003258
358581,BC1000XL: 51975,1VRD11AC3N1051975
358592,duplicate asset,000055
358617,D24X40III: 2865,1VRX200FAN1002865
358639,RTX750: 4034,1VR9112MEM1004034
358732,BC1000XL: 51976,1VRD11AC5N1051976
358753,BC1000XL: 51605,1VRD11AC3N1051605
358789,BC1000XL: 51977,1VRD11AC7N1051977
358810,PD10: 3423,1VRB100ZCN1003423
358821,D10X15III: 2811,1VRA130VCN1002811
358872,BC1000XL: 51978,1VRD11AC9N1051978
358873,D23X30III: 2676,1VRN2007CN1002676
362704,SC30TX: 6009,1VRC070NJN1006009
362726,RTX450: 6391,1VR4202UKN1006391
362822,D24X40III: 2866,1VRX200FLN1002866
362834,PD10R: 1343,1VRR1008LN1001343
362851,D20X22III: 3259,1VRA170VCN1003259
362954,SC30TX: 6010,1VRC070NPN1006010
362960,BC700XL: 51240,1VRA10AL4N1051240
363042,RTX450: 6032,1VR4202UTM1006032
363058,RTX750: 4263,1VR9112MCN1004263
363079,D10X15III: 2812,1VRA130VTN1002812
363105,D24X40III: 2867,1VRX200FHN1002867
363111,PD10: 3424,1vrb100zvn1003424
363190,PD10R: 1344,1VRR1008HN1001344
363248,RTX450: 6392,1VR4202UJN1006392
363279,D24X40III: 2868,1VRX200FEN1002868
364274,D23X30III: 2677,1VRN2007TN1002677
364297,D8X12: 1138,1VR7130SEN1001138
364321,RTX750: 4063,1VR9112MLM1004063
364399,PD10: 3425,1VRB100ZAN1003425
364470,D10X15III: 2813,1VRA130VPN1002813
364575,D40X55III: 1818,1VRY240GLN1001818
364645,Erased Asset,0000055
364687,SC30TX: 6016,1VRC070NLN1006016
364746,D24X40III: 2869,1VRX200FCN1002869
364762,SC30TX: 6017,1VRC070NHN1006017
365184,D40X55DRS3: 1075,1VR3240MHN1001075
365728,SC30TX: 6018,1VRC070NEN1006018
365734,T755III: 615,1VR2180RKN1000615
365786,RTX450: 6393,1VR4202UCN1006393
365797,HG6000TX: 3018,1VR2390ACN1003018
365830,PD10: 3426,1VRB100ZLN1003426
365846,D20X22III: 3260,1VRA170VKN1003260
365852,SC30TX: 6019,1VRC070NCN1006019
365919,RTX450: 6394,1VR4202UVN1006394
365955,FI D40X55III S/N448 VERMEER,LHP-ASSETID-365955
365994,PD10R: 1346,1VRR1008CN1001346
366000,SC30TX: 6020,1VRC070NHN1006020
366031,D24X40III: 2870,1VRX200FHN1002870
366052,F550 ROUND ROCK SERVICE TRUCK,1FD0X5GT0HEB15197
366083,RTX550: 4012,1VR91125EM1004012
366124,RTX550: 4111,1VR91125EN1004111
366224,D24X40III: 2871,1VRX200FEN1002871
366225,PD10R: 1347,1VRR1008TN1001347
367170,D23X30III: 2678,1VRN2007PN1002678
367211,PD10: 3427,1VRB100ZHN1003427
367212,D10X15III: 2814,1VRA130VKN1002814
367266,SC30TX: 6021,1VRC070NEN1006021
367302,PD10: 3428,1VRB100ZEN1003428
367345,PD10R: 1345,1VRR1008EN1001345
367351,D40X55III: 1819,1VRY200GTP1001819
367352,PETERBILT #1 SERVICE TRUCK IRVING JD SHORES,2NP2HJ6X2LM704762
367474,D24X40III: 2872,1VRX200FCN1002872
367542,D10X15III: 2815,1VRA130VJN1002815
367618,PD10: 3429,1VRB100ZCN1003429
367629,PETERBILT #2 IRVING SERVICE TRUCK JUSTIN JULIAN,2NPLHZ6X56M653037
367692,D24X40III: 2873,1VRX200FTN1002873
367723,RTX450: 6397,1VR4202UHN1006397
367799,D24X40III: 2874,1VRX200FPN1002874
368682,HG6000: 50004,1VRM39A25N1050004
368738,D20X22III: 3261,1VRA170VJN1003261
368804,BC1000XL: 51993,1VRD11AC5N1051993
368851,RTX1250I2: 1502,1VRR1429AN1001502
368862,D10X15III: 2816,1VRA130VCN1002816
368903,BC1000XL: 51994,1VRD11AC7N1051994
368940,PD10R: 1349,1VRR1008KN1001349
368956,PD10R: 1348,1VRR1008PN1001348
368989,D550G4: 102,1VR7530SCN1000102
369001,BC1000XL: 51995,1VRD11AC9N1051995
369017,DC10: 2001,1VRB1203TN1002001
369028,D23X30DRS3: 1099,1VRJ2103AN1001099
369049,BC1000XL: 51996,1VRD11AC0N1051996
369143,BC1000XL: 51997,1VRD11AC2N1051997
369174,D24X40III: 2875,1VRX200FKN1002875
369205,BC1000XL: 51998,1VRD11AC4N1051998
369216,RTX250: 3121,1VRD070DPN1003121
370329,duplicate asset,000082
370685,D100X140S3: 336,1VRB360WHN1000336
373101,D10X15III: 2817,1VRA130VVN1002817
373122,BC1000XL: 51999,1VRD11AC6N1051999
373174,BC1000XL: 52000,1VRD11AC7N1052000
373180,PD10R: 1350,1VRR1008TN1001350
373206,TG5000: 50008,1VRJ40BE7N1050008
373228,BC700XL: 51256,1VRA10AL8N1051256
373249,BC1000XL: 52001,1VRD11AC9N1052001
373349,BC1000XL: 52002,1VRD11AC0N1052002
373384,PD10: 3431,1VRB100ZEN1003431
373419,D24X40III: 2876,1VRX200FJN1002876
373426,D10X15III: 2818,1VRA130VAN1002818
373442,BC1000XL: 52003,1VRD11AC2N1052003
373540,RTX750: 4026,1VR9112M2L1004026
373611,PD10: 3430,1VRB100ZHN1003430
373638,D24X40III: 2877,1VRX200FCN1002877
373649,RTX550: 4103,1VR91125CN1004103
374565,D40X55III: 1820,1VRY200GEP1001820
374596,D8X12: 1139,1VR7130SCN1001139
374637,RTX450: 6400,1VR4202UCP1006400
374714,D23X30III: 2679,1VRN2007KN1002679
374755,PD10R: 1351,1VRR1008PN1001351
374767,PD10: 3432,1VRB100ZCN1003432
374826,D10X15III: 2819,1VRA130VLN1002819
374900,D24X40III: 2878,1VRX200FJP1002878
374902,S925TX: 4045,1VRL0705PM1004045
374908,S925TX: 5367,1VRL0705HN1005367
374914,S925TX: 6252,1VRL0705KN1006252
374992,PD10: 3433,1VRB100ZTN1003433
375093,D24X40III: 2879,1VRX200FCP1002879
375181,SC30TX: 6032,1VRC070NAN1006032
376076,BC700XL: 51255,1VRA10AL6N1051255
376082,D10X15III: 2820,1VRA130VVN1002820
376109,BC1000XL: 52007,1VRD11ACXN1052007
376145,D23X30III: 2680,1VRN2007TN1002680
376151,BC1000XL: 52008,1VRD11AC1N1052008
376173,PD10R: 1353,1VRR1008JN1001353
376250,T1055III: 593,1VR2230TKN1000593
376261,RTX450: 6401,1VR4202UVP1006401
376267,HG6000TX: 3019,1VR2390ATN1003019
376285,replaced asset,000002
376303,HG6800TX: 1059,1VRK4804TN1001059
376335,D24X40III: 2880,1VRX200FKP1002880
376400,BC1500: 51072,1VRD18AE2N1051072
376488,D8X12: 1140,1VR7130SHN1001140
376503,PD10R: 1354,1VRR1008KP1001354
376521,BC1000XL: 52011,1VRD11AC1N1052011
376543,PD10R: 1352,1VRR1008KN1001352
376571,D10X15III: 2821,1VRA130VAN1002821
376588,SC30TX: 6035,1VRC070NEN1006035
376611,PD10: 3435,1VRB100ZTP1003435
376642,RTX1250I2: 773,1VRR1429HN1000773
376663,D40X55III: 1821,1VRY240GVP1001821
377572,RTX450: 6402,1VR4202UAP1006402
377603,BC1000XL: 52012,1VRD11AC3N1052012
377659,SC30TX: 6036,1VRC070NCN1006036
377682,TG7000: 50006,1VRM46BF2N1050006
377683,D24X40III: 2881,1VRX200FJP1002881
377690,BC1000XL: 52013,1VRD11AC5N1052013
377743,PD10: 3434,1VRB100ZCP1003434
377755,BC1500: 51101,1VRD18AE5N1051101
377822,D10X15III: 2822,1VRA130VLN1002822
377828,PD10R: 1355,1VRR1008JP1001355
377881,D24X40III: 2882,1VRX200FCP1002882
377916,PD10: 3436,1VRB100ZPP1003436
377988,BC1000XL: 52004,1VRD11AC4N1052004
377989,BC1000XL: 52015,1VRD11AC9N1052015
378059,BC1000XL: 52016,1VRD11AC0N1052016
378087,PD10R: 1356,1VRR1008CP1001356
378108,PTX42: 390,1VRK0724CN1000390
378157,D23X30III: 2681,1VRN2007PN1002681
378649,D100X140S3: 337,1VRB360WEN1000337
379130,D10X15III: 2823,1VRA130VHN1002823
379176,SC30TX: 6038,1VRC070NPN1006038
379197,D24X40III: 2883,1VRX200FLN1002883
379228,D10X15III: 2824,1VRA130VEN1002824
379264,PD10: 3437,1VRB100ZKP1003437
379352,BC1000XL: 52019,1VRD11AC6N1052019
379436,BC1000XL: 52020,1VRD11AC2N1052020
379482,SC30TX: 6037,1VRC070NTN1006037
379493,D24X40III: 2884,1VRX200FAP1002884
379505,BC1000XL: 52021,1VRD11AC4N1052021
379575,PD10R: 1357,1VRR1008VP1001357
379611,D24X40III: 2885,1VRX200FLP1002885
379617,SC30TX: 6039,1VRC070NKN1006039
380534,SC30TX: 6040,1VRC070NTN1006040
380746,SC30TX: 6041,1VRC070NPN1006041
383423,D10X15III: 2825,1VRA130VCN1002825
383537,D40X55III: 1822,1VRY240GAP1001822
383614,D10X15III: 2826,1VRA130VTN1002826
383681,SERVICE TRUCK JOSH MOODY IRVING,2NP2HJ7X0KM602518
383718,D23X30III: 2682,1VRN2007KN1002682
383720,SC30TX: 6042,1VRC070NKN1006042
383817,PD10: 3438,1VRB100ZJP1003438
383899,D24X40III: 2886,1VRX200FHP1002886
383993,SERVICE TRUCK IRVING TODD CURTIS,1FDUF5GT2HEF22359
384885,duplicate asset,0008888
384901,PD10R: 1358,1VRR1008AP1001358
384923,SC30TX: 6044,1VRC070NCN1006044
385013,D24X40III: 2887,1VRX200FEP1002887
385066,SC30TX: 6045,1VRC070NVN1006045
385123,RTX1250I2: 776,1VRR1429TN1000776
385124,PD10: 3439,1VRB100ZCP1003439
385197,D23X30III: 2683,1VRN2007PP1002683
385229,D20X22III: 3263,1VRA170VVN1003263
385290,PD10R: 1359,1VRR1008LP1001359
385311,duplicate asset,000
385317,BC700XL: 51277,1VRA10AL1P1051277
385342,D24X40III: 2888,1VRX200FCP1002888
385384,D20X22III: 3262,1VRA170VCN1003262
386504,BC700XL: 51278,1VRA10AL3P1051278
386511,SC30TX: 6046,1VRC070NAN1006046
386512,duplicate asset,000222
386513,PD10: 3440,1VRB100ZKP1003440
386526,SC30TX: 6047,1VRC070NLN1006047
386614,D23X30III: 2684,1VRN2007KP1002684
386683,BC700XL: 51279,1VRA10AL5P1051279
386690,TR626: 4072,56S8552N2LF004072
386818,D23X30III: 2685,1VRN2007JP1002685
386826,RTX1250I2: 777,1VRR1429PN1000777
386840,D10X15III: 2827,1VRA130VPN1002827
386868,BC700XL: 51280,1VRA10AL1P1051280
386882,PD10R: 1360,1VRR1008VP1001360
387055,PD10: 3441,1VRB100ZJP1003441
387067,D24X40III: 2889,1VRX200FTP1002889
387121,BC700XL: 51281,1VRA10AL3P1051281
387165,PD10R: 1361,1VRR1008AP1001361
388346,D10X15III: 2828,1VRA130VTP1002828
388377,BC700XL: 51283,1VRA10AL7P1051283
388478,D20X22III: 3264,1VRA170VAN1003264
388504,D23X30DRS3: 1100,1VRJ2103TP1001100
388559,SC30TX: 6053,1VRC070NHP1006053
388647,BC700XL: 51284,1VRA10AL9P1051284
388727,PD10: 3442,1VRB100ZCP1003442
388731,UE Test PD25 Simulator,1VRA0000000004536
388733,D40X55III: 1823,1VRY240GLP1001823
388768,SC30TX: 6054,1VRC070NEP1006054
388922,RTX450: 6403,1VR4202ULP1006403
388955,D20X22III: 3265,1VRA170VVP1003265
388994,D23X30III: 2686,1VRN2007CP1002686
390056,SC30TX: 6055,1VRC070NCP1006055
390100,SC30TX: 6056,1VRC070NTP1006056
390161,PD10R: 1362,1VRR1008LP1001362
390283,PD10: 3443,1VRB100ZVP1003443
390284,D24X40III: 2890,1VRX200FEP1002890
390309,D10X15III: 2829,1VRA130VPP1002829
390393,RTX450: 6404,1VR4202UHP1006404
390435,SC30TX: 6057,1VRC070NPP1006057
390459,PD10R: 1363,1VRR1008HP1001363
390467,D23X30III: 2687,1VRN2007VP1002687
390480,RTX1250I2: 778,1VRR1429KN1000778
390547,D10X15III: 2830,1VRA130VCP1002830
390656,SC30TX: 6058,1VRC070NKP1006058
390681,PD5R: 211,1VR6120RTP1000211
390718,D24X40III: 2891,1VRX200FCP1002891
395378,RTX450: 6405,1VR4202UEP1006405
395466,PD10: 3444,1VRB100ZAP1003444
395491,RTX450: 6010,1VR4202UAM1006010
395592,SC30TX: 6059,1VRC070NJP1006059
395641,PTX44: 1716,1VR8072SHN1001716
395685,PD10R SN001364,IVRR1008EP1001364
395687,D23X30III: 2688,1VRN2007AP1002688
395724,D24X40III: 2892,1VRX200FTP1002892
395761,PD10: 3445,1VRB100ZLP1003445
395824,D24X40III: 452,1VRX200F7H1000452
395827,D10X15III: 872,1VRA130V8J1000872
395828,DB-4,1VRB20076K1001101
395835,D24X40III: 1064,1VRX200F2L1001064
395836,D24X40III: 794,1VRX200F5J1000794
395862,RTX750: 4274,1VR9112MVP1004274
395934,SC30TX: 6060,1VRC070NPP1006060
395941,PTX42: 392,1VRK0724AN1000392
395972,PD10R: 1365,1VRR1008CP1001365
397139,D23X30III: 2689,1VRN2007LP1002689
397195,D24X40III: 2893,1VRX200FPP1002893
397220,SC30TX: 6061,1VRC070NKP1006061
397355,BC1000XL: 51137,1VRD11AC7N1051137
397380,PD10: 3446,1VRB100ZHP1003446
397436,SC30TX: 6062,1VRC070NJP1006062
397477,TG5000: 50009,1VRJ40BE9N1050009
397740,SC30TX: 6063,1VRC070NCP1006063
397783,D40X55III: 1824,1VRY200GKP1001824
398811,HG4000G2: 50006,1VRJ32A17N1050006
398848,T755III: 616,1VR2180RPP1000616
398873,BC1000XL: 51135,1VRD11AC3N1051135
398886,T1255III: 637,1VR22906PN1000637
398931,D8X12: 1141,1VR7130SLP1001141
398974,D23X30III: 2690,1VRN2007VP1002690
399044,D24X40III: 2894,1VRX200FKP1002894
399075,BC1000XL: 51136,1VRD11AC5N1051136
399213,BC700XL: 51296,1VRA10AL5P1051296
399241,PD10R: 1366,1VRR1008TP1001366
399267,D23X30III: 2691,1VRN2007AP1002691
399274,BC1000XL: 51164,1VRD11ACXN1051164
399396,BC700XL: 51234,1VRA10AL9N1051234
399515,BC700XL: 51297,1VRA10AL7P1051297
399522,D24X40III: 2895,1VRX200FJP1002895
399707,D60X90S3: 1030,1VRJ2903TN1001030
407595,D23X30III: 2692,1VRN2007LP1002692
407748,D40X55III: 1825,1VRY200GJP1001825
407865,PD5R: 210,1VR6120RCP1000210
407999,D23X30III: 2693,1VRN2007HP1002693
408049,PD10R: 1367,1VRR1008PP1001367
408155,BC1000XL: 52018,1VRD11AC4N1052018
408174,D24X40III: 2896,1VRX200FCP1002896
409446,PD10: 3447,1VRB100ZEP1003447
409465,D23X30III: 2694,1VRN2007EP1002694
409496,TG7000: 50007,1VRM46BF0P1050007
409593,PD10R: 1368,1VRR1008KP1001368
409658,SC30TX: 6072,1VRC070NCP1006072
409710,BC700XL: 51295,1VRA10AL3P1051295
409717,HG4000G2: 50007,1VRJ32A15P1050007
409744,D24X40III: 2897,1VRX200FVP1002897
409793,PD10: 3448,1VRB100ZCP1003448
409816,RTX1250I2: 783,1VRR1429KP1000783
409859,SC30TX: 6073,1VRC070NTP1006073
409917,D23X30III: 2695,1VRN2007CP1002695
409943,PD10R: 1369,1VRR1008JP1001369
410041,PD10R: 1370,1VRR1008PP1001370
410122,D40X55III: 1826,1VRY240GCP1001826
411367,BC1000XL: 51980,1VRD11AC7N1051980
411386,PD10: 3450,1VRB100ZEP1003450
411412,BC1000XL: 51979,1VRD11AC0N1051979
411413,BC1000XL: 51981,1VRD11AC9N1051981
411462,BC1000XL: 51982,1VRD11AC0N1051982
411550,PD10R: 1371,1VRR1008KP1001371
411551,D23X30DRS3: 1101,1VRJ2103PP1001101
411650,RTX450: 6412,1VR4202UKP1006412
411693,RTX450: 6413,1VR4202UJP1006413
411819,D24X40III: 2898,1VRX200FAP1002898
411899,PD10: 3451,1VRB100ZCP1003451
413058,SC30TX: 6077,1VRC070NCP1006077
413108,RTX450: 6414,1VR4202UCP1006414
413210,D23X30III: 2696,1VRN2007TP1002696
413223,BC1000XL: 51149,1VRD11AC3N1051149
413236,BC1000XL: 51151,1VRD11AC1N1051151
413237,PD10R: 1372,1VRR1008JP1001372
413258,D24X40III: 2899,1VRX200FLP1002899
413340,BC1000XL: 51158,1VRD11AC4N1051158
413443,PTX42: 396,1VRK0724HP1000396
413456,BC1000XL: 51147,1VRD11ACXN1051147
413568,D23X30III: 2697,1VRN2007PP1002697
413576,PD5R SN000212 TART DUPLICATE,000212
413603,BC1000XL: 51154,1VRD11AC7N1051154
413713,BC1000XL: 51155,1VRD11AC9N1051155
413726,BC1000XL: 51157,1VRD11AC2N1051157
413739,D24X40III: 2900,1VRX200FJP1002900
413861,D60X90S3: 1031,1VRJ2903CP1001031
414913,PD10: 3452,1VRB100ZTP1003452
414962,BC1000XL: 51146,1VRD11AC8N1051146
414983,D40X55III: 1827,1VRY200GVP1001827
414996,BC1000XL: 51159,1VRD11AC6N1051159
415070,PD10R: 1373,1VRR1008CP1001373
415129,BC700XL: 51307,1VRA10AL6P1051307
415142,BC1000XL: 51148,1VRD11AC1N1051148
415149,D23X30III: 2698,1VRN2007KP1002698
415254,SC30TX: 6082,1VRC070NAP1006082
415256,PD10: 3453,1VRB100ZPP1003453
415257,D24X40III: 2901,1VRX200FCP1002901
415260,BC1000XL: 52009,1VRD11AC3N1052009
415261,BC700XL: 51308,1VRA10AL8P1051308
415262,BC1000XL: 52006,1VRD11AC8N1052006
415263,BC1000XL: 52010,1vrd11acxn1052010
415265,BC1000XL: 51156,1VRD11AC0N1051156
415267,D24X40III: 2902,1VRX200FVP1002902
415277,D23X30III: 2699,1VRN2007JP1002699
415278,D24X40III: 2903,1VRX200FAP1002903
415280,SC30TX: 6083,1VRC070NLP1006083
415281,PD10R: 1374,1VRR1008VP1001374
415282,BC700XL: 51309,1VRA10ALXP1051309
415289,SC30TX: 6084,1VRC070NHP1006084
415292,BC700XL: 51310,1VRA10AL6P1051310
415293,PD5R: 213,1VR6120RKP1000213
415294,D23X30DRS3: 1102,1VRJ2103KP1001102
415295,SPX25: 1662,1VR9070UEN1001662
415296,PD10: 3454,1VRB100ZKP1003454
415299,SC30TX: 6085,1VRC070NEP1006085
415306,PD10R: 1375,1VRR1008AP1001375
415309,PD10: 3455,1VRB100ZJP1003455
415311,D40X55III: 1828,1VRY200GAP1001828
415319,D100X140S3: 339,1VRB360WEP1000339
415321,D23X30III: 2700,1VRN2007CP1002700
415322,RTX450: 6418,1VR4202UHP1006418
415323,SC30TX: 6086,1VRC070NCP1006086
415328,BC700XL: 51311,1VRA10AL8P1051311
415329,BC1000XL: 51153,1VRD11AC5N1051153
415330,PD10R: 1376,1VRR1008LP1001376
415331,HG6800TX: 1060,1VRK4804LP1001060
415332,D24X40III: 2904,1VRX200FLP1002904
415333,SC30TX: 6087,1VRC070NTP1006087
415339,PD10: 3456,1VRB100ZCP1003456
415340,D23X30III: 2701,1VRN2007TP1002701
415343,SC30TX: 6088,1VRC070NPP1006088
415344,PD5R: 212,1VR6120RPP1000212
415345,RTX1250I2: 789,1VRR1429HP1000789
415346,CC155: 1047,1VR2152EKP1001047
415351,D24X40III: 2905,1VRX200FHP1002905
415357,BC1000XL: 51992,1VRD11AC3N1051992
415358,PD10R: 1377,1VRR1008HP1001377
415359,BC1200XL: 50053,1VRD14AD0P1050053
415362,RTX450: 6419,1VR4202UEP1006419
415366,D23X30III: 2702,1VRN2007PP1002702
415368,PD10: 3457,1VRB100ZVP1003457
415370,BC1000XL: 51152,1VRD11AC3N1051152
415376,D24X40III: 2906,1VRX200FEP1002906
415377,SC30TX: 6090,1VRC070NTP1006090
415379,RTX750: 4284,1VR9112MPP1004284
415380,PD10R: 1378,1VRR1008EP1001378
415383,PD10: 3458,1VRB100ZAP1003458
415385,SC30TX: 6089,1VRC070NKP1006089
415394,RTX450: 6422,1VR4202UEP1006422
415396,SC30TX: 6078,1VRC070NVP1006078
415398,D24X40III: 2907,1VRX200FCP1002907
415401,PD10R: 1379,1VRR1008CP1001379
415402,SC30TX: 6093,1VRC070NJP1006093
415420,D23X30DRS3: 1103,1VRJ2103JP1001103
415422,SC30TX: 6094,1VRC070NCP1006094
415427,D100X140S3: 341,1VRB360WHP1000341
415430,SC1052: 101,1VR7132SAP1000101
415431,D23X30III: 2704,1VRN2007JP1002704
415432,SC30TX: 6064,1VRC070NVP1006064
415433,D23X30III: 2703,1VRN2007KP1002703
415435,PD10: 3459,1VRB100ZLP1003459
415438,D40X55III: 1829,1VRY200GLP1001829
415439,RTX450: 6423,1VR4202UCP1006423
415441,PD10R: 1380,1VRR1008HP1001380
415446,D23X30III: 2705,1VRN2007CP1002705
415450,BC1000XL: 51150,1VRD11ACXN1051150
415451,BC1000XL: 51672,1VRD11AC7N1051672
415452,D24X40III: 2908,1VRX200FTP1002908
415462,D23X30III: 2706,1VRN2007VP1002706
415463,HG4000G2: 50008,1VRJ32A17P1050008
415464,HG6800TX: 1061,1VRK4804HP1001061
415465,T1055III: 594,1VR2230TPP1000594
415468,BC1000XL: 52022,1VRD11AC6N1052022
415469,D24X40III: 2909,1VRX200FPP1002909
415472,BC1000XL: 52023,1VRD11AC8N1052023
415473,SC30TX: 6074,1VRC070NPP1006074
415474,D40X55III: 1830,1VRY200GVP1001830
415476,PTX44: 1728,1VR8072SCP1001728
415477,RTX750: 4049,1VR9112MCM1004049
415478,PD10: 3460,1VRB100ZVP1003460
415479,BC1000XL: 52024,1VRD11ACXN1052024
415481,D8X12: 1142,1VR7130SHP1001142
415482,D23X30III: 2707,1VRN2007AP1002707
415483,BC1000XL: 52025,1VRD11AC1N1052025
415484,BC1800XL: 50177,1VRD15AG0N1050177
415485,PD5R: 214,1VR6120RJP1000214
415489,BC1000XL: 52027,1VRD11AC5N1052027
415490,BC1000XL: 52026,1VRD11AC3N1052026
415493,D20X22III: 3266,1VRA170VAP1003266
415494,PD10R: 1381,1VRR1008EP1001381
415496,DC10: 2002,1VRB1203CP1002002
415498,D24X40III: 2910,1VRX200FCP1002910
415499,BC1000XL: 52028,1VRD11AC7N1052028
415502,BC1000XL: 52029,1VRD11AC9N1052029
415516,D23X30III: 2708,1VRN2007LP1002708
415521,BC1000XL: 52030,1VRD11AC5N1052030
415529,D24X40III: 2911,1VRX200FTP1002911
415533,BC1000XL: 52031,1VRD11AC7N1052031
415535,PD10: 3461,1VRB100ZAP1003461
415536,D10X15III: 2831,1VRA130VTP1002831
415539,BC1000XL: 52032,1VRD11AC9N1052032
415542,PD10R: 1382,1VRR1008CP1001382
415544,BC1000XL: 52033,1VRD11AC0N1052033
415556,BC700XL: 51328,1VRA10AL3P1051328
415561,PD10: 3462,1VRB100ZLP1003462
415568,D23X30DRS3: 1104,1VRJ2103CP1001104
415569,SC30TX: 6109,1VRC070NJP1006109
415578,D24X40III: 2912,1VRX200FPP1002912
415580,D10X15III: 2832,1VRA130VPP1002832
415584,D40X55III: 1831,1VRY200GAP1001831
415591,PD10R: 1383,1VRR1008TP1001383
415600,D10X15III: 2833,1VRA130VKP1002833
415603,D24X40III: 2913,1VRX200FKP1002913
415604,BC1000XL: 52034,1VRD11AC2N1052034
415605,BC700XL: 51330,1VRA10AL1P1051330
415616,D23X30III: 2709,1VRN2007HP1002709
415617,PD10: 3463,1VRB100ZHP1003463
415622,D10X15III: 2834,1VRA130VJP1002834
415623,SC30TX: 6113,1VRC070NCP1006113
415624,D24X40III: 2914,1VRX200FJP1002914
415630,SC30TX: 6114,1VRC070NVP1006114
415631,BC1000XL: 52049,1VRD11AC0P1052049
415635,BC700XL: 51331,1VRA10AL3P1051331
415640,BC1000XL: 52050,1VRD11AC7P1052050
415642,D23X30III: 2710,1VRN2007AP1002710
415645,D10X15III: 2835,1VRA130VCP1002835
415646,PD10R: 1384,1VRR1008PP1001384
415650,BC700XL: 51332,1VRA10AL5P1051332
415651,BC1000XL: 52051,1VRD11AC9P1052051
415653,BC1000XL: 52052,1VRD11AC0P1052052
415671,BC1000XL: 52053,1VRD11AC2P1052053
415673,D24X40III: 2915,1VRX200FCP1002915
415674,BC1500: 51138,1VRD18AE6N1051138
415675,BC700XL: 51333,1VRA10AL7P1051333
415676,BC1000XL: 52054,1VRD11AC4P1052054
415678,BC1000XL: 52055,1VRD11AC6P1052055
415679,RTX1250I2: 797,1VRR1429KP1000797
415680,D23X30III: 2711,1VRN2007LP1002711
415684,D10X15III: 2836,1VRA130VVP1002836
415688,BC1000XL: 52056,1VRD11AC8P1052056
415689,BC700XL: 51334,1VRA10AL9P1051334
415691,D550G4: 103,1VR7530SJP1000103
415693,duplicate asset,0002141
415697,SC30TX: 6115,1VRC070NAP1006115
415698,D10X15III: 2837,1VRA130VAP1002837
415700,duplicate asset,000888
415737,D60X90S3: 1032,1VRJ2903TP1001032
415768,SC30TX: 6116,1VRC070NLP1006116
415770,D24X40III: 2916,1VRX200FVP1002916
415774,SC30TX: 6117,1VRC070NHP1006117
415776,D10X15III: 2838,1VRA130VLP1002838
415798,D40X55III: 1832,1VRY200GLP1001832
415799,unknown#01,LHP-ASSETID-415799
415801,SC1052: 102,1VR7132SLP1000102
415802,RTX250: 3168,1VRD070DPP1003168
415803,D23X30III: 2712,1VRN2007HP1002712
415804,BC700XL: 51337,1VRA10AL4P1051337
415805,PD10: 3464,1VRB100ZEP1003464
415812,D10X15III: 2839,1VRA130VHP1002839
415821,D23X30III: 2713,1VRN2007EP1002713
415822,D24X40III: 2918,1VRX200FLP1002918
415830,PD10R: 1385,1VRR1008KP1001385
415831,BC700XL: 51336,1VRA10AL2P1051336
415832,BC700XL: 51335,1VRA10AL0P1051335
415833,D10X15III: 2840,1VRA130VAP1002840
415835,SC30TX: 6120,1VRC070NHP1006120
415836,D23X30III: 2714,1VRN2007CP1002714
415837,PD10: 3465,1VRB100ZCP1003465
415849,D8X12: 1143,1VR7130SEP1001143
415858,D24X40III: 2919,1VRX200FHP1002919
415868,unknown#02,LHP-ASSETID-415868
415870,unknown#03,LHP-ASSETID-415870
415871,RTX200: 1607,1VR6071RLN1001607
415872,unknown#04,LHP-ASSETID-415872
415873,unknown#05,LHP-ASSETID-415873
415874,unknown#06,LHP-ASSETID-415874
415875,unknown#07,LHP-ASSETID-415875
415877,unknown#08,LHP-ASSETID-415877
415878,unknown#09,LHP-ASSETID-415878
415879,unknown#10,LHP-ASSETID-415879
415882,unknown#11,LHP-ASSETID-415882
415883,unknown#12,LHP-ASSETID-415883
415884,unknown#13,LHP-ASSETID-415884
415885,unknown#14,LHP-ASSETID-415885
415887,unknown#15,LHP-ASSETID-415887
415888,unknown#16,LHP-ASSETID-415888
415889,unknown#17,LHP-ASSETID-415889
415890,unknown#18,LHP-ASSETID-415890
415891,unknown#19,LHP-ASSETID-415891
415892,unknown#20,LHP-ASSETID-415892
415922,BC1000XL: 52035,1VRD11AC4N1052035
415923,D23X30III: 2715,1VRN2007TP1002715
415924,RTX1250I2: 799,1VRR1429CP1000799
415925,PD5R: 215,1VR6120RCP1000215
415926,SC30TX: 6122,1VRC070NCP1006122
415929,BC700XL: 51341,1VRA10AL6P1051341
415933,D24X40III: 2920,1VRX200FAP1002920
415934,PD10: 3466,1VRB100ZTP1003466
415951,D10X15III: 2841,1VRA130VLP1002841
415956,RTX750: 4033,1VR9112MJM1004033
415957,D40X55III: 1833,1VRY200GHP1001833
415958,duplicate asset,002232
415959,D10X15III: 2842,1VRA130VHP1002842
415961,RTX750: 4028,1VR9112M6L1004028
415965,PD10R: 1386,1VRR1008JP1001386
415966,BC700XL: 51342,1VRA10AL8P1051342
415967,D24X40III: 2921,1VRX200FLP1002921
415971,D40X55DRS3: 1076,1VR3240MLP1001076
415972,RTX450: 6435,1VR4202UHP1006435
415974,SC30TX: 6123,1VRC070NTP1006123
415975,D10X15III: 2843,1VRA130VEP1002843
415979,D23X30III: 2716,1VRN2007PP1002716
415984,RTX1250I2: 785,1VRR1429CP1000785
415985,BC700XL: 51343,1VRA10ALXP1051343
415987,D10X15III: 2844,1VRA130VCP1002844
415988,BC1000XL: 52057,1VRD11ACXP1052057
415989,D24X40III: 2922,1VRX200FHP1002922
415990,PD10: 3467,1VRB100ZPP1003467
415991,PD10R: 1387,1VRR1008CP1001387
415999,D23X30III: 2717,1VRN2007KP1002717
416002,BC700XL: 51345,1VRA10AL3P1051345
416005,HG6000: 50005,1VRM39A23P1050005
416006,duplicate asset,000024
416007,SC30TX: 6124,1VRC070NPP1006124
416008,RTX450: 6431,1VR4202UCP1006431
416009,BC1500: 51185,1VRD18AE0P1051185
416010,SC30TX: 6128,1VRC070NVP1006128
416011,BC700XL: 51346,1VRA10AL5P1051346
416012,BC700XL: 51347,1VRA10AL7P1051347
416013,RTX250: 3176,1VRD070DAP1003176
416019,duplicate asset,000091
416020,D24X40III: 2923,1VRX200FEP1002923
416026,BC700XL: 51348,1VRA10AL9P1051348
416029,PD10: 3468,1VRB100ZKP1003468
416030,D8X12: 1144,1VR7130SCP1001144
416031,HG6800TX: 1062,1VRK4804EP1001062
416034,BC700XL: 51349,1VRA10AL0P1051349
416035,PD10R: 1388,1VRR1008VP1001388
416036,D10X15III: 2845,1VRA130VTP1002845
416037,BC700XL: 51350,1VRA10AL7P1051350
416039,D23X30DRS3: 1105,1VRJ2103VP1001105
416041,PD10: 3469,1VRB100ZJP1003469
416042,HG4000G2: 50009,1VRJ32A19P1050009
416047,D10X15III: 2846,1VRA130VPP1002846
416050,T655III: 661,1VR7160GJP1000661
416051,BC700XL: 51351,1VRA10AL9P1051351
416067,D24X40III: 2924,1VRX200FCP1002924
416070,BC700XL: 51352,1VRA10AL0P1051352
416072,PD10R: 1389,1VRR1008AP1001389
416075,D8X12: 1145,1VR7130STP1001145
416077,RTX750: 4076,1VR9112MAM1004076
416078,D23X30III: 2718,1VRN2007JP1002718
416081,D10X15III: 2847,1VRA130VKP1002847
416091,PD10: 3470,1VRB100ZPP1003470
416097,PD10R: 1390,1VRR1008CP1001390
416104,D40X55DRS3: 1077,1VR3240MHP1001077
416106,D24X40III: 2925,1VRX200FTP1002925
416107,TG5000: 50010,1VRM46BE1P1050010
416108,D10X15III: 2848,1VRA130VJP1002848
416109,SC30TX: 6131,1VRC070NVP1006131
416110,RTX1250I2: 802,1VRR1429KP1000802
416111,RTX250: 3180,1VRD070DLP1003180
416112,RTX450: 6439,1VR4202UPP1006439
416114,PD10: 3471,1VRB100ZKP1003471
416116,D23X30III: 2719,1VRN2007CP1002719
416117,SC30TX: 6132,1VRC070NAP1006132
416119,D40X55III: 1834,1VRY200GEP1001834
416120,D10X15III: 2849,1VRA130VCP1002849
416122,BC700XL: 51357,1VRA10ALXP1051357
416123,PD10R: 1391,1VRR1008VP1001391
416126,D10X15III: 2850,1VRA130VKP1002850
416128,D23X30III: 2720,1VRN2007KP1002720
416132,RTX750: 4068,1VR9112MPM1004068
416137,D24X40III: 2926,1VRX200FPP1002926
416169,D10X15III: 2851,1VRA130VJP1002851
416170,BC700XL: 51358,1VRA10AL1P1051358
416172,BC1000XL: 52126,1VRD11AC3P1052126
416173,D23X30III: 2721,1VRN2007JP1002721
416186,MY_TESTBOX,LHP-ASSETID-416186
416219,BC1000XL: 52128,1VRD11AC7P1052128
416220,D24X40III: 2927,1VRX200FKP1002927
416239,D10X15III: 2852,1VRA130VCP1002852
416256,PD10: 3472,1VRB100ZJP1003472
416258,BC700XL: 51360,1VRA10ALXP1051360
416259,D23X30III: 2722,1VRN2007CP1002722
416260,BC1000XL: 52127,1VRD11AC5P1052127
416261,RTX450: 6436,1VR4202UEP1006436
416265,D8X12: 1146,1VR7130SPP1001146
416267,D24X40III: 2928,1VRX200FJP1002928
416269,PD10R: 1392,1VRR1008AP1001392
416270,D10X15III: 2853,1VRA130VVP1002853
416271,BC1000XL: 52129,1VRD11AC9P1052129
416275,D10X15III: 2854,1VRA130VAP1002854
416276,BC700XL: 51362,1VRA10AL3P1051362
416277,RTX550: 4113,1VR91125EP1004113
416278,PD10R: 1393,1VRR1008LP1001393
416280,D20X22III: 3267,1VRA170VLP1003267
416281,SC30TX: 6138,1VRC070NPP1006138
416283,RTX550: 4015,1VR91125PM1004015
416285,PD10: 3473,1VRB100ZCP1003473
416287,BC700XL: 51363,1VRA10AL5P1051363
416288,BC1000XL: 52142,1VRD11AC1P1052142
416294,D23X30III: 4004,1VRN2007VP1004004
416301,D100X140S3: 340,1VRB360WLP1000340
416303,BC700XL: 51364,1VRA10AL7P1051364
416304,BC700XL: 51365,1VRA10AL9P1051365
416306,RTX1250I2: 805,1VRR1429VP1000805
416307,D10X15III: 2855,1VRA130VLP1002855
416309,D24X40III: 2929,1VRX200FCP1002929
416312,D10X15III: 2856,1VRA130VHP1002856
416315,PD10R SN1394,1VRR100HP1001394
416316,RTX250: 3186,1VRD070DKP1003186
416317,BC700XL: 51366,1VRA10AL0P1051366
416318,D23X30III: 4005,1VRN2007AP1004005
416319,D10X15III: 2857,1VRA130VEP1002857
416321,PD10: 3474,1VRB100ZVP1003474
416323,SC30TX: 6140,1VRC070NTP1006140
416326,D10X15III: 2858,1VRA130VCP1002858
416328,BC1000XL: 52150,1VRD11AC0P1052150
416330,SC30TX: 6133,1VRC070NLP1006133
416342,D23X30III: 4006,1VRN2007LP1004006
416348,BC700XL: 51367,1VRA10AL2P1051367
416349,D40X55III: 1835,1VRY200GCP1001835
416351,D10X15III: 2859,1VRA130VTP1002859
416361,D24X40III: 2930,1VRX200FKP1002930
416362,D10X15III: 2860,1VRA130VEP1002860
416363,TG7000: 50008,1VRM46BF2P1050008
416367,PD10R: 1395,1VRR1008EP1001395
416369,BC700XL: 51368,1VRA10AL4P1051368
416370,D23X30III: 4007,1VRN2007HP1004007
416372,BC700XL: 51369,1VRA10AL6P1051369
416373,D20X22III: 3268,1VRA170VHP1003268
416375,D24X40III: 2931,1VRX200FJP1002931
416377,PD5R: 217,1VR6120RAP1000217
416381,D8X12: 1147,1VR7130SKP1001147
416386,SC30TX: 6142,1VRC070NKP1006142
416387,D23X30III: 4008,1VRN2007EP1004008
416393,D24X40III: 2932,1VRX200FCP1002932
416394,D20X22III: 3269,1VRA170VEP1003269
416396,BC1000XL: 51757,1VRD11AC4N1051757
416403,D10X15III: 2861,1VRA130VCP1002861
416429,D23X30III: 4009,1VRN2007CP1004009
416430,PD10: 3475,1VRB100ZAP1003475
416431,D20X22III: 3270,1VRA170VLP1003270
416437,BC700XL: 51370,1VRA10AL2P1051370
416439,D40X55III: 1836,1VRY200GTP1001836
416445,RTX250: 3190,1VRD070DJP1003190
416446,D24X40III: 2933,1VRX200FVP1002933
416447,PD10R: 1396,1VRR1008CP1001396
416448,MX300D: 125,1VRK0604EPF000125
416451,PD10R: 1397,1VRR1008TP1001397
416453,D20X22III: 3271,1VRA170VHP1003271
416455,D23X30III: 2723,1VRN2007VP1002723
416462,PD10: 3476,1VRB100ZLP1003476
416463,D10X15III: 2862,1VRA130VTP1002862
416464,D100X140S3: 338,1VRB360WCN1000338
416486,D20X22III: 3272,1VRA170VEP1003272
416488,BC1500: 51221,1VRD18AE0P1051221
416491,PD10R: 1398,1VRR1008PP1001398
416495,D24X40III: 2934,1VRX200FAP1002934
416498,D23X30III: 2724,1VRN2007AP1002724
416506,D20X22III: 3273,1VRA170VCP1003273
416509,PD10: 3477,1VRB100ZHP1003477
416524,D24X40III: 2935,1VRX200FLP1002935
416525,D10X15III: 2863,1VRA130VPP1002863
416526,RTX1250I2: 809,1VRR1429EP1000809
416527,BC700XL: 51377,1VRA10AL5P1051377
416530,PD10R: 1399,1VRR1008KP1001399
416531,D23X30III: 2725,1VRN2007LP1002725
416532,BC700XL: 51378,1VRA10AL7P1051378
416533,D20X22III: 3274,1VRA170VTP1003274
416534,BC700XL: 51379,1VRA10AL9P1051379
416542,D24X40III: 2936,1VRX200FHP1002936
416543,D20X22III: 3275,1VRA170VPP1003275
416546,PD10: 3478,1VRB100ZEP1003478
416548,D23X30III: 2726,1VRN2007HP1002726
416549,BC1500: 6029,1VR2161V2E1006029
416550,BC700XL: 51380,1VRA10AL5P1051380
416551,PD10R: 1400,1VRR1008EP1001400
416553,D24X40III: 2937,1VRX200FEP1002937
416554,BC700XL: 51381,1VRA10AL7P1051381
416555,D10X15III: 2864,1VRA130VKP1002864
416558,BC700XL: 51382,1VRA10AL9P1051382
416559,Truck #21 Baton Rouge Service Truck,1FDUF5GT9JEC67750
416560,D40X55III: 1837,1VRY200GPP1001837
416561,D20X22III: 3276,1VRA170VKP1003276
416562,HG4000G2: 50010,1VRJ32A15P1050010
416563,PD10: 3479,1VRB100ZCP1003479
416565,BC700XL: 51383,1VRA10AL0P1051383
416572,D23X30III: 2727,1VRN2007EP1002727
416581,D20X22III: 3277,1VRA170VJP1003277
416584,PD10R: 1401,1VRR1008CP1001401
416598,BC700XL: 51384,1VRA10AL2P1051384
416603,D10X15III: 2865,1VRA130VJP1002865
416604,D24X40III: 2938,1VRX200FCP1002938
416605,BC700XL: 51385,1VRA10AL4P1051385
416613,SC292: 2261,1VRF102YPP1002261
416614,D40X55III: 1838,1VRY240GHP1001838
416616,D20X22III: 3278,1VRA170VCP1003278
416617,BC700XL: 51386,1VRA10AL6P1051386
416622,RTX750: 4304,1VR9112MKP1004304
416623,D10X15III: 2866,1VRA130VCP1002866
416624,D24X40III: 2939,1VRX200FTP1002939
416626,D23X30III: 2728,1VRN2007CP1002728
416631,PD10: 3480,1VRB100ZHP1003480
416632,D40X55DRS3: 1078,1VR3240MEP1001078
416634,RTX250: 3196,1VRD070DEP1003196
416639,BC700XL: 51387,1VRA10AL8P1051387
416640,D20X22III: 3279,1VRA170VVP1003279
416641,BC700XL: 51388,1VRA10ALXP1051388
416642,D40X55III: 1839,1VRY240GEP1001839
416644,D10X15III: 2867,1VRA130VVP1002867
416649,D24X40III: 2940,1VRX200FEP1002940
416651,D20X22III: 3280,1VRA170VJP1003280
416653,D8X12: 1148,1VR7130SJP1001148
416654,D10X15III: 2868,1VRA130VAP1002868
416657,D23X30III: 2729,1VRN2007TP1002729
416658,SC30TX: 6156,1VRC070NKP1006156
416659,PD10R: 1402,1VRR1008TP1001402
416660,D24X40III: 2941,1VRX200FCP1002941
416661,RTX1250I2: 782,1VRR1429PP1000782
416663,BC700XL: 51389,1VRA10AL1P1051389
416664,SC30TX: 6158,1VRC070NCP1006158
416665,D10X15III: 2869,1VRA130VLP1002869
416668,BC700XL: 51390,1VRA10AL8P1051390
416669,D20X22III: 3282,1VRA170VVP1003282
416671,D10X15III: 2870,1VRA130VVP1002870
416672,D20X22III: 3281,1VRA170VCP1003281
416675,SC252: 16740,1VRN071F8C1016740
416676,D20X22III: 3283,1VRA170VAP1003283
416677,D23X30III: 2730,1VRN2007EP1002730
416679,BC700XL: 51391,1VRA10ALXP1051391
416681,D24X40III: 2942,1VRX200FTP1002942
416682,SC30TX: 6155,1VRC070NPP1006155
416683,SC30TX: 6160,1VRC070NJP1006160
416686,D10X15III: 2871,1VRA130VAP1002871
416687,BC700XL: 51392,1VRA10AL1P1051392
416690,RTX250: 3199,1VRD070DPP1003199
416691,D23X30III: 2731,1VRN2007CP1002731
416694,T1055III: 595,1VR2230TKP1000595
416695,D20X22III: 3284,1VRA170VLP1003284
416696,PD5R: 218,1VR6120RLP1000218
416697,D24X40III: 2943,1VRX200FPP1002943
416705,D10X15III: 2872,1VRA130VLP1002872
416708,D23X30III: 2732,1VRN2007TP1002732
416710,PD10R: 1403,1VRR1008PP1001403
416711,PD10R: 1404,1VRR1008KP1001404
416712,D20X22III: 3285,1VRA170VHP1003285
416713,BC700XL: 51393,1VRA10AL3P1051393
416714,SC30TX: 6162,1VRC070NVP1006162
416716,D24X40III: 2944,1VRX200FKP1002944
416717,PD10: 3481,1VRB100ZEP1003481
416728,BC700XL: 51394,1VRA10AL5P1051394
416729,BC1500: 51222,1VRD18AE2P1051222
416732,D10X15III: 2873,1VRA130VHP1002873
416733,HG6800TX: 1063,1VRK4804CP1001063
416738,D40X55III: 1840,1VRY240GLP1001840
416741,PD10R: 1405,1VRR1008JP1001405
416742,BC700XL: 51395,1VRA10AL7P1051395
416744,SC30TX: 6164,1VRC070NLP1006164
416745,D20X22III: 3286,1VRA170VEP1003286
416746,PD10: 3482,1VRB100ZCP1003482
416747,D23X30III: 2733,1VRN2007PP1002733
416748,PD10R: 1406,1VRR1008CP1001406
416749,BC700XL: 51396,1VRA10AL9P1051396
416752,BC700XL: 4518,1VRC101V7M1004518
416762,D24X40III: 2945,1VRX200FJP1002945
416763,D8X12: 1149,1VR7130SCP1001149
416766,BC700XL: 51398,1VRA10AL2P1051398
416773,D23X30III: 2734,1VRN2007KP1002734
416775,BC700XL: 51399,1VRA10AL4P1051399
416778,D10X15III: 2874,1VRA130VEP1002874
416780,D24X40III: 2946,1VRX200FCP1002946
416781,D20X22III: 3287,1VRA170VCP1003287
416783,D23X30III: 2735,1VRN2007JP1002735
416784,PD5R: 219,1VR6120RHP1000219
416786,RTX250: 3202,1VRD070DCP1003202
416790,RTX250: 3203,1VRD070DTP1003203
416791,D20X22III: 3288,1VRA170VTP1003288
416793,D40X55III: 1841,1VRY240GHP1001841
416796,D40X55DRS3: 1079,1VR3240MCP1001079
416802,D10X15III: 2875,1VRA130VCP1002875
416803,D23X30III: 2736,1VRN2007CP1002736
416804,PD10R: 1407,1VRR1008VP1001407
416806,RTX250: 3205,1VRD070DKP1003205
416814,D20X22III: 3289,1VRA170VPP1003289
416819,PD10R: 1408,1VRR1008AP1001408
416820,D20X22III: 3290,1VRA170VCP1003290
416822,D10X15III: 2876,1VRA130VTP1002876
416824,SC30TX: 6168,1VRC070NTP1006168
416826,PD10R: 1409,1VRR1008LP1001409
416828,D23X30DRS3: 2002,1VRJ2103HP1002002
416835,D24X40III: 2947,1VRX200FVP1002947
416836,D20X22III: 3291,1VRA170VTP1003291
416837,RTX250: 3207,1VRD070DCP1003207
416841,PD10: 3483,1VRB100ZTP1003483
416842,RTX250: 3208,1VRD070DVP1003208
416845,D23X30III: 2737,1VRN2007VP1002737
416846,D20X22III: 3292,1VRA170VPP1003292
416851,SC30TX: 6171,1VRC070NTP1006171
416857,PD10R: 1410,1VRR1008VP1001410
416859,D20X22III: 3293,1VRA170VKP1003293
416860,D24X40III: 2948,1VRX200FAP1002948
416863,D10X15III: 2877,1VRA130VPP1002877
416864,D40X55III: 1842,1VRY240GEP1001842
416865,135VRT SN021014,0135VRT221014
416867,PD10: 3484,1VRB100ZPP1003484
416872,D20X22III: 3294,1VRA170VJP1003294
416873,*1VRF2700JN1001016*,1VRF2700JN100101
416876,HG6000: 50006,1VRM39A25P1050006
416879,D20X22III: 3295,1VRA170VCP1003295
416881,PD10R: 1411,1VRR1008AP1001411
416882,WC2500TX: 1016,1VRF2700JN1001016
416894,D24X40III: 2949,1VRX200FLP1002949
416897,HG4000G2: 50011,1VRJ32A17P1050011
416904,D20X22III: 3296,1VRA170VVP1003296
416912,SC30TX: 6170,1VRC070NCP1006170
416929,D23X30III: 4010,1VRN2007HP1004010
416930,D20X22III: 3297,1VRA170VAP1003297
416934,D20X22III: 3298,1VRA170VLP1003298
416935,D23X30DRS3: 2003,1VRJ2103EP1002003
416936,PD10R: 1412,1VRR1008LP1001412
416938,FI ATX530 SNV355152 VERMEER,LHP-ASSETID-416938
416942,LS3600: 100,1VRB113W2P1000100
416945,D24X40III: 2950,1VRX200FVP1002950
416948,BC700XL: 51410,1VRA10ALXP1051410
416949,D23X30III: 2738,1VRN2007AP1002738
416952,PD5R: 222,1VR6120RHP1000222
416953,FI ATX530 SNV355153 VERMEER,LHP-ASSETID-416953
416954,D20X22III: 3299,1VRA170VHP1003299
416955,D24X40III: 2951,1VRX200FAP1002951
416956,PD10: 3486,1VRB100ZJP1003486
416961,HG6800TX: 1064,1VRK4804TP1001064
416963,PD10: 3485,1VRB100ZKP1003485
416964,D20X22III: 3300,1VRA170VCP1003300
416966,D40X55III: 1843,1VRY240GCP1001843
416967,PD10R: 1413,1VRR1008HP1001413
416969,D20X22III: 3301,1VRA170VVP1003301
416970,D23X30III: 2739,1VRN2007LP1002739
416971,PD10: 3487,1VRB100ZCP1003487
416975,RTX750: 4052,1VR9112MCM1004052
416978,D20X22III: 3302,1VRA170VAP1003302
416980,PD10R: 1414,1VRR1008EP1001414
416981,D24X40III: 2952,1VRX200FLP1002952
416987,D100X140S3: 342,1VRB360WEP1000342
416989,D23X30III: 2740,1VRN2007VP1002740
416990,PD10R: 1415,1VRR1008CP1001415
416991,Asplundh Fecon 135VRT,21028
416992,D20X22III: 3303,1VRA170VLP1003303
416993,S925TX: 6314,1VRL0705TN1006314
416996,D20X22III: 3304,1VRA170VHP1003304
416997,D24X40III: 2953,1VRX200FHP1002953
416999,BC700XL: 51416,1VRA10AL0P1051416
417001,PD5R: 223,1VR6120REP1000223
417012,D23X30III: 2741,1VRN2007AP1002741
417013,SC30TX: 6184,1VRC070NCP1006184
417015,VX50: 10449,1MV4212MAPG010449
417020,CTX180 SN000099,XXX000099
417024,PD10R: 1416,1VRR1008TP1001416
417025,D23X30DRS3: 2004,1VRJ2103CP1002004
417026,CTX150 SN00100,XXXXX00100
417027,PD10R: 1417,1VRR1008PP1001417
417028,PD5R: 221,1VR6120RLP1000221
417030,D20X22III: 3306,1VRA170VCP1003306
417031,RTX550: 4132,1VR91125TP1004132
417032,SC30TX: 6185,1VRC070NTP1006185
417033,D40X55III: 1844,1VRY240GTP1001844
417034,D20X22III: 3305,1VRA170VEP1003305
417035,PD10: 3449,1VRB100ZTP1003449
417036,PD10R: 1418,1VRR1008KP1001418
417037,SC30TX: 6186,1VRC070NPP1006186
417044,D24X40III: 2954,1VRX200FEP1002954
417045,D20X22III: 3307,1VRA170VTP1003307
417047,PD10: 3489,1VRB100ZAP1003489
417054,PTX42: 420,1VRK0724CP1000420
417055,D20X22III: 3308,1VRA170VPP1003308
417058,SC30TX: 6188,1VRC070NJP1006188
417059,D23X30III: 2742,1VRN2007LP1002742
417060,CTX150 SN00099,XXXXXX00099
417062,CTX180 SN00100,XXXX00100
417065,D20X22III: 3309,1VRA170VKP1003309
417066,D24X40III: 2955,1VRX200FCP1002955
417067,PD10R: 1419,1VRR1008JP1001419
417068,D100X140S3: 343,1VRB360WCP1000343
417069,BC700XL: 51424,1VRA10ALXP1051424
417070,D23X30III: 2743,1VRN2007HP1002743
417071,D20X22III: 3310,1VRA170VTP1003310
417075,SC30TX: 6189,1VRC070NCP1006189
417077,PD10R: 1420,1VRR1008PP1001420
417079,D24X40III: 2956,1VRX200FTP1002956
417080,D20X22III: 3311,1VRA170VPP1003311
417084,RTX750: 4048,1VR9112MEM1004048
417095,D40X55III: 1845,1VRY240GPP1001845
417096,PD10: 3490,1VRB100ZCP1003490
417102,TG5000: 50011,1VRJ40BE3P1050011
417103,D20X22III: 3312,1VRA170VKP1003312
417104,RTX450: 6475,1VR4202UJP1006475
417105,PD10R: 1421,1VRR1008KP1001421
417108,BC700XL: 51400,1VRA10AL7P1051400
417111,D20X22III: 3313,1VRA170VJP1003313
417112,BC1500: 51249,1VRD18AE0P1051249
417114,PD10: 3491,1VRB100ZVP1003491
417115,D23X30III: 2744,1VRN2007EP1002744
417116,BC700XL: 51427,1VRA10AL5P1051427
417117,D24X40III: 2957,1VRX200FPP1002957
417122,D23X30III: 2745,1VRN2007CP1002745
417123,D20X22III: 3314,1VRA170VCP1003314
417124,PTX40: 1112,1VR8072THN1001112
417126,BC1500: 51257,1VRD18AEXP1051257
417127,RTX200: 1681,1VR6071RTP1001681
417130,PD10R: 1422,1VRR1008JP1001422
417144,D20X22III: 3315,1VRA170VVP1003315
417145,D24X40III: 2958,1VRX200FKP1002958
417146,PD10: 3492,1VRB100ZAP1003492
417148,RTX450: 6476,1VR4202UCP1006476
417149,CTX100: 1687,1VRZ080H9K1001687
417150,D8X12: 1150,1VR7130SKP1001150
417152,T755III: 617,1VR2180RKP1000617
417153,PD10R SN1423,1VRR1008CP100423
417155,D23X30DRS3: 2005,1VRJ2103TP1002005
417156,D20X22III: 3316,1VRA170VAP1003316
417158,SC30TX: 6197,1VRC070NEP1006197
417159,D23X30III: 2746,1VRN2007TP1002746
417168,D20X22III: 3317,1VRA170VLP1003317
417170,PD10: 3493,1VRB100ZLP1003493
417171,D40X55DRS3: 1080,1VR3240MHP1001080
417173,SC30TX: 6198,1VRC070NCP1006198
417174,D24X40III: 2959,1VRX200FJP1002959
417175,D20X22III: 3318,1VRA170VHP1003318
417177,PD5R: 224,1VR6120RCP1000224
417183,SC30TX: 6199,1VRC070NTP1006199
417184,135VRT MULCHER,0135VRT221026
417185,D23X30III: 2747,1VRN2007PP1002747
417186,PD10R: 1424,1VRR1008VP1001424
417187,D24X40III: 2960,1VRX200FPP1002960
417190,D20X22III: 3319,1VRA170VEP1003319
417194,RTX750: 4016,1VR9112MXL1004016
417199,BC700XL: 51433,1VRA10AL0P1051433
417201,PD10R: 1425,1VRR1008AP1001425
417213,D20X22III: 3320,1VRA170VLP1003320
417215,HG6000: 50007,1VRM39A27P1050007
417216,PD10R: 1426,1VRR1008LP1001426
417220,D20X22III: 3321,1VRA170VHP1003321
417222,D23X30III: 2748,1VRN2007KP1002748
417223,SC30TX: 6201,1VRC070NHP1006201
417224,PD5R: 225,1VR6120RTP1000225
417225,PD10R: 1223,1VRR1008KN1001223
417226,PTX40: 2013,1VR8072TKP1002013
417227,HG4000G2: 50012,1VRJ32A19P1050012
417228,D20X22III: 3322,1VRA170VEP1003322
417229,PD10: 3494,1VRB100ZHP1003494
417233,SC30TX: 6203,1VRC070NCP1006203
417234,SPX25: 3019,1VR9070UVP1003019
417235,RTX450: 6478,1VR4202UAP1006478
417237,D40X55III: 1846,1VRY200GLP1001846
417242,D23X30III: 2749,1VRN2007JP1002749
417243,D23X30III: 2750,1VRN2007PP1002750
417244,D20X22III: 3323,1VRA170VCP1003323
417246,D24X40III: 2961,1VRX200FKP1002961
417247,SC30TX: 6204,1VRC070NTP1006204
417249,BC700XL: 51436,1VRA10AL6P1051436
417250,PD10R: 1428,1VRR1008EP1001428
417256,D24X40III: 2962,1VRX200FJP1002962
417257,SC30TX: 6205,1VRC070NPP1006205
417259,D20X22III: 3324,1VRA170VTP1003324
417260,PD10: 3495,1VRB100ZEP1003495
417263,SC30TX: 6206,1VRC070NKP1006206
417269,D23X30III: 2751,1VRN2007KP1002751
417281,HG6800TX SN000113 Geometris,LHP-ASSETID-417281
417307,SC30TX: 6207,1VRC070NJP1006207
417311,D24X40III: 2963,1VRX200FCP1002963
417312,D40X55DRS3: 1081,1VR3240MEP1001081
417313,RTX450: 6479,1VR4202ULP1006479
417314,D20X22III: 3325,1VRA170VPP1003325
417319,SC852: 2123,1VR7122LVN1002123
417360,CTX160: 890,1VR3080MVN1000890
417362,135VRT SN221030,135VRT SN221030
417363,D23X30III: 2752,1VRN2007JP1002752
417364,PD10R: 1430,1VRR1008HP1001430
417365,D20X22III: 3326,1VRA170VKP1003326
417366,SPX25: 3022,1VR9070UVP1003022
417367,SC30TX: 6208,1VRC070NCP1006208
417368,TG5000: 50012,1VRJ40BE5P1050012
417403,D40X55III: 1847,1VRY200GHP1001847
417404,PD10R: 1431,1VRR1008EP1001431
417407,SC30TX: 6209,1VRC070NVP1006209
417414,D20X22III: 3327,1VRA170VJP1003327
417420,RTX450: 6480,1VR4202UVP1006480
417421,PD10: 3496,1VRB100ZCP1003496
417423,D23X30III: 4011,1VRN2007EP1004011
417424,D20X22III: 3328,1VRA170VCP1003328
417427,PTX42: 427,1VRK0724AP1000427
417434,D24X40III: 2964,1VRX200FVP1002964
417435,SC30TX: 6210,1VRC070NJP1006210
417436,PD10R: 1432,1VRR1008CP1001432
417439,D23X30III: 2753,1VRN2007CP1002753
417441,CS3500: 101,1VRN37173PF000101
417442,BC1500: 51265,1VRD18AE9P1051265
417443,SC30TX: 6211,1VRC070NCP1006211
417446,PD10: 3497,1VRB100ZTP1003497
417465,D24X40III: 2965,1VRX200FAP1002965
417471,D23X30III: 2754,1VRN2007VP1002754
417476,SC30TX: 6212,1VRC070NVP1006212
417477,PD10R: 1434,1VRR1008PP1001434
417479,D24X40III: 2966,1VRX200FLP1002966
417484,PD10R SN001429,1VR1008CP1001429
417485,SC30TX: 6213,1VRC070NAP1006213
417487,D40X55III: 1770,1VRY200GTN1001770
417488,SC30TX: 6214,1VRC070NLP1006214
417489,PD10R: 1435,1VRR1008KP1001435
417491,D23X30III: 4012,1VRN2007CP1004012
417517,SPX25: 3016,1VR9070UKP1003016
417519,D24X40III: 2967,1VRX200FHP1002967
